1.4615368380000e-06;          0
1.5223865660000e-06;          0
1.5420514520000e-06;          0
1.5600505720000e-06;          0
1.5797155350000e-06;          0
1.5993527910000e-06;          0
1.6190179190000e-06;          0
1.6370173140000e-06;          0
1.6566822070000e-06;          0
1.6763193320000e-06;          0
1.6959843820000e-06;          0
1.7139840120000e-06;          0
1.7336490720000e-06;          0
1.7532861290000e-06;          0
1.7729512980000e-06;          0
1.7909547340000e-06;          0
1.8106159540000e-06;          0
1.8302570070000e-06;          0
1.8482803570000e-06;          0
1.8679214770000e-06;          0
1.8875826540000e-06;          0
1.9072237750000e-06;          0
1.9252471950000e-06;          0
1.9448884490000e-06;          0
1.9645494220000e-06;          0
1.9841905630000e-06;          0
2.0022141490000e-06;          0
2.0218552940000e-06;          0
2.0415163540000e-06;          0
2.0611574580000e-06;          0
2.0791807970000e-06;          0
2.0988221190000e-06;          0
2.1184831880000e-06;          0
2.1381242590000e-06;          0
2.1561477450000e-06;          0
2.1757847760000e-06;          0
2.1954499340000e-06;          0
2.2150868290000e-06;          0
2.2331144050000e-06;          0
2.2527514520000e-06;          0
2.2724164190000e-06;          0
2.2920536800000e-06;          0
2.3100812640000e-06;          0
2.3297183300000e-06;          0
2.3493834140000e-06;          0
2.3690205430000e-06;          0
2.3870479560000e-06;          0
2.4066850910000e-06;          0
2.4263502640000e-06;          0
2.4459874450000e-06;          0
2.4640149670000e-06;          0
2.4836519820000e-06;          0
2.5033170720000e-06;          0
2.5213205760000e-06;          0
2.5409817050000e-06;          0
2.5606228020000e-06;          0
2.5802839260000e-06;          0
2.5982873570000e-06;          0
2.6179485550000e-06;          0
2.6375896500000e-06;          0
2.6572506210000e-06;          0
2.6752540250000e-06;          0
2.6949151460000e-06;          0
2.7145563020000e-06;          0
2.7342176010000e-06;          0
2.7522211920000e-06;          0
2.7718822840000e-06;          0
2.7915234240000e-06;          0
2.8111844960000e-06;          0
2.8291878490000e-06;          0
2.8488490340000e-06;          0
2.8684901550000e-06;          0
2.8881512190000e-06;          0
2.9061508030000e-06;          0
2.9258159500000e-06;          0
2.9454530490000e-06;          0
2.9651180120000e-06;          0
2.9831175570000e-06;          0
3.0027826270000e-06;          0
3.0224198030000e-06;          0
3.0420850850000e-06;          0
3.0600845210000e-06;          0
3.0797496340000e-06;          0
3.0993866800000e-06;          0
3.1190517350000e-06;          0
3.1370513540000e-06;          0
3.1567164550000e-06;          0
3.1763536940000e-06;          0
3.1960188360000e-06;          0
3.2140182300000e-06;          0
3.2336833390000e-06;          0
3.2533242240000e-06;          0
3.2713476940000e-06;          0
3.2909888060000e-06;          0
3.3106499590000e-06;          0
3.3302910070000e-06;          0
3.3483144710000e-06;          0
3.3679555750000e-06;          0
3.3876167700000e-06;          0
3.4072578730000e-06;          0
3.4252814150000e-06;          0
3.4449223170000e-06;          0
3.4645836330000e-06;          0
3.4842248240000e-06;          0
3.5022481980000e-06;          0
3.5218893960000e-06;          0
3.5415504900000e-06;          0
3.5611915180000e-06;          0
3.5792150040000e-06;          0
3.5988519840000e-06;          0
3.6185171110000e-06;          0
3.6381542670000e-06;          0
3.6561819270000e-06;          0
3.6758189440000e-06;          0
3.6954840560000e-06;          0
3.7151212530000e-06;          0
3.7331488320000e-06;          0
3.7527858580000e-06;          0
3.7724509250000e-06;          0
3.7920879940000e-06;          0
3.8101154860000e-06;          0
3.8297525030000e-06;          0
3.8494177340000e-06;          0
3.8690549110000e-06;          0
3.8870824000000e-06;          0
3.9067197630000e-06;          0
3.9263849250000e-06;          0
3.9460221300000e-06;          0
3.9640495900000e-06;          0
3.9836907790000e-06;          0
4.0033518580000e-06;          0
4.0213554010000e-06;          0
4.0410165340000e-06;          0
4.0606576580000e-06;          0
4.0803186140000e-06;          0
4.0983222310000e-06;          0
4.1179833960000e-06;          0
4.1376244530000e-06;          0
4.1572858250000e-06;          0
4.1752891620000e-06;          0
4.1949501790000e-06;          0
4.2145912630000e-06;          0
4.2342524040000e-06;          0
4.2522559360000e-06;          0
4.2719170200000e-06;          0
4.2915583080000e-06;          0
4.3112191830000e-06;          0
4.3292187360000e-06;          0
4.3488839210000e-06;          0
4.3685211000000e-06;          0
4.3881862490000e-06;          0
4.4061856900000e-06;          0
4.4258509170000e-06;          0
4.4454879920000e-06;          0
4.4651530800000e-06;          0
4.4831527310000e-06;          0
4.5028178190000e-06;          0
4.5224550180000e-06;          0
4.5421200350000e-06;          0
4.5601195450000e-06;          0
4.5797846050000e-06;          0
4.5994217110000e-06;          0
4.6190870240000e-06;          0
4.6370865330000e-06;          0
4.6567516290000e-06;          0
4.6763926050000e-06;          0
4.6944160020000e-06;          0
4.7140570680000e-06;          0
4.7337182360000e-06;          0
4.7533592930000e-06;          0
4.7713829330000e-06;          0
4.7910240940000e-06;          0
4.8106851950000e-06;          0
4.8303261760000e-06;          0
4.8483497080000e-06;          0
4.8679908630000e-06;          0
4.8876520140000e-06;          0
4.9072929950000e-06;          0
4.9253164310000e-06;          0
4.9449575990000e-06;          0
4.9646186040000e-06;          0
4.9842597370000e-06;          0
5.0022832300000e-06;          0
5.0219244430000e-06;          0
5.0415854130000e-06;          0
5.0612222540000e-06;          0
5.0792496540000e-06;          0
5.0988867580000e-06;          0
5.1185519720000e-06;          0
5.1381889770000e-06;          0
5.1562165640000e-06;          0
5.1758537370000e-06;          0
5.1955188270000e-06;          0
5.2151558810000e-06;          0
5.2331833870000e-06;          0
5.2528203680000e-06;          0
5.2724854510000e-06;          0
5.2921226060000e-06;          0
5.3101499750000e-06;          0
5.3297871020000e-06;          0
5.3494521520000e-06;          0
5.3690892310000e-06;          0
5.3871167890000e-06;          0
5.4067578960000e-06;          0
5.4264191080000e-06;          0
5.4444225720000e-06;          0
5.4640835720000e-06;          0
5.4837247230000e-06;          0
5.5033859040000e-06;          0
5.5213894320000e-06;          0
5.5410505720000e-06;          0
5.5606915180000e-06;          0
5.5803527220000e-06;          0
5.5983561980000e-06;          0
5.6180172870000e-06;          0
5.6376583200000e-06;          0
5.6573195130000e-06;          0
5.6753229960000e-06;          0
5.6949841550000e-06;          0
5.7146251170000e-06;          0
5.7342861270000e-06;          0
5.7522857450000e-06;          0
5.7719508250000e-06;          0
5.7915879260000e-06;          0
5.8112530670000e-06;          0
5.8292525060000e-06;          0
5.8489176010000e-06;          0
5.8685546610000e-06;          0
5.8882198350000e-06;          0
5.9062192690000e-06;          0
5.9258844600000e-06;          0
5.9455214910000e-06;          0
5.9651863540000e-06;          0
5.9831858480000e-06;          0
6.0028509460000e-06;          0
6.0224880740000e-06;          0
6.0421531900000e-06;          0
6.0601527470000e-06;          0
6.0798179010000e-06;          0
6.0994548360000e-06;          0
6.1191200150000e-06;          0
6.1371234540000e-06;          0
6.1567845320000e-06;          0
6.1764256430000e-06;          0
6.1944491650000e-06;          0
6.2140901830000e-06;          0
6.2337513460000e-06;          0
6.2533923010000e-06;          0
6.2714158150000e-06;          0
6.2910568570000e-06;          0
6.3107180310000e-06;          0
6.3303590150000e-06;          0
6.3483823930000e-06;          0
6.3680235100000e-06;          0
6.3876844960000e-06;          0
6.4073258710000e-06;          0
6.4253493530000e-06;          0
6.4449902480000e-06;          0
6.4646514220000e-06;          0
6.4842885830000e-06;          0
6.5023159620000e-06;          0
6.5219529140000e-06;          0
6.5416181910000e-06;          0
6.5612553840000e-06;          0
6.5792829800000e-06;          0
6.5989199060000e-06;          0
6.6185850520000e-06;          0
6.6382221030000e-06;          0
6.6562496090000e-06;          0
6.6758866080000e-06;          0
6.6955458480000e-06;          0
6.7151767150000e-06;          0
6.7331985130000e-06;    -102088
6.7528293670000e-06;    -102088
6.7725007930000e-06;    -202866
6.7921448810000e-06;    -202866
6.8101810890000e-06;    -103977
6.8298317370000e-06;    -103977
6.8495007840000e-06;    -207954
6.8675113520000e-06;    -207954
6.8871839190000e-06;    -308153
6.9068365210000e-06;    -308153
6.9265211510000e-06;    -408352
6.9445467360000e-06;    -408352
6.9642340840000e-06;    -508551
6.9838974000000e-06;    -508551
7.0035940880000e-06;    -606861
7.0216229530000e-06;    -606861
7.0413311380000e-06;    -703282
7.0610157650000e-06;    -703282
7.0790798210000e-06;    -797814
7.0987650550000e-06;    -797814
7.1184803620000e-06;    -890457
7.1381720380000e-06;    -890457
7.1562578830000e-06;    -978012
7.1759590420000e-06;    -978012
7.1956954680000e-06;   -1066877
7.2137643710000e-06;   -1066877
7.2335048050000e-06;   -1153853
7.2532213400000e-06;   -1153853
7.2729727610000e-06;   -1233852
7.2910557390000e-06;   -1233852
7.3108077840000e-06;   -1315161
7.3305361510000e-06;   -1315161
7.3486515650000e-06;   -1394581
7.3683886500000e-06;   -1394581
7.3881500660000e-06;   -1468913
7.4062417470000e-06;   -1468913
7.4260097840000e-06;   -1544555
7.4457535740000e-06;   -1544555
7.4638829490000e-06;   -1615109
7.4836359700000e-06;   -1615109
7.5034176770000e-06;   -1686973
7.5215282150000e-06;   -1686973
7.5413136670000e-06;   -1757527
7.5610796020000e-06;   -1757527
7.5792181140000e-06;   -1822414
7.5989805840000e-06;   -1822414
7.6187795540000e-06;   -1890500
7.6369061380000e-06;   -1890500
7.6567012550000e-06;   -1953498
7.6764763010000e-06;   -1953498
7.6946295710000e-06;   -2016496
7.7144086580000e-06;   -2016496
7.7342201430000e-06;   -2078915
7.7523537440000e-06;   -2078915
7.7721728990000e-06;   -2138135
7.7919683420000e-06;   -2138135
7.8101386970000e-06;   -2195466
7.8299402960000e-06;   -2195466
7.8497647040000e-06;   -2254107
7.8679177060000e-06;   -2254107
7.8877479040000e-06;   -2307660
7.9075544940000e-06;   -2307660
7.9257407980000e-06;   -2361213
7.9455512650000e-06;   -2361213
7.9653910020000e-06;   -2412877
7.9835505540000e-06;   -2412877
8.0033930600000e-06;   -2462652
8.0215552460000e-06;   -2462652
8.0414011050000e-06;   -2510538
8.0612229230000e-06;   -2510538
8.0794197760000e-06;   -2559734
8.0992504490000e-06;   -2559734
8.1174498590000e-06;   -2607620
8.1372832000000e-06;   -2607620
8.1571349360000e-06;   -2653617
8.1753131130000e-06;   -2653617
8.1951659700000e-06;   -2697725
8.2149987410000e-06;   -2697725
8.2332044340000e-06;   -2739944
8.2530447670000e-06;   -2739944
8.2712506450000e-06;   -2782163
8.2910904950000e-06;   -2782163
8.3109565300000e-06;   -2826271
8.3291482300000e-06;   -2826271
8.3490151070000e-06;   -2866601
8.3688618500000e-06;   -2866601
8.3870791020000e-06;   -2906931
8.4069318190000e-06;   -2906931
8.4251481520000e-06;   -2945372
8.4449996210000e-06;   -2945372
8.4648760660000e-06;   -2985702
8.4830772150000e-06;   -2985702
8.5029626730000e-06;   -3022254
8.5228247060000e-06;   -3022254
8.5410622610000e-06;   -3058806
8.5609287030000e-06;   -3058806
8.5791641410000e-06;   -3095358
8.5990281040000e-06;   -3095358
8.6189240720000e-06;   -3128132
8.6371393920000e-06;   -3128132
8.6570342010000e-06;   -3160906
8.6752518550000e-06;   -3160906
8.6951428890000e-06;   -3190481
8.7150137120000e-06;   -3190481
8.7332580310000e-06;   -3221366
8.7531366670000e-06;   -3221366
8.7730386550000e-06;   -3252251
8.7912549840000e-06;   -3252251
8.8111587300000e-06;   -3283136
8.8293767930000e-06;   -3283136
8.8492827880000e-06;   -3310243
8.8675071270000e-06;   -3310243
8.8874128410000e-06;   -3341128
8.9072988660000e-06;   -3341128
8.9255484110000e-06;   -3368814
8.9454363940000e-06;   -3368814
8.9636868590000e-06;   -3395921
8.9835715670000e-06;   -3395921
9.0034881920000e-06;   -3423028
9.0217184980000e-06;   -3423028
9.0416357760000e-06;   -3450135
9.0598704330000e-06;   -3450135
9.0797939000000e-06;   -3475353
9.0996979880000e-06;   -3475353
9.1179563700000e-06;   -3499261
9.1378494440000e-06;   -3499261
9.1561108720000e-06;   -3524479
9.1760031250000e-06;   -3524479
9.1959332750000e-06;   -3545919
9.2141799210000e-06;   -3545919
9.2341049470000e-06;   -3569248
9.2523461200000e-06;   -3569248
9.2722773710000e-06;   -3591267
9.2921806690000e-06;   -3591267
9.3104507850000e-06;   -3612707
9.3303563910000e-06;   -3612707
9.3486301360000e-06;   -3632258
9.3685407270000e-06;   -3632258
9.3884766840000e-06;   -3652388
9.4067244650000e-06;   -3652388
9.4266615010000e-06;   -3673828
9.4449144260000e-06;   -3673828
9.4648457950000e-06;   -3691490
9.4830929280000e-06;   -3691490
9.5030352710000e-06;   -3709731
9.5229497540000e-06;   -3709731
9.5412288530000e-06;   -3729282
9.5611441740000e-06;   -3729282
9.5794201420000e-06;   -3748833
9.5993324120000e-06;   -3748833
9.6176099990000e-06;   -3763296
9.6375198360000e-06;   -3763296
9.6574633100000e-06;   -3782847
9.6757222520000e-06;   -3782847
9.6956696730000e-06;   -3798620
9.7139318460000e-06;   -3798620
9.7338796650000e-06;   -3816861
9.7521419170000e-06;   -3816861
9.7720860890000e-06;   -3834523
9.7920101380000e-06;   -3834523
9.8102901170000e-06;   -3848407
9.8302067050000e-06;   -3848407
9.8484955540000e-06;   -3862870
9.8684218420000e-06;   -3862870
9.8867120940000e-06;   -2901096
9.9066403770000e-06;   -2901096
9.9265268610000e-06;   -2904711
9.9447266450000e-06;   -2904711
9.9646015920000e-06;   -2908655
9.9844481160000e-06;   -2908655
1.0002669016000e-05;   -2911653
1.0022517400000e-05;   -2911653
1.0040739498000e-05;   -2919519
1.0060589016000e-05;   -2919519
1.0080469469000e-05;   -2929130
1.0098670390000e-05;   -2929130
1.0118550713000e-05;   -2938268
1.0136755293000e-05;   -2938268
1.0156639229000e-05;   -2947406
1.0176503296000e-05;   -2947406
1.0194725476000e-05;   -2956544
1.0214582763000e-05;   -2956544
1.0232807798000e-05;   -2965209
1.0252668872000e-05;   -2965209
1.0272546562000e-05;   -2973403
1.0290748538000e-05;   -2973403
1.0310629355000e-05;   -2982069
1.0330486195000e-05;   -2982069
1.0348718345000e-05;   -2990734
1.0368578917000e-05;   -2990734
1.0388460948000e-05;   -2999400
1.0406658958000e-05;   -2999400
1.0426543974000e-05;   -3008066
1.0444745209000e-05;   -3008066
1.0464633585000e-05;   -3016732
1.0484494144000e-05;   -3016732
1.0502729654000e-05;   -3025397
1.0522597755000e-05;   -3025397
1.0540832305000e-05;   -3033736
1.0560704032000e-05;   -3033736
1.0578932592000e-05;   -3041929
1.0598797099000e-05;   -3041929
1.0618684602000e-05;   -3050123
1.0636896045000e-05;   -3050123
1.0656780628000e-05;   -3057844
1.0676640901000e-05;   -3057844
1.0694875656000e-05;   -3066037
1.0714738975000e-05;   -3066037
1.0734633462000e-05;   -3074231
1.0752843352000e-05;   -3074231
1.0772731249000e-05;   -3082424
1.0790934598000e-05;   -3082424
1.0810825420000e-05;   -3090618
1.0829035752000e-05;   -3090618
1.0848925784000e-05;   -3098012
1.0868796147000e-05;   -3098012
1.0887032162000e-05;   -3106677
1.0906905241000e-05;   -3106677
1.0925144627000e-05;   -3114871
1.0945021237000e-05;   -3114871
1.0964910962000e-05;   -3122592
1.0983119927000e-05;   -3122592
1.1003016444000e-05;   -3130313
1.1022884970000e-05;   -3130313
1.1041127387000e-05;   -3138035
1.1060999039000e-05;   -3138035
1.1079238452000e-05;   -3145756
1.1099110297000e-05;   -3145756
1.1119005275000e-05;   -3153477
1.1137223132000e-05;   -3153477
1.1157121187000e-05;   -3160871
1.1175342107000e-05;   -3160871
1.1195233084000e-05;   -3168592
1.1215099913000e-05;   -3168592
1.1233340597000e-05;   -3175841
1.1253210335000e-05;   -3175841
1.1271453709000e-05;   -3183090
1.1291326380000e-05;   -3183090
1.1311230009000e-05;   -3190811
1.1329452141000e-05;   -3190811
1.1349354806000e-05;   -3198533
1.1367579891000e-05;   -3198533
1.1387475760000e-05;   -3205926
1.1407351136000e-05;   -3205926
1.1425592046000e-05;   -3213175
1.1445466465000e-05;   -3213175
1.1465371724000e-05;   -3219952
1.1483591487000e-05;   -3219952
1.1503492785000e-05;   -3227673
1.1521708755000e-05;   -3227673
1.1541612972000e-05;   -3234922
1.1559835762000e-05;   -3234922
1.1579738892000e-05;   -3242171
1.1599622167000e-05;   -3242171
1.1617860987000e-05;   -3249093
1.1637736636000e-05;   -3249093
1.1655977656000e-05;   -3256342
1.1675852323000e-05;   -3256342
1.1695757690000e-05;   -3263119
1.1713977491000e-05;   -3263119
1.1733885743000e-05;   -3270368
1.1752111978000e-05;   -3270368
1.1772019027000e-05;   -3277617
1.1791906048000e-05;   -3277617
1.1810157662000e-05;   -3284538
1.1830047719000e-05;   -3284538
1.1848292732000e-05;   -3291315
1.1868171249000e-05;   -3291315
1.1888080210000e-05;   -3298092
1.1906303374000e-05;   -3298092
1.1926215246000e-05;   -3304396
1.1944445036000e-05;   -3304396
1.1964349024000e-05;   -3311173
1.1984232461000e-05;   -3311173
1.2002480603000e-05;   -3317622
1.2022366840000e-05;   -3317622
1.2040617556000e-05;   -3324399
1.2060502397000e-05;   -3324399
1.2080417901000e-05;   -3331176
1.2098646858000e-05;   -3331176
1.2118555222000e-05;   -3337952
1.2136781210000e-05;   -3337952
1.2156687790000e-05;   -3344729
1.2176574373000e-05;   -3344729
1.2194825384000e-05;   -3350706
1.2214710724000e-05;   -3350706
1.2234626482000e-05;   -3357483
1.2252855788000e-05;   -3357483
1.2272774242000e-05;   -3364260
1.2291010095000e-05;   -3364260
1.2310927398000e-05;   -3370564
1.2329165887000e-05;   -3370564
1.2349075736000e-05;   -3376541
1.2368961108000e-05;   -3376541
1.2387218365000e-05;   -3382373
1.2407106343000e-05;   -3382373
1.2425365587000e-05;   -3388206
1.2445260000000e-05;   -3388206
1.2465169850000e-05;   -3394982
1.2483401052000e-05;   -3394982
1.2503313301000e-05;   -3400959
1.2521543215000e-05;   -3400959
1.2541461892000e-05;   -3407264
1.2561352566000e-05;   -3407264
1.2579614837000e-05;   -3413096
1.2599512145000e-05;   -3413096
1.2617763557000e-05;   -3419401
1.2637652798000e-05;   -3419401
1.2655905870000e-05;   -3425705
1.2675797466000e-05;   -3425705
1.2695711820000e-05;   -3431210
1.2713943563000e-05;   -3431210
1.2733864079000e-05;   -3437514
1.2753756536000e-05;   -3437514
1.2772020562000e-05;   -3443819
1.2791919623000e-05;   -3443819
1.2810181810000e-05;   -3450123
1.2830079471000e-05;   -3450123
1.2850007208000e-05;   -3455628
1.2868247722000e-05;   -3455628
1.2888167917000e-05;   -3461460
1.2906405189000e-05;   -3461460
1.2926323580000e-05;   -3466820
1.2944562863000e-05;   -3466820
1.2964483420000e-05;   -3472325
1.2984380009000e-05;   -3472325
1.3002647390000e-05;   -3478157
1.3022546323000e-05;   -3478157
1.3040810090000e-05;   -3483990
1.3060708246000e-05;   -3483990
1.3078969474000e-05;   -3489350
1.3098869889000e-05;   -3489350
1.3118792419000e-05;   -3494382
1.3137031750000e-05;   -3494382
1.3156950489000e-05;   -3500214
1.3175186150000e-05;   -3500214
1.3195102709000e-05;   -3506047
1.3214999559000e-05;   -3506047
1.3233259475000e-05;   -3511407
1.3253154465000e-05;   -3511407
1.3273079801000e-05;   -3517384
1.3291317798000e-05;   -3517384
1.3311245417000e-05;   -3523216
1.3329489484000e-05;   -3523216
1.3349415535000e-05;   -3528576
1.3367661915000e-05;   -3528576
1.3387590047000e-05;   -3534081
1.3407494275000e-05;   -3534081
1.3425768674000e-05;   -3539441
1.3445679238000e-05;   -3539441
1.3463942448000e-05;   -3544801
1.3483844566000e-05;   -3544801
1.3502109206000e-05;   -3549688
1.3522009686000e-05;   -3549688
1.3541939837000e-05;   -3554249
1.3560182691000e-05;   -3554249
1.3580114767000e-05;   -3559609
1.3598363123000e-05;   -3559609
1.3618286793000e-05;   -3564969
1.3638186235000e-05;   -3564969
1.3656456202000e-05;   -3570001
1.3676357806000e-05;   -3570001
1.3694629538000e-05;   -3574889
1.3714537217000e-05;   -3574889
1.3732806669000e-05;   -3580249
1.3752716141000e-05;   -3580249
1.3772637649000e-05;   -3585281
1.3790875721000e-05;   -3585281
1.3810802856000e-05;   -3590169
1.3829046660000e-05;   -3590169
1.3848971941000e-05;   -3595529
1.3868877154000e-05;   -3595529
1.3887144682000e-05;   -3600889
1.3907048198000e-05;   -3600889
1.3925321737000e-05;   -3605922
1.3945227345000e-05;   -3605922
1.3965163036000e-05;   -3611282
1.3983414593000e-05;   -3611282
1.4003348467000e-05;   -3616642
1.4021597829000e-05;   -3616642
1.4041537931000e-05;   -3621202
1.4061449876000e-05;   -3621202
1.4079722157000e-05;   -3626090
1.4099629497000e-05;   -3626090
1.4117898744000e-05;   -3630505
1.4137804318000e-05;   -3630505
1.4156079269000e-05;   -3634593
1.4175986485000e-05;   -3634593
1.4195923322000e-05;   -3639481
1.4214175764000e-05;   -3639481
1.4234110470000e-05;   -3644841
1.4252360670000e-05;   -3644841
1.4272294929000e-05;   -3649401
1.4292200962000e-05;   -3649401
1.4310476589000e-05;   -3653817
1.4330388425000e-05;   -3653817
1.4348661694000e-05;   -3658232
1.4368571225000e-05;   -3658232
1.4386850224000e-05;   -3663265
1.4406761696000e-05;   -3663265
1.4426702894000e-05;   -3667680
1.4444959692000e-05;   -3667680
1.4464889058000e-05;   -3672568
1.4483133767000e-05;   -3672568
1.4503068424000e-05;   -3676656
1.4522975171000e-05;   -3676656
1.4541251233000e-05;   -3681071
1.4561163617000e-05;   -3681071
1.4579437514000e-05;   -3685959
1.4599347890000e-05;   -3685959
1.4617627739000e-05;   -3690519
1.4637539880000e-05;   -3690519
1.4657482031000e-05;   -3695407
1.4675739426000e-05;   -3695407
1.4695679565000e-05;   -3699823
1.4713934693000e-05;   -3699823
1.4733880652000e-05;   -3704383
1.4752141547000e-05;   -3704383
1.4772084891000e-05;   -3709903
1.4792008250000e-05;   -3709903
1.4810283572000e-05;   -2904730
1.4830195125000e-05;   -2904730
1.4848417448000e-05;   -2908355
1.4868264207000e-05;   -2908355
1.4888140202000e-05;   -2912314
1.4906333087000e-05;   -2912314
1.4926210797000e-05;   -2916426
1.4944409165000e-05;   -2916426
1.4964284422000e-05;   -2925124
1.4984139819000e-05;   -2925124
1.5002362806000e-05;   -2934783
1.5022221617000e-05;   -2934783
1.5040448088000e-05;   -2943989
1.5060310754000e-05;   -2943989
1.5080187120000e-05;   -2952740
1.5098387575000e-05;   -2952740
1.5118266905000e-05;   -2961980
1.5138126467000e-05;   -2961980
1.5156353590000e-05;   -2970293
1.5176212818000e-05;   -2970293
1.5196096583000e-05;   -2979567
1.5214296422000e-05;   -2979567
1.5234184015000e-05;   -2988387
1.5252387248000e-05;   -2988387
1.5272268276000e-05;   -2996751
1.5292121007000e-05;   -2996751
1.5310348956000e-05;   -3005604
1.5330205025000e-05;   -3005604
1.5348436090000e-05;   -3014474
1.5368295396000e-05;   -3014474
1.5388186452000e-05;   -3023833
1.5406397303000e-05;   -3023833
1.5426288270000e-05;   -3031938
1.5444502433000e-05;   -3031938
1.5464386699000e-05;   -3040858
1.5484250514000e-05;   -3040858
1.5502481394000e-05;   -3049322
1.5522348811000e-05;   -3049322
1.5540576648000e-05;   -3057330
1.5560436507000e-05;   -3057330
1.5580327538000e-05;   -3065826
1.5598534223000e-05;   -3065826
1.5618428540000e-05;   -3074337
1.5638295178000e-05;   -3074337
1.5656526913000e-05;   -3083337
1.5676386157000e-05;   -3083337
1.5694620772000e-05;   -3091882
1.5714487944000e-05;   -3091882
1.5734378267000e-05;   -3099642
1.5752592063000e-05;   -3099642
1.5772485729000e-05;   -3108217
1.5790702588000e-05;   -3108217
1.5810599800000e-05;   -3116807
1.5830477157000e-05;   -3116807
1.5848710993000e-05;   -3125414
1.5868577123000e-05;   -3125414
1.5888474698000e-05;   -3133092
1.5906687229000e-05;   -3133092
1.5926588032000e-05;   -3141257
1.5944803538000e-05;   -3141257
1.5964701046000e-05;   -3149437
1.5982917362000e-05;   -3149437
1.6002813783000e-05;   -3157305
1.6022690304000e-05;   -3157305
1.6040923211000e-05;   -3165042
1.6060792524000e-05;   -3165042
1.6079027679000e-05;   -3173265
1.6098895920000e-05;   -3173265
1.6118795444000e-05;   -3181031
1.6137010125000e-05;   -3181031
1.6156912898000e-05;   -3189757
1.6176787710000e-05;   -3189757
1.6195036118000e-05;   -3198026
1.6214918499000e-05;   -3198026
1.6233156812000e-05;   -3206310
1.6253032291000e-05;   -3206310
1.6271273283000e-05;   -3213338
1.6291152003000e-05;   -3213338
1.6311053273000e-05;   -3221177
1.6329273199000e-05;   -3221177
1.6349174992000e-05;   -3229030
1.6369048558000e-05;   -3229030
1.6387295828000e-05;   -3237370
1.6407172631000e-05;   -3237370
1.6425422747000e-05;   -3244781
1.6445306945000e-05;   -3244781
1.6463546952000e-05;   -3252349
1.6483423836000e-05;   -3252349
1.6503323553000e-05;   -3260258
1.6521541749000e-05;   -3260258
1.6541448622000e-05;   -3267710
1.6561327795000e-05;   -3267710
1.6579579657000e-05;   -3275647
1.6599461769000e-05;   -3275647
1.6617716651000e-05;   -3283598
1.6637605907000e-05;   -3283598
1.6655850636000e-05;   -3291563
1.6675732604000e-05;   -3291563
1.6695637676000e-05;   -3298742
1.6713861003000e-05;   -3298742
1.6733773032000e-05;   -3305790
1.6753657399000e-05;   -3305790
1.6771907878000e-05;   -3313794
1.6791787982000e-05;   -3313794
1.6810041035000e-05;   -3320867
1.6829928191000e-05;   -3320867
1.6848179787000e-05;   -3328426
1.6868069998000e-05;   -3328426
1.6887973163000e-05;   -3335670
1.6906194305000e-05;   -3335670
1.6926103910000e-05;   -3343255
1.6945985606000e-05;   -3343255
1.6964239801000e-05;   -3350380
1.6984128675000e-05;   -3350380
1.7002381888000e-05;   -3357990
1.7022273577000e-05;   -3357990
1.7040529505000e-05;   -3365285
1.7060420144000e-05;   -3365285
1.7080341459000e-05;   -3372921
1.7098576115000e-05;   -3372921
1.7118490673000e-05;   -3380098
1.7136722644000e-05;   -3380098
1.7156635845000e-05;   -3386815
1.7176529009000e-05;   -3386815
1.7194786123000e-05;   -3393216
1.7214678132000e-05;   -3393216
1.7234594065000e-05;   -3400899
1.7252823104000e-05;   -3400899
1.7272741702000e-05;   -3407652
1.7290973609000e-05;   -3407652
1.7310895039000e-05;   -3414415
1.7329133776000e-05;   -3414415
1.7349043742000e-05;   -3422135
1.7368933601000e-05;   -3422135
1.7387187719000e-05;   -3428595
1.7407076717000e-05;   -3428595
1.7425337279000e-05;   -3435395
1.7445228615000e-05;   -3435395
1.7465150921000e-05;   -3442677
1.7483390217000e-05;   -3442677
1.7503311342000e-05;   -3449972
1.7521549380000e-05;   -3449972
1.7541477243000e-05;   -3456952
1.7561377003000e-05;   -3456952
1.7579639060000e-05;   -3463798
1.7599535938000e-05;   -3463798
1.7617796136000e-05;   -3470184
1.7637695306000e-05;   -3470184
1.7655957765000e-05;   -3476252
1.7675855404000e-05;   -3476252
1.7695777223000e-05;   -3483131
1.7714011672000e-05;   -3483131
1.7733935671000e-05;   -3490020
1.7752176627000e-05;   -3490020
1.7772099494000e-05;   -3496449
1.7792002636000e-05;   -3496449
1.7810259348000e-05;   -3503033
1.7830150525000e-05;   -3503033
1.7848413280000e-05;   -3509955
1.7868306993000e-05;   -3509955
1.7888231540000e-05;   -3516416
1.7906472975000e-05;   -3516416
1.7926396231000e-05;   -3523832
1.7944636021000e-05;   -3523832
1.7964566009000e-05;   -3530461
1.7984468401000e-05;   -3530461
1.8002741245000e-05;   -3536956
1.8022650196000e-05;   -3536956
1.8040912437000e-05;   -3543461
1.8060813589000e-05;   -3543461
1.8079077839000e-05;   -3549650
1.8098977726000e-05;   -3549650
1.8118907979000e-05;   -3555703
1.8137154622000e-05;   -3555703
1.8157083026000e-05;   -3562238
1.8175331611000e-05;   -3562238
1.8195256229000e-05;   -3569257
1.8215156598000e-05;   -3569257
1.8233427974000e-05;   -3575014
1.8253331341000e-05;   -3575014
1.8271605026000e-05;   -3581580
1.8291514788000e-05;   -3581580
1.8309777535000e-05;   -3587685
1.8329675365000e-05;   -3587685
1.8349603507000e-05;   -3593943
1.8367844140000e-05;   -3593943
1.8387774827000e-05;   -3600067
1.8406021890000e-05;   -3600067
1.8425951140000e-05;   -3606672
1.8445860342000e-05;   -3606672
1.8464132131000e-05;   -3612960
1.8484040182000e-05;   -3612960
1.8502318301000e-05;   -3619586
1.8522232911000e-05;   -3619586
1.8540509169000e-05;   -3625750
1.8560422069000e-05;   -3625750
1.8580355846000e-05;   -3631596
1.8598601037000e-05;   -3631596
1.8618536738000e-05;   -3637307
1.8636788184000e-05;   -3637307
1.8656722178000e-05;   -3643025
1.8676636162000e-05;   -3643025
1.8694905718000e-05;   -3648898
1.8714811010000e-05;   -3648898
1.8733086469000e-05;   -3655106
1.8752998198000e-05;   -3655106
1.8771271951000e-05;   -3661324
1.8791186141000e-05;   -3661324
1.8811122790000e-05;   -3667224
1.8829375001000e-05;   -3667224
1.8849308188000e-05;   -3673461
1.8867557093000e-05;   -3673461
1.8887488056000e-05;   -3679235
1.8907399332000e-05;   -3679235
1.8925672521000e-05;   -3684690
1.8945582117000e-05;   -3684690
1.8963861289000e-05;   -3690952
1.8983777068000e-05;   -3690952
1.9002054706000e-05;   -3697225
1.9021968882000e-05;   -3697225
1.9041913822000e-05;   -3703179
1.9060169660000e-05;   -3703179
1.9080116875000e-05;   -3708998
1.9098379007000e-05;   -3708998
1.9118314587000e-05;   -3714825
1.9138225821000e-05;   -3714825
1.9156506585000e-05;   -3719861
1.9176420054000e-05;   -3719861
1.9194702763000e-05;   -3725231
1.9214622355000e-05;   -3725231
1.9232902861000e-05;   -3731082
1.9252820371000e-05;   -3731082
1.9272761803000e-05;   -3736614
1.9291018435000e-05;   -3736614
1.9310957715000e-05;   -3742481
1.9329216361000e-05;   -3742481
1.9349158072000e-05;   -3747885
1.9369075831000e-05;   -3747885
1.9387362489000e-05;   -3753441
1.9407286639000e-05;   -3753441
1.9425562252000e-05;   -3758860
1.9445473937000e-05;   -3758860
1.9463755058000e-05;   -3764432
1.9483668946000e-05;   -3764432
1.9503612932000e-05;   -3769867
1.9521872329000e-05;   -3769867
1.9541814622000e-05;   -3775782
1.9560072204000e-05;   -3775782
1.9580020822000e-05;   -3781378
1.9598284309000e-05;   -3781378
1.9618231430000e-05;   -3786837
1.9638158454000e-05;   -3786837
1.9656446116000e-05;   -3792304
1.9676371348000e-05;   -3792304
1.9694655677000e-05;   -3797451
1.9714576553000e-05;   -3797451
1.9732858468000e-05;   -3802460
1.9752777380000e-05;   -3802460
1.9772726460000e-05;   -3807148
1.9790990196000e-05;   -3807148
1.9810937046000e-05;   -3812643
1.9829202540000e-05;   -3812643
1.9849145038000e-05;   -3818145
1.9869063330000e-05;   -3818145
1.9887350515000e-05;   -3823800
1.9907275000000e-05;   -3823800
1.9925560513000e-05;   -3828846
1.9945483249000e-05;   -3828846
1.9963774519000e-05;   -3834043
1.9983699330000e-05;   -3834043
2.0003644183000e-05;   -3839574
2.0021903698000e-05;   -3839574
2.0041846302000e-05;   -3844641
2.0060103996000e-05;   -3844641
2.0080052743000e-05;   -3849387
2.0098316236000e-05;   -3849387
2.0118262867000e-05;   -3855412
2.0138185569000e-05;   -3855412
2.0156477051000e-05;   -3860973
2.0176402330000e-05;   -3860973
2.0194695903000e-05;   -3866214
2.0214627251000e-05;   -3866214
2.0232918707000e-05;   -3871318
2.0252848328000e-05;   -3871318
2.0272807851000e-05;   -3876100
2.0291081370000e-05;   -3876100
2.0311028718000e-05;   -3881216
2.0329290410000e-05;   -3881216
2.0349243442000e-05;   -3885540
2.0367511038000e-05;   -3885540
2.0387461994000e-05;   -3890195
2.0407392852000e-05;   -3890195
2.0425683751000e-05;   -3895329
2.0445612489000e-05;   -3895329
2.0463909335000e-05;   -3900615
2.0483844221000e-05;   -3900615
2.0502132792000e-05;   -3905291
2.0522058854000e-05;   -3905291
2.0542014868000e-05;   -3910117
2.0560284887000e-05;   -3910117
2.0580238725000e-05;   -3914805
2.0598506551000e-05;   -3914805
2.0618466363000e-05;   -3919971
2.0636739974000e-05;   -3919971
2.0656687851000e-05;   -3924344
2.0676615265000e-05;   -3924344
2.0694902728000e-05;   -3929050
2.0714828083000e-05;   -3929050
2.0733121385000e-05;   -3933907
2.0753052568000e-05;   -3933907
2.0771343748000e-05;   -3939097
2.0791272769000e-05;   -3939097
2.0811231919000e-05;   -3943966
2.0829504915000e-05;   -3943966
2.0849462072000e-05;   -3948697
2.0867732914000e-05;   -3948697
2.0887696013000e-05;   -3953906
2.0905972644000e-05;   -3953906
2.0925933805000e-05;   -3958322
2.0945871028000e-05;   -3958322
2.0964175095000e-05;   -3963071
2.0984113917000e-05;   -3963071
2.1002411036000e-05;   -3967498
2.1022345674000e-05;   -3967498
2.1040639714000e-05;   -3971313
2.1060572146000e-05;   -3971313
2.1080533909000e-05;   -3975277
2.1098809342000e-05;   -3975277
2.1118768716000e-05;   -3980517
2.1137041612000e-05;   -3980517
2.1157007202000e-05;   -3984965
2.1175286158000e-05;   -3984965
2.1195242755000e-05;   -3989272
2.1215175202000e-05;   -3989272
2.1233474854000e-05;   -3994057
2.1253413046000e-05;   -3994057
2.1271710507000e-05;   -3998048
2.1291646731000e-05;   -3998048
2.1309949720000e-05;   -4002370
2.1329891476000e-05;   -4002370
2.1348191966000e-05;   -4006843
2.1368131511000e-05;   -4006843
2.1388090811000e-05;   -4011175
2.1406359599000e-05;   -4011175
2.1426319957000e-05;   -4015657
2.1444594381000e-05;   -4015657
2.1464552647000e-05;   -4019529
2.1484487085000e-05;   -4019529
2.1502788378000e-05;   -4024021
2.1522728561000e-05;   -4024021
2.1541027714000e-05;   -4028846
2.1560965490000e-05;   -4028846
2.1579270269000e-05;   -4033349
2.1599214100000e-05;   -4033349
2.1617516699000e-05;   -4037712
2.1637458279000e-05;   -4037712
2.1657429686000e-05;   -4041753
2.1675713819000e-05;   -4041753
2.1695682825000e-05;   -4046126
2.1713964726000e-05;   -4046126
2.1733929365000e-05;   -4049704
2.1752207188000e-05;   -4049704
2.1772168718000e-05;   -4053612
2.1792106431000e-05;   -4053612
2.1810410927000e-05;   -4057197
2.1830354105000e-05;   -4057197
2.1848655922000e-05;   -4062057
2.1868596661000e-05;   -4062057
2.1886904485000e-05;   -4066452
2.1906851309000e-05;   -4066452
2.1925150536000e-05;   -4070524
2.1945088063000e-05;   -4070524
2.1965055278000e-05;   -4074455
2.1983335802000e-05;   -4074455
2.2003300626000e-05;   -4078535
2.2021578554000e-05;   -4078535
2.2041548937000e-05;   -4082474
2.2059832338000e-05;   -4082474
2.2079800306000e-05;   -4086562
2.2099744438000e-05;   -4086562
2.2118054617000e-05;   -4090982
2.2138004227000e-05;   -4090982
2.2156302824000e-05;   -4095079
2.2176239933000e-05;   -4095079
2.2194543847000e-05;   -4098564
2.2214486649000e-05;   -4098564
2.2232787868000e-05;   -4102197
2.2252731970000e-05;   -4102197
2.2272697527000e-05;   -4106632
2.2290976017000e-05;   -4106632
2.2310947014000e-05;   -4110745
2.2329231019000e-05;   -4110745
2.2349200085000e-05;   -4115190
2.2369145178000e-05;   -4115190
2.2387456624000e-05;   -4119312
2.2407407502000e-05;   -4119312
2.2425716541000e-05;   -4123294
2.2445669016000e-05;   -4123294
2.2463979604000e-05;   -4126953
2.2483929841000e-05;   -4126953
2.2502245637000e-05;   -4130470
2.2522201386000e-05;   -4130470
2.2540505713000e-05;   -4134134
2.2560448667000e-05;   -4134134
2.2580421220000e-05;   -4137657
2.2598706424000e-05;   -4137657
2.2618676235000e-05;   -4140857
2.2636958797000e-05;   -4140857
2.2656933891000e-05;   -4144858
2.2675221410000e-05;   -4144858
2.2695194177000e-05;   -4148536
2.2715143197000e-05;   -4148536
2.2733457283000e-05;   -4152072
2.2753411250000e-05;   -4152072
2.2771716772000e-05;   -4155756
2.2791661105000e-05;   -4155756
2.2809971486000e-05;   -4159299
2.2829921476000e-05;   -4159299
2.2848229316000e-05;   -4162989
2.2868176533000e-05;   -4162989
2.2888153317000e-05;   -4166538
2.2906442794000e-05;   -4166538
2.2926417136000e-05;   -4170235
2.2944703641000e-05;   -4170235
2.2964683458000e-05;   -4174263
2.2982975326000e-05;   -4174263
2.3002943022000e-05;   -4177496
2.3022886247000e-05;   -4177496
2.3041195530000e-05;   -4181058
2.3061144052000e-05;   -4181058
2.3079450570000e-05;   -4184295
2.3099396662000e-05;   -4184295
2.3117708612000e-05;   -4188336
2.3137659996000e-05;   -4188336
2.3155969496000e-05;   -4192052
2.3175918427000e-05;   -4192052
2.3195896728000e-05;   -4196100
2.3214187406000e-05;   -4196100
2.3234163438000e-05;   -4199351
2.3252451837000e-05;   -4199351
2.3272433367000e-05;   -4203405
2.3290727044000e-05;   -4203405
2.3310705963000e-05;   -4206664
2.3330661121000e-05;   -4206664
2.3348981396000e-05;   -4209924
2.3368941920000e-05;   -4209924
2.3387259519000e-05;   -4213043
2.3407221171000e-05;   -4213043
2.3425539844000e-05;   -4215836
2.3445498590000e-05;   -4215836
2.3463812983000e-05;   -4219430
2.3483766820000e-05;   -4219430
2.3502078113000e-05;   -4222228
2.3522029361000e-05;   -4222228
2.3542009616000e-05;   -4224882
2.3560302173000e-05;   -4224882
2.3580279452000e-05;   -4228155
2.3598568960000e-05;   -4228155
2.3618551689000e-05;   -4231758
2.3636846321000e-05;   -4231758
2.3656826379000e-05;   -4235036
2.3676782718000e-05;   -4235036
2.3695097607000e-05;   -4238644
2.3715052354000e-05;   -4238644
2.3733364329000e-05;   -4241455
2.3753316423000e-05;   -4241455
2.3771633616000e-05;   -4244269
2.3791590856000e-05;   -4244269
2.3809905076000e-05;   -4247883
2.3829859424000e-05;   -4247883
2.3849843388000e-05;   -4251172
2.3868135015000e-05;   -4251172
2.3888120048000e-05;   -4254320
2.3906416841000e-05;   -4254320
2.3926399269000e-05;   -4257614
2.3944693402000e-05;   -4257614
2.3964671058000e-05;   -4260766
2.3982960657000e-05;   -4260766
2.4002935191000e-05;   -4263593
2.4022885757000e-05;   -4263593
2.4041201394000e-05;   -4266749
2.4061157113000e-05;   -4266749
2.4079470015000e-05;   -4270052
2.4099422902000e-05;   -4270052
2.4117741183000e-05;   -4273685
2.4137699218000e-05;   -4273685
2.4156014819000e-05;   -4276993
2.4175970525000e-05;   -4276993
2.4195955502000e-05;   -4280304
2.4214252347000e-05;   -4280304
2.4234234675000e-05;   -4283472
2.4252532766000e-05;   -4283472
2.4272516660000e-05;   -4286788
2.4290812000000e-05;   -4286788
2.4310801040000e-05;   -4289961
2.4329101556000e-05;   -4289961
2.4349087913000e-05;   -4292808
2.4369050201000e-05;   -4292808
2.4387376914000e-05;   -4295512
2.4407344437000e-05;   -4295512
2.4425668180000e-05;   -4297890
2.4445633107000e-05;   -4297890
2.4463961794000e-05;   -4301069
2.4483927530000e-05;   -4301069
2.4502248327000e-05;   -4302978
2.4522208842000e-05;   -4302978
2.4540525692000e-05;   -4305359
2.4560482946000e-05;   -4305359
2.4580469096000e-05;   -4305802
2.4598766963000e-05;   -4305802
2.4618749420000e-05;   -4307900
2.4637043463000e-05;   -4307900
2.4657030671000e-05;   -4307926
2.4675329469000e-05;   -4307926
2.4695312622000e-05;   -4303819
2.4715271929000e-05;   -4303819
2.4733593380000e-05;   -4294273
2.4753554667000e-05;   -4294273
2.4771877994000e-05;   -4278878
2.4791845983000e-05;   -4278878
2.4810163893000e-05;   -4257977
2.4830121691000e-05;   -4257977
2.4848435725000e-05;   -4232424
2.4868389388000e-05;   -4232424
2.4886705158000e-05;   -4203346
2.4906661573000e-05;   -4203346
2.4926644864000e-05;   -4171958
2.4944939827000e-05;   -4171958
2.4964906747000e-05;   -4139427
2.4983186067000e-05;   -4139427
2.5003160546000e-05;   -4106786
2.5021447658000e-05;   -4106786
2.5041415135000e-05;   -4074891
2.5061358238000e-05;   -4074891
2.5079664401000e-05;   -4044410
2.5099609559000e-05;   -4044410
2.5117906881000e-05;   -4015824
2.5137842572000e-05;   -4015824
2.5156142548000e-05;   -3989452
2.5176081171000e-05;   -3989452
2.5194377112000e-05;   -3965472
2.5214311327000e-05;   -3965472
2.5234271056000e-05;   -3943946
2.5252544347000e-05;   -3943946
2.5272501538000e-05;   -3924850
2.5290776498000e-05;   -3924850
2.5310726089000e-05;   -3908096
2.5330651541000e-05;   -3908096
2.5348946644000e-05;   -3893548
2.5368879787000e-05;   -3893548
2.5387171897000e-05;   -3881045
2.5407102052000e-05;   -3881045
2.5425393704000e-05;   -3870408
2.5445322757000e-05;   -3870408
2.5463615531000e-05;   -3861454
2.5483546720000e-05;   -3861454
2.5503502508000e-05;   -3854002
2.5521772357000e-05;   -3854002
2.5541721062000e-05;   -3847881
2.5559988016000e-05;   -3847881
2.5579934408000e-05;   -3842927
2.5599856436000e-05;   -3842927
2.5618143474000e-05;   -3838990
2.5638067564000e-05;   -3838990
2.5656348928000e-05;   -3835932
2.5676267472000e-05;   -3835932
2.5694551904000e-05;   -3833632
2.5714469037000e-05;   -3833632
2.5734413439000e-05;   -3831982
2.5752672842000e-05;   -3831982
2.5772622272000e-05;   -3830891
2.5790886429000e-05;   -3830891
2.5810840411000e-05;   -3830277
2.5829108339000e-05;   -3830277
2.5849058022000e-05;   -3830072
2.5868983537000e-05;   -3830072
2.5887275367000e-05;   -3830218
2.5907204778000e-05;   -3830218
2.5925492631000e-05;   -3830662
2.5945421957000e-05;   -3830662
2.5963709993000e-05;   -3831357
2.5983635529000e-05;   -3831357
2.6003589429000e-05;   -3832263
2.6021857635000e-05;   -3832263
2.6041807891000e-05;   -3833344
2.6060072182000e-05;   -3833344
2.6080016799000e-05;   -3834569
2.6098276186000e-05;   -3834569
2.6118216801000e-05;   -3835912
2.6138137340000e-05;   -3835912
2.6156417410000e-05;   -3837351
2.6176334651000e-05;   -3837351
2.6194619546000e-05;   -3838870
2.6214541231000e-05;   -3838870
2.6232822568000e-05;   -3840458
2.6252740957000e-05;   -3840458
2.6272688173000e-05;   -3842103
2.6290946110000e-05;   -3842103
2.6310893721000e-05;   -3843801
2.6329156293000e-05;   -3843801
2.6349100906000e-05;   -3845546
2.6369021298000e-05;   -3845546
2.6387309032000e-05;   -3847335
2.6407234292000e-05;   -3847335
2.6425518887000e-05;   -3849165
2.6445444818000e-05;   -3849165
2.6463730034000e-05;   -3851034
2.6483652695000e-05;   -3851034
2.6503604078000e-05;   -3852937
2.6521869907000e-05;   -3852937
2.6541817824000e-05;   -3854870
2.6560080333000e-05;   -3854870
2.6580033197000e-05;   -3856829
2.6598300583000e-05;   -3856829
2.6618250294000e-05;   -3858809
2.6638175808000e-05;   -3858809
2.6656468632000e-05;   -3860807
2.6676395150000e-05;   -3860807
2.6694688819000e-05;   -3862819
2.6714620273000e-05;   -3862819
2.6732910547000e-05;   -3864841
2.6752838634000e-05;   -3864841
2.6772795555000e-05;   -3866868
2.6791066615000e-05;   -3866868
2.6811020349000e-05;   -3868898
2.6829288194000e-05;   -3868898
2.6849246882000e-05;   -3870928
2.6867519652000e-05;   -3870928
2.6887475073000e-05;   -3872956
2.6907410505000e-05;   -3872956
2.6925704599000e-05;   -3874978
2.6945636973000e-05;   -3874978
2.6963926458000e-05;   -3876993
2.6983853204000e-05;   -3876993
2.7002139092000e-05;   -3878998
2.7022062563000e-05;   -3878998
2.7042014768000e-05;   -3880991
2.7060281353000e-05;   -3880991
2.7080230429000e-05;   -3882973
2.7098493916000e-05;   -3882973
2.7118447615000e-05;   -3884942
2.7138373622000e-05;   -3884942
2.7156666444000e-05;   -3886903
2.7176597050000e-05;   -3886903
2.7194886705000e-05;   -3888856
2.7214814110000e-05;   -3888856
2.7233108668000e-05;   -3890806
2.7253040956000e-05;   -3890806
2.7271332192000e-05;   -3892753
2.7291261201000e-05;   -3892753
2.7311218980000e-05;   -3894701
2.7329490908000e-05;   -3894701
2.7349445417000e-05;   -3896652
2.7367713934000e-05;   -3896652
2.7387666543000e-05;   -3898606
2.7407590877000e-05;   -3898606
2.7425882618000e-05;   -3900564
2.7445811663000e-05;   -3900564
2.7464100070000e-05;   -3902524
2.7484026320000e-05;   -3902524
2.7502319413000e-05;   -3904487
2.7522250324000e-05;   -3904487
2.7540540109000e-05;   -3906453
2.7560467801000e-05;   -3906453
2.7580424011000e-05;   -3908421
2.7598694558000e-05;   -3908421
2.7618647647000e-05;   -3910393
2.7636919111000e-05;   -3910393
2.7656873047000e-05;   -3912369
2.7676803130000e-05;   -3912369
2.7695099997000e-05;   -3914351
2.7715034862000e-05;   -3914351
2.7733328285000e-05;   -3916338
2.7753259797000e-05;   -3916338
2.7771558055000e-05;   -3918331
2.7791494046000e-05;   -3918331
2.7809779754000e-05;   -3920327
2.7829702496000e-05;   -3920327
2.7849653968000e-05;   -3922323
2.7867919989000e-05;   -3922323
2.7887868321000e-05;   -3924319
2.7906135018000e-05;   -3924319
2.7926084143000e-05;   -3926313
2.7946009397000e-05;   -3926313
2.7964301693000e-05;   -3928308
2.7984231676000e-05;   -3928308
2.8002520726000e-05;   -3930305
2.8022447525000e-05;   -3930305
2.8040741318000e-05;   -3932308
2.8060673013000e-05;   -3932308
2.8078963468000e-05;   -3934318
2.8098891858000e-05;   -3934318
2.8118849095000e-05;   -3936338
2.8137116495000e-05;   -3936338
2.8157074245000e-05;   -3938368
2.8175346403000e-05;   -3938368
2.8195301254000e-05;   -3940410
2.8215232241000e-05;   -3940410
2.8233529737000e-05;   -3942462
2.8253465607000e-05;   -3942462
2.8271759988000e-05;   -3944522
2.8291692672000e-05;   -3944522
2.8309991677000e-05;   -3946589
2.8329929241000e-05;   -3946589
2.8348225176000e-05;   -3948662
2.8368159540000e-05;   -3948662
2.8388122441000e-05;   -3950738
2.8406399069000e-05;   -3950738
2.8426359015000e-05;   -3952816
2.8444632345000e-05;   -3952816
2.8464597123000e-05;   -3954892
2.8484533983000e-05;   -3954892
2.8502836867000e-05;   -3956964
2.8522778593000e-05;   -3956964
2.8541078422000e-05;   -3959029
2.8561016984000e-05;   -3959029
2.8579321462000e-05;   -3961084
2.8599264937000e-05;   -3961084
2.8617557014000e-05;   -3963126
2.8637486657000e-05;   -3963126
2.8657445092000e-05;   -3965153
2.8675717611000e-05;   -3965153
2.8695673130000e-05;   -3967163
2.8713942325000e-05;   -3967163
2.8733902501000e-05;   -3969156
2.8752176533000e-05;   -3969156
2.8772133436000e-05;   -3971133
2.8792066274000e-05;   -3971133
2.8810365779000e-05;   -3973097
2.8830303475000e-05;   -3973097
2.8848599765000e-05;   -3975051
2.8868534270000e-05;   -3975051
2.8886835014000e-05;   -3977000
2.8906770497000e-05;   -3977000
2.8926734654000e-05;   -3978946
2.8945012394000e-05;   -3978946
2.8964972958000e-05;   -3980892
2.8983246962000e-05;   -3980892
2.9003205807000e-05;   -3982838
2.9021478576000e-05;   -3982838
2.9041433994000e-05;   -3984787
2.9061365530000e-05;   -3984787
2.9079663452000e-05;   -3986737
2.9099599818000e-05;   -3986737
2.9117894709000e-05;   -3988688
2.9137827772000e-05;   -3988688
2.9156127340000e-05;   -3990642
2.9176065173000e-05;   -3990642
2.9194361457000e-05;   -3992599
2.9214296100000e-05;   -3992599
2.9234259624000e-05;   -3994561
2.9252536724000e-05;   -3994561
2.9272496806000e-05;   -3996529
2.9290774582000e-05;   -3996529
2.9310735665000e-05;   -3998504
2.9330672749000e-05;   -3998504
2.9348975839000e-05;   -4000485
2.9368917814000e-05;   -4000485
2.9387217688000e-05;   -4002470
2.9407156479000e-05;   -4002470
2.9425452030000e-05;   -4004459
2.9445384996000e-05;   -4004459
2.9463676801000e-05;   -4006451
2.9483606593000e-05;   -4006451
2.9503565290000e-05;   -4008442
2.9521837877000e-05;   -4008442
2.9541793207000e-05;   -4010432
2.9560062568000e-05;   -4010432
2.9580022838000e-05;   -4012422
2.9598296821000e-05;   -4012422
2.9618254053000e-05;   -4014416
2.9638187030000e-05;   -4014416
2.9656486530000e-05;   -4016415
2.9676420331000e-05;   -4016415
2.9694720607000e-05;   -4018422
2.9714659045000e-05;   -4018422
2.9732956154000e-05;   -4020438
2.9752891681000e-05;   -4020438
2.9772855876000e-05;   -4022464
2.9791133776000e-05;   -4022464
2.9811094800000e-05;   -4024503
2.9829369560000e-05;   -4024503
2.9849335413000e-05;   -4026550
2.9867614571000e-05;   -4026550
2.9887577430000e-05;   -4028607
2.9907516284000e-05;   -4028607
2.9925821085000e-05;   -4030670
2.9945764860000e-05;   -4030670
2.9964066495000e-05;   -4032737
2.9984006972000e-05;   -4032737
3.0002313324000e-05;   -4034806
3.0022258636000e-05;   -4034806
3.0040561766000e-05;   -4036874
3.0060503924000e-05;   -4036874
3.0080474876000e-05;   -4038939
3.0098758983000e-05;   -4038939
3.0118726748000e-05;   -4040998
3.0137007619000e-05;   -4040998
3.0156980198000e-05;   -4043049
3.0175265765000e-05;   -4043049
3.0195234784000e-05;   -4045088
3.0215180266000e-05;   -4045088
3.0233482061000e-05;   -4047113
3.0253421933000e-05;   -4047113
3.0271720003000e-05;   -4049122
3.0291656645000e-05;   -4049122
3.0309959601000e-05;   -4051113
3.0329901119000e-05;   -4051113
3.0348200799000e-05;   -4053086
3.0368139027000e-05;   -4053086
3.0388105918000e-05;   -4055043
3.0406386196000e-05;   -4055043
3.0426350117000e-05;   -4056986
3.0444627119000e-05;   -4056986
3.0464595718000e-05;   -4058919
3.0484536463000e-05;   -4058919
3.0502842991000e-05;   -4060846
3.0522788399000e-05;   -4060846
3.0541091660000e-05;   -4062771
3.0561033934000e-05;   -4062771
3.0579341797000e-05;   -4064694
3.0599288757000e-05;   -4064694
3.0617593428000e-05;   -4066619
3.0637537272000e-05;   -4066619
3.0657503208000e-05;   -4068545
3.0675782249000e-05;   -4068545
3.0695744432000e-05;   -4070473
3.0714020020000e-05;   -4070473
3.0733987243000e-05;   -4072402
3.0752267581000e-05;   -4072402
3.0772231395000e-05;   -4074329
3.0792171380000e-05;   -4074329
3.0810477273000e-05;   -4076258
3.0830422038000e-05;   -4076258
3.0848724378000e-05;   -4078188
3.0868665983000e-05;   -4078188
3.0886973214000e-05;   -4080119
3.0906919696000e-05;   -4080119
3.0925223680000e-05;   -4082055
3.0945166863000e-05;   -4082055
3.0965139000000e-05;   -4083993
3.0983423777000e-05;   -4083993
3.1003392348000e-05;   -4085935
3.1021673974000e-05;   -4085935
3.1041647007000e-05;   -4087880
3.1059932872000e-05;   -4087880
3.1079893055000e-05;   -4089825
3.1099828847000e-05;   -4089825
3.1118130764000e-05;   -4091770
3.1138071199000e-05;   -4091770
3.1156369953000e-05;   -4093713
3.1176307445000e-05;   -4093713
3.1194610746000e-05;   -4095653
3.1214552904000e-05;   -4095653
3.1232853076000e-05;   -4097591
3.1252791906000e-05;   -4097591
3.1272759668000e-05;   -4099531
3.1291040578000e-05;   -4099531
3.1311004875000e-05;   -4101476
3.1329282528000e-05;   -4101476
3.1349251785000e-05;   -4103429
3.1367534257000e-05;   -4103429
3.1387500261000e-05;   -4105390
3.1407442457000e-05;   -4105390
3.1425750336000e-05;   -4107361
3.1445697205000e-05;   -4107361
3.1464001740000e-05;   -4109341
3.1483945586000e-05;   -4109341
3.1502254935000e-05;   -4111332
3.1522203227000e-05;   -4111332
3.1540509393000e-05;   -4113330
3.1560454778000e-05;   -4113330
3.1580428914000e-05;   -4115333
3.1598715740000e-05;   -4115333
3.1618686647000e-05;   -4117338
3.1636970162000e-05;   -4117338
3.1656945864000e-05;   -4119345
3.1675234115000e-05;   -4119345
3.1695206689000e-05;   -4121348
3.1715155200000e-05;   -4121348
3.1733468965000e-05;   -4123347
3.1753422352000e-05;   -4123347
3.1771732848000e-05;   -4125338
3.1791683035000e-05;   -4125338
3.1809998480000e-05;   -4127321
3.1829953676000e-05;   -4127321
3.1848265320000e-05;   -4129292
3.1868217081000e-05;   -4129292
3.1888188005000e-05;   -4131251
3.1906471340000e-05;   -4131251
3.1926438697000e-05;   -4133193
3.1944718662000e-05;   -4133193
3.1964690613000e-05;   -4135119
3.1982975585000e-05;   -4135119
3.2002944242000e-05;   -4137027
3.2022889193000e-05;   -4137027
3.2041199320000e-05;   -4138920
3.2061149024000e-05;   -4138920
3.2079455960000e-05;   -4140802
3.2099402234000e-05;   -4140802
3.2117714060000e-05;   -4142676
3.2137665151000e-05;   -4142676
3.2155973375000e-05;   -4144544
3.2175921226000e-05;   -4144544
3.2195897878000e-05;   -4146410
3.2214187116000e-05;   -4146410
3.2234160422000e-05;   -4148276
3.2252446266000e-05;   -4148276
3.2272424258000e-05;   -4150142
3.2290714485000e-05;   -4150142
3.2310682279000e-05;   -4152006
3.2330625918000e-05;   -4152006
3.2348934936000e-05;   -4153870
3.2368883197000e-05;   -4153870
3.2387188975000e-05;   -4155731
3.2407134046000e-05;   -4155731
3.2425444595000e-05;   -4157590
3.2445394635000e-05;   -4157590
3.2463701874000e-05;   -4159446
3.2483648559000e-05;   -4159446
3.2503623957000e-05;   -4161301
3.2521911879000e-05;   -4161301
3.2541883969000e-05;   -4163157
3.2560168554000e-05;   -4163157
3.2580145498000e-05;   -4165015
3.2598434842000e-05;   -4165015
3.2618408389000e-05;   -4166877
3.2638358045000e-05;   -4166877
3.2656672607000e-05;   -4168744
3.2676627102000e-05;   -4168744
3.2694938824000e-05;   -4170614
3.2714889818000e-05;   -4170614
3.2733205728000e-05;   -4172487
3.2753157378000e-05;   -4172487
3.2771465418000e-05;   -4174362
3.2791412047000e-05;   -4174362
3.2809716152000e-05;   -4176236
3.2829659474000e-05;   -4176236
3.2849631521000e-05;   -4178109
3.2867916481000e-05;   -4178109
3.2887885303000e-05;   -4179978
3.2906166905000e-05;   -4179978
3.2926140437000e-05;   -4181844
3.2944426882000e-05;   -4181844
3.2964397090000e-05;   -4183711
3.2984343474000e-05;   -4183711
3.3002655137000e-05;   -4185580
3.3022606219000e-05;   -4185580
3.3040914588000e-05;   -4187452
3.3060862369000e-05;   -4187452
3.3079175398000e-05;   -4189330
3.3099128059000e-05;   -4189330
3.3117437793000e-05;   -4191213
3.3137387118000e-05;   -4191213
3.3157364967000e-05;   -4193103
3.3175655203000e-05;   -4193103
3.3195630225000e-05;   -4194998
3.3213917454000e-05;   -4194998
3.3233897181000e-05;   -4196899
3.3252188928000e-05;   -4196899
3.3272165443000e-05;   -4198804
3.3292118080000e-05;   -4198804
3.3310435463000e-05;   -4200712
3.3330392673000e-05;   -4200712
3.3348706755000e-05;   -4202620
3.3368660969000e-05;   -4202620
3.3386979763000e-05;   -4204525
3.3406938460000e-05;   -4204525
3.3425253968000e-05;   -4206427
3.3445209687000e-05;   -4206427
3.3465194065000e-05;   -4208322
3.3483490266000e-05;   -4208322
3.3503471518000e-05;   -4210209
3.3521768312000e-05;   -4210209
3.3541750305000e-05;   -4212084
3.3560043970000e-05;   -4212084
3.3580030695000e-05;   -4213946
3.3598328639000e-05;   -4213946
3.3618302067000e-05;   -4215794
3.3638251035000e-05;   -4215794
3.3656565045000e-05;   -4217625
3.3676518729000e-05;   -4217625
3.3694829259000e-05;   -4219439
3.3714779772000e-05;   -4219439
3.3733095144000e-05;   -4221236
3.3753050247000e-05;   -4221236
3.3771362289000e-05;   -4223017
3.3791314168000e-05;   -4223017
3.3811294757000e-05;   -4224786
3.3829587517000e-05;   -4224786
3.3849564883000e-05;   -4226544
3.3867854349000e-05;   -4226544
3.3887836269000e-05;   -4228296
3.3906130260000e-05;   -4228296
3.3926109114000e-05;   -4230044
3.3946063936000e-05;   -4230044
3.3964383385000e-05;   -4231790
3.3984338862000e-05;   -4231790
3.4002658897000e-05;   -4233536
3.4022619186000e-05;   -4233536
3.4040935565000e-05;   -4235282
3.4060892524000e-05;   -4235282
3.4079207743000e-05;   -4237028
3.4099162368000e-05;   -4237028
3.4117474007000e-05;   -4238774
3.4137425499000e-05;   -4238774
3.4157405565000e-05;   -4240518
3.4175697867000e-05;   -4240518
3.4195674499000e-05;   -4242259
3.4213963310000e-05;   -4242259
3.4233944832000e-05;   -4243999
3.4252238309000e-05;   -4243999
3.4272216359000e-05;   -4245736
3.4292170614000e-05;   -4245736
3.4310489420000e-05;   -4247474
3.4330448188000e-05;   -4247474
3.4348763723000e-05;   -4249214
3.4368719229000e-05;   -4249214
3.4387039409000e-05;   -4250954
3.4406995642000e-05;   -4250954
3.4425316444000e-05;   -4252697
3.4445277458000e-05;   -4252697
3.4463594997000e-05;   -4254441
3.4483552640000e-05;   -4254441
3.4503539118000e-05;   -4256185
3.4521837085000e-05;   -4256185
3.4541820086000e-05;   -4257928
3.4560114745000e-05;   -4257928
3.4580092557000e-05;   -4259670
3.4598382235000e-05;   -4259670
3.4618356261000e-05;   -4261407
3.4638306346000e-05;   -4261407
3.4656621301000e-05;   -4263141
3.4676575842000e-05;   -4263141
3.4694887561000e-05;   -4264869
3.4714839191000e-05;   -4264869
3.4733155344000e-05;   -4266593
3.4753111433000e-05;   -4266593
3.4771424468000e-05;   -4268315
3.4791377444000e-05;   -4268315
3.4811358776000e-05;   -4270036
3.4829652246000e-05;   -4270036
3.4849630597000e-05;   -4271762
3.4867924945000e-05;   -4271762
3.4887903861000e-05;   -4273493
3.4906194818000e-05;   -4273493
3.4926178484000e-05;   -4275232
3.4944474083000e-05;   -4275232
3.4964454322000e-05;   -4276978
3.4984410827000e-05;   -4276978
3.5002731501000e-05;   -4278732
3.5022692636000e-05;   -4278732
3.5041010091000e-05;   -4280494
3.5060967819000e-05;   -4280494
3.5079290008000e-05;   -4282263
3.5099252552000e-05;   -4282263
3.5117571339000e-05;   -4284034
3.5137530734000e-05;   -4284034
3.5157518539000e-05;   -4285806
3.5175814035000e-05;   -4285806
3.5195802694000e-05;   -4287577
3.5214102893000e-05;   -4287577
3.5234088260000e-05;   -4289342
3.5252385139000e-05;   -4289342
3.5272375114000e-05;   -4291101
3.5290676726000e-05;   -4291101
3.5310663652000e-05;   -4292852
3.5330626542000e-05;   -4292852
3.5348953317000e-05;   -4294593
3.5368921023000e-05;   -4294593
3.5387244445000e-05;   -4296322
3.5407212876000e-05;   -4296322
3.5425536926000e-05;   -4298037
3.5445501790000e-05;   -4298037
3.5463830499000e-05;   -4299734
3.5483800254000e-05;   -4299734
3.5502116297000e-05;   -4301414
3.5522072289000e-05;   -4301414
3.5542056818000e-05;   -4303075
3.5560353223000e-05;   -4303075
3.5580334303000e-05;   -4304718
3.5598627344000e-05;   -4304718
3.5618613229000e-05;   -4306341
3.5636910878000e-05;   -4306341
3.5656893577000e-05;   -4307950
3.5675191802000e-05;   -4307950
3.5695174933000e-05;   -4309546
3.5715134106000e-05;   -4309546
3.5733457524000e-05;   -4311133
3.5753421298000e-05;   -4311133
3.5771741428000e-05;   -4312715
3.5791701889000e-05;   -4312715
3.5810026440000e-05;   -4314294
3.5829991654000e-05;   -4314294
3.5848312883000e-05;   -4315873
3.5868274760000e-05;   -4315873
3.5888265090000e-05;   -4317454
3.5906566829000e-05;   -4317454
3.5926553635000e-05;   -4319035
3.5944855725000e-05;   -4319035
3.5964843458000e-05;   -4320618
3.5983142484000e-05;   -4320618
3.6003128260000e-05;   -4322202
3.6021425351000e-05;   -4322202
3.6041407199000e-05;   -4323784
3.6061365178000e-05;   -4323784
3.6079687349000e-05;   -4325365
3.6099649989000e-05;   -4325365
3.6117968819000e-05;   -4326942
3.6137928099000e-05;   -4326942
3.6156251535000e-05;   -4328517
3.6176215373000e-05;   -4328517
3.6194535567000e-05;   -4330091
3.6214500272000e-05;   -4330091
3.6232820964000e-05;   -4331665
3.6252782122000e-05;   -4331665
3.6272771924000e-05;   -4333240
3.6291073535000e-05;   -4333240
3.6311059973000e-05;   -4334817
3.6329357769000e-05;   -4334817
3.6349348890000e-05;   -4336394
3.6367651358000e-05;   -4336394
3.6387639178000e-05;   -4337972
3.6407602867000e-05;   -4337972
3.6425930639000e-05;   -4339550
3.6445895255000e-05;   -4339550
3.6464223504000e-05;   -4341128
3.6484192638000e-05;   -4341128
3.6502517401000e-05;   -4342704
3.6522483058000e-05;   -4342704
3.6540803257000e-05;   -4344278
3.6560763094000e-05;   -4344278
3.6579079434000e-05;   -4345848
3.6599035960000e-05;   -4345848
3.6619021104000e-05;   -4347412
3.6637317934000e-05;   -4347412
3.6657299788000e-05;   -4348971
3.6675593287000e-05;   -4348971
3.6695579579000e-05;   -4350525
3.6713873681000e-05;   -4350525
3.6733860913000e-05;   -4352075
3.6752159467000e-05;   -4352075
3.6772142998000e-05;   -4353626
3.6792102652000e-05;   -4353626
3.6810426371000e-05;   -4355181
3.6830390716000e-05;   -4355181
3.6848710877000e-05;   -4356741
3.6868672090000e-05;   -4356741
3.6886996822000e-05;   -4358309
3.6906962381000e-05;   -4358309
3.6925283860000e-05;   -4359884
3.6945246055000e-05;   -4359884
3.6965236930000e-05;   -4361466
3.6983535092000e-05;   -4361466
3.7003526402000e-05;   -4363053
3.7021829147000e-05;   -4363053
3.7041817351000e-05;   -4364647
3.7060116731000e-05;   -4364647
3.7080109457000e-05;   -4366245
3.7098413429000e-05;   -4366245
3.7118402991000e-05;   -4367845
3.7138368535000e-05;   -4367845
3.7156697671000e-05;   -4369446
3.7176663865000e-05;   -4369446
3.7194993523000e-05;   -4371045
3.7214964253000e-05;   -4371045
3.7233290615000e-05;   -4372639
3.7253258168000e-05;   -4372639
3.7271588876000e-05;   -4374228
3.7291560944000e-05;   -4374228
3.7309888458000e-05;   -4375808
3.7329857194000e-05;   -4375808
3.7349854642000e-05;   -4377378
3.7368158740000e-05;   -4377378
3.7388156742000e-05;   -4378936
3.7406465374000e-05;   -4378936
3.7426460182000e-05;   -4380481
3.7444765414000e-05;   -4380481
3.7464764813000e-05;   -4382010
3.7483074596000e-05;   -4382010
3.7503070241000e-05;   -4383522
3.7521380150000e-05;   -4383522
3.7541366486000e-05;   -4385015
3.7561328462000e-05;   -4385015
3.7579654316000e-05;   -4386488
3.7599620778000e-05;   -4386488
3.7617943048000e-05;   -4387941
3.7637906209000e-05;   -4387941
3.7656233262000e-05;   -4389375
3.7676200978000e-05;   -4389375
3.7694524351000e-05;   -4390792
3.7714492765000e-05;   -4390792
3.7732816899000e-05;   -4392196
3.7752781884000e-05;   -4392196
3.7772775325000e-05;   -4393591
3.7791079891000e-05;   -4393591
3.7811070087000e-05;   -4394981
3.7829371171000e-05;   -4394981
3.7849365949000e-05;   -4396370
3.7867671605000e-05;   -4396370
3.7887662924000e-05;   -4397760
3.7905969157000e-05;   -4397760
3.7925960911000e-05;   -4399151
3.7945928611000e-05;   -4399151
3.7964259790000e-05;   -4400547
3.7984232093000e-05;   -4400547
3.8002559864000e-05;   -4401946
3.8022528713000e-05;   -4401946
3.8040860793000e-05;   -4403348
3.8060834259000e-05;   -4403348
3.8079163083000e-05;   -4404751
3.8099136945000e-05;   -4404751
3.8117460040000e-05;   -4406154
3.8137423687000e-05;   -4406154
3.8157415803000e-05;   -4407557
3.8175719124000e-05;   -4407557
3.8195708011000e-05;   -4408956
3.8214007906000e-05;   -4408956
3.8234001359000e-05;   -4410353
3.8252305726000e-05;   -4410353
3.8272295665000e-05;   -4411745
3.8290600638000e-05;   -4411745
3.8310591172000e-05;   -4413134
3.8330557644000e-05;   -4413134
3.8348887684000e-05;   -4414520
3.8368858805000e-05;   -4414520
3.8387185134000e-05;   -4415905
3.8407152834000e-05;   -4415905
3.8425483821000e-05;   -4417293
3.8445455901000e-05;   -4417293
3.8463783496000e-05;   -4418681
3.8483756373000e-05;   -4418681
3.8502084491000e-05;   -4420071
3.8522053639000e-05;   -4420071
3.8542051523000e-05;   -4421462
3.8560360169000e-05;   -4421462
3.8580354691000e-05;   -4422852
3.8598659849000e-05;   -4422852
3.8618658853000e-05;   -4424243
3.8636964555000e-05;   -4424243
3.8656964108000e-05;   -4425632
3.8675274227000e-05;   -4425632
3.8695270427000e-05;   -4427019
3.8715242556000e-05;   -4427019
3.8733568467000e-05;   -4428402
3.8753534676000e-05;   -4428402
3.8771856538000e-05;   -4429777
3.8791819209000e-05;   -4429777
3.8810145679000e-05;   -4431145
3.8830109114000e-05;   -4431145
3.8848436342000e-05;   -4432505
3.8868404195000e-05;   -4432505
3.8886727749000e-05;   -4433858
3.8906692224000e-05;   -4433858
3.8926685187000e-05;   -4435208
3.8944989448000e-05;   -4435208
3.8964978880000e-05;   -4436557
3.8983279540000e-05;   -4436557
3.9003273479000e-05;   -4437910
3.9021574699000e-05;   -4437910
3.9041569365000e-05;   -4439267
3.9059875007000e-05;   -4439267
3.9079865999000e-05;   -4440630
3.9099833193000e-05;   -4440630
3.9118163837000e-05;   -4442001
3.9138135606000e-05;   -4442001
3.9156462660000e-05;   -4443378
3.9176431077000e-05;   -4443378
3.9194762774000e-05;   -4444763
3.9214731636000e-05;   -4444763
3.9233063648000e-05;   -4446154
3.9253036893000e-05;   -4446154
3.9271365664000e-05;   -4447550
3.9291335709000e-05;   -4447550
3.9311334240000e-05;   -4448948
3.9329643321000e-05;   -4448948
3.9349638564000e-05;   -4450346
3.9367948492000e-05;   -4450346
3.9387944172000e-05;   -4451742
3.9406250491000e-05;   -4451742
3.9426250826000e-05;   -4453133
3.9444561614000e-05;   -4453133
3.9464558395000e-05;   -4454518
3.9484531255000e-05;   -4454518
3.9502867115000e-05;   -4455896
3.9522840617000e-05;   -4455896
3.9541176966000e-05;   -4457266
3.9561155080000e-05;   -4457266
3.9579488072000e-05;   -4458626
3.9599462524000e-05;   -4458626
3.9617799897000e-05;   -4459973
3.9637775039000e-05;   -4459973
3.9656112894000e-05;   -4461309
3.9676092701000e-05;   -4461309
3.9694426943000e-05;   -4462631
3.9714403221000e-05;   -4462631
3.9734407895000e-05;   -4463938
3.9752722854000e-05;   -4463938
3.9772724066000e-05;   -4465229
3.9791039446000e-05;   -4465229
3.9811041235000e-05;   -4466501
3.9829352864000e-05;   -4466501
3.9849358968000e-05;   -4467756
3.9867675086000e-05;   -4467756
3.9887667726000e-05;   -4468992
3.9905974635000e-05;   -4468992
3.9925967191000e-05;   -4470209
3.9945935980000e-05;   -4470209
3.9964267859000e-05;   -4471407
3.9984241136000e-05;   -4471407
4.0002569634000e-05;   -4472588
4.0022539412000e-05;   -4472588
4.0040872086000e-05;   -4473752
4.0060842267000e-05;   -4473752
4.0079175617000e-05;   -4474906
4.0099150452000e-05;   -4474906
4.0117480142000e-05;   -4476052
4.0137451197000e-05;   -4476052
4.0157450696000e-05;   -4477194
4.0175760881000e-05;   -4477194
4.0195756872000e-05;   -4478336
4.0214063434000e-05;   -4478336
4.0234063882000e-05;   -4479480
4.0252370836000e-05;   -4479480
4.0272371995000e-05;   -4480628
4.0290683285000e-05;   -4480628
4.0310680749000e-05;   -4481782
4.0330654098000e-05;   -4481782
4.0348990288000e-05;   -4482942
4.0368964373000e-05;   -4482942
4.0387301015000e-05;   -4484108
4.0407279386000e-05;   -4484108
4.0425612535000e-05;   -4485277
4.0445587558000e-05;   -4485277
4.0463925018000e-05;   -4486449
4.0483904405000e-05;   -4486449
4.0502238490000e-05;   -4487622
4.0522218339000e-05;   -4487622
4.0540552698000e-05;   -4488793
4.0560529061000e-05;   -4488793
4.0580527219000e-05;   -4489963
4.0598835727000e-05;   -4489963
4.0618830108000e-05;   -4491128
4.0637135113000e-05;   -4491128
4.0657133869000e-05;   -4492288
4.0675439183000e-05;   -4492288
4.0695438465000e-05;   -4493441
4.0713748327000e-05;   -4493441
4.0733744192000e-05;   -4494590
4.0753715974000e-05;   -4494590
4.0772050758000e-05;   -4495734
4.0792026997000e-05;   -4495734
4.0810358321000e-05;   -4496878
4.0830335189000e-05;   -4496878
4.0848666647000e-05;   -4498021
4.0868639938000e-05;   -4498021
4.0886976074000e-05;   -4499166
4.0906953754000e-05;   -4499166
4.0925286168000e-05;   -4500314
4.0945264245000e-05;   -4500314
4.0963597141000e-05;   -4501464
4.0983571629000e-05;   -4501464
4.1003574609000e-05;   -4502617
4.1021887857000e-05;   -4502617
4.1041887519000e-05;   -4503773
4.1060197160000e-05;   -4503773
4.1080201187000e-05;   -4504928
4.1098511365000e-05;   -4504928
4.1118515840000e-05;   -4506083
4.1136830556000e-05;   -4506083
4.1156831640000e-05;   -4507235
4.1176808517000e-05;   -4507235
4.1195147967000e-05;   -4508383
4.1215125372000e-05;   -4508383
4.1233465284000e-05;   -4509525
4.1253447346000e-05;   -4509525
4.1271783248000e-05;   -4510659
4.1291761360000e-05;   -4510659
4.1310093186000e-05;   -4511783
4.1330065352000e-05;   -4511783
4.1348392641000e-05;   -4512897
4.1368365353000e-05;   -4512897
4.1386693154000e-05;   -4514002
4.1406662043000e-05;   -4514002
4.1426659595000e-05;   -4515095
4.1444967899000e-05;   -4515095
4.1464961877000e-05;   -4516180
4.1483266498000e-05;   -4516180
4.1503264932000e-05;   -4517262
4.1521569971000e-05;   -4517262
4.1541568814000e-05;   -4518342
4.1559878233000e-05;   -4518342
4.1579873614000e-05;   -4519425
4.1599844991000e-05;   -4519425
4.1618179338000e-05;   -4520514
4.1638154932000e-05;   -4520514
4.1656485751000e-05;   -4521611
4.1676461908000e-05;   -4521611
4.1694793032000e-05;   -4522718
4.1714765597000e-05;   -4522718
4.1733101206000e-05;   -4523834
4.1753078234000e-05;   -4523834
4.1771410060000e-05;   -4524961
4.1791383719000e-05;   -4524961
4.1811385532000e-05;   -4526096
4.1829693911000e-05;   -4526096
4.1849696533000e-05;   -4527238
4.1868009465000e-05;   -4527238
4.1888008364000e-05;   -4528385
4.1906317722000e-05;   -4528385
4.1926321037000e-05;   -4529536
4.1944630696000e-05;   -4529536
4.1964634375000e-05;   -4530687
4.1982948401000e-05;   -4530687
4.2002948833000e-05;   -4531838
4.2022925077000e-05;   -4531838
4.2041264251000e-05;   -4532985
4.2061245176000e-05;   -4532985
4.2079580458000e-05;   -4534129
4.2099561792000e-05;   -4534129
4.2117897754000e-05;   -4535267
4.2137875469000e-05;   -4535267
4.2156215658000e-05;   -4536399
4.2176197691000e-05;   -4536399
4.2194534447000e-05;   -4537522
4.2214517183000e-05;   -4537522
4.2232854168000e-05;   -4538637
4.2252833390000e-05;   -4538637
4.2272840905000e-05;   -4539742
4.2291158301000e-05;   -4539742
4.2311162454000e-05;   -4540837
4.2329480481000e-05;   -4540837
4.2349485074000e-05;   -4541919
4.2367799246000e-05;   -4541919
4.2387808160000e-05;   -4542988
4.2406126840000e-05;   -4542988
4.2426132377000e-05;   -4544044
4.2444451370000e-05;   -4544044
4.2464457363000e-05;   -4545084
4.2484439282000e-05;   -4545084
4.2502783269000e-05;   -4546109
4.2522769512000e-05;   -4546109
4.2541109826000e-05;   -4547117
4.2561096350000e-05;   -4547117
4.2579437084000e-05;   -4548109
4.2599420352000e-05;   -4548109
4.2617765241000e-05;   -4549084
4.2637752881000e-05;   -4549084
4.2656094420000e-05;   -4550041
4.2676082465000e-05;   -4550041
4.2694424275000e-05;   -4550980
4.2714408678000e-05;   -4550980
4.2734421079000e-05;   -4551898
4.2752738786000e-05;   -4551898
4.2772751648000e-05;   -4552796
4.2791074340000e-05;   -4552796
4.2811073594000e-05;   -4553676
4.2829382756000e-05;   -4553676
4.2849385838000e-05;   -4554535
4.2867699417000e-05;   -4554535
4.2887699004000e-05;   -4555375
4.2906012731000e-05;   -4555375
4.2926012574000e-05;   -4556198
4.2945988662000e-05;   -4556198
4.2964326999000e-05;   -4557007
4.2984307063000e-05;   -4557007
4.3002641680000e-05;   -4557807
4.3022622395000e-05;   -4557807
4.3040957267000e-05;   -4558601
4.3060934195000e-05;   -4558601
4.3079273590000e-05;   -4559395
4.3099254827000e-05;   -4559395
4.3117590513000e-05;   -4560195
4.3137572093000e-05;   -4560195
4.3155907995000e-05;   -4561002
4.3175886025000e-05;   -4561002
4.3195892328000e-05;   -4561818
4.3214208635000e-05;   -4561818
4.3234211072000e-05;   -4562644
4.3252523738000e-05;   -4562644
4.3272530536000e-05;   -4563480
4.3290843419000e-05;   -4563480
4.3310850636000e-05;   -4564325
4.3329167740000e-05;   -4564325
4.3349171350000e-05;   -4565177
4.3369150971000e-05;   -4565177
4.3387492694000e-05;   -4566036
4.3407472468000e-05;   -4566036
4.3425814502000e-05;   -4566900
4.3445798624000e-05;   -4566900
4.3464137032000e-05;   -4567768
4.3484117696000e-05;   -4567768
4.3502460433000e-05;   -4568638
4.3522441350000e-05;   -4568638
4.3540784375000e-05;   -4569510
4.3560769829000e-05;   -4569510
4.3579109135000e-05;   -4570382
4.3599090925000e-05;   -4570382
4.3619101026000e-05;   -4571250
4.3637416618000e-05;   -4571250
4.3657426760000e-05;   -4572114
4.3675746580000e-05;   -4572114
4.3695753261000e-05;   -4572972
4.3714073392000e-05;   -4572972
4.3734080435000e-05;   -4573823
4.3752397126000e-05;   -4573823
4.3772401726000e-05;   -4574666
4.3790716391000e-05;   -4574666
4.3810717163000e-05;   -4575501
4.3830693878000e-05;   -4575501
4.3849033325000e-05;   -4576327
4.3869010350000e-05;   -4576327
4.3887349817000e-05;   -4577145
4.3907331303000e-05;   -4577145
4.3925667085000e-05;   -4577954
4.3945644855000e-05;   -4577954
4.3963985114000e-05;   -4578757
4.3983963181000e-05;   -4578757
4.4002303722000e-05;   -4579557
4.4022286047000e-05;   -4579557
4.4040622701000e-05;   -4580356
4.4060601660000e-05;   -4580356
4.4080608768000e-05;   -4581156
4.4098921740000e-05;   -4581156
4.4118929043000e-05;   -4581957
4.4137246455000e-05;   -4581957
4.4157250314000e-05;   -4582761
4.4175563750000e-05;   -4582761
4.4195571892000e-05;   -4583569
4.4213885775000e-05;   -4583569
4.4233894179000e-05;   -4584380
4.4252212583000e-05;   -4584380
4.4272217378000e-05;   -4585194
4.4292198016000e-05;   -4585194
4.4310540748000e-05;   -4586009
4.4330521847000e-05;   -4586009
4.4348864968000e-05;   -4586825
4.4368850272000e-05;   -4586825
4.4387189781000e-05;   -4587639
4.4407171399000e-05;   -4587639
4.4425515067000e-05;   -4588451
4.4445497155000e-05;   -4588451
4.4463841214000e-05;   -4589261
4.4483827679000e-05;   -4589261
4.4502168118000e-05;   -4590065
4.4522150856000e-05;   -4590065
4.4542161901000e-05;   -4590864
4.4560478609000e-05;   -4590864
4.4580490002000e-05;   -4591657
4.4598810905000e-05;   -4591657
4.4618818674000e-05;   -4592444
4.4637135979000e-05;   -4592444
4.4657148089000e-05;   -4593223
4.4675465627000e-05;   -4593223
4.4695477971000e-05;   -4593993
4.4713799901000e-05;   -4593993
4.4733808199000e-05;   -4594751
4.4752130260000e-05;   -4594751
4.4772139140000e-05;   -4595498
4.4792124222000e-05;   -4595498
4.4810461598000e-05;   -4596234
4.4830440283000e-05;   -4596234
4.4848773412000e-05;   -4596959
4.4868752460000e-05;   -4596959
4.4887086050000e-05;   -4597672
4.4907061502000e-05;   -4597672
4.4925399257000e-05;   -4598375
4.4945378967000e-05;   -4598375
4.4963713042000e-05;   -4599070
4.4983689043000e-05;   -4599070
4.5003693127000e-05;   -4599760
4.5022003604000e-05;   -4599760
4.5042008136000e-05;   -4600449
4.5060322814000e-05;   -4600449
4.5080323553000e-05;   -4601139
4.5098634413000e-05;   -4601139
4.5118639360000e-05;   -4601835
4.5136950701000e-05;   -4601835
4.5156955992000e-05;   -4602540
4.5175271372000e-05;   -4602540
4.5195273148000e-05;   -4603257
4.5215250720000e-05;   -4603257
4.5233590748000e-05;   -4603985
4.5253568582000e-05;   -4603985
4.5271908812000e-05;   -4604726
4.5291890958000e-05;   -4604726
4.5310227432000e-05;   -4605480
4.5330206013000e-05;   -4605480
4.5348546648000e-05;   -4606245
4.5368529517000e-05;   -4606245
4.5386866523000e-05;   -4607020
4.5406849543000e-05;   -4607020
4.5425186880000e-05;   -4607803
4.5445166343000e-05;   -4607803
4.5465174013000e-05;   -4608593
4.5483491625000e-05;   -4608593
4.5503495649000e-05;   -4609388
4.5521813512000e-05;   -4609388
4.5541817911000e-05;   -4610186
4.5560132145000e-05;   -4610186
4.5580140985000e-05;   -4610986
4.5598459626000e-05;   -4610986
4.5618464626000e-05;   -4611788
4.5636783504000e-05;   -4611788
4.5656789022000e-05;   -4612588
4.5676770537000e-05;   -4612588
4.5695113983000e-05;   -4613386
4.5715099754000e-05;   -4613386
4.5733439391000e-05;   -4614181
4.5753425488000e-05;   -4614181
4.5771765336000e-05;   -4614971
4.5791747502000e-05;   -4614971
4.5810091649000e-05;   -4615753
4.5830077646000e-05;   -4615753
4.5848418412000e-05;   -4616528
4.5868405253000e-05;   -4616528
4.5886746291000e-05;   -4617293
4.5906729603000e-05;   -4617293
4.5926741265000e-05;   -4618049
4.5945058574000e-05;   -4618049
4.5965070389000e-05;   -4618793
4.5983392018000e-05;   -4618793
4.6003400387000e-05;   -4619527
4.6021717997000e-05;   -4619527
4.6041730745000e-05;   -4620249
4.6060048682000e-05;   -4620249
4.6080061619000e-05;   -4620958
4.6098383771000e-05;   -4620958
4.6118392963000e-05;   -4621653
4.6138378291000e-05;   -4621653
4.6156725266000e-05;   -4622335
4.6176710719000e-05;   -4622335
4.6195057800000e-05;   -4623003
4.6215047579000e-05;   -4623003
4.6233391020000e-05;   -4623656
4.6253381042000e-05;   -4623656
4.6271724694000e-05;   -4624295
4.6291711132000e-05;   -4624295
4.6310058840000e-05;   -4624920
4.6330049360000e-05;   -4624920
4.6348393332000e-05;   -4625534
4.6368384315000e-05;   -4625534
4.6386728618000e-05;   -4626135
4.6406715629000e-05;   -4626135
4.6426730909000e-05;   -4626724
4.6445051359000e-05;   -4626724
4.6465066883000e-05;   -4627300
4.6483391698000e-05;   -4627300
4.6503403507000e-05;   -4627864
4.6521724348000e-05;   -4627864
4.6541740225000e-05;   -4628413
4.6560061535000e-05;   -4628413
4.6580077725000e-05;   -4628950
4.6598403150000e-05;   -4628950
4.6618415629000e-05;   -4629472
4.6636741237000e-05;   -4629472
4.6656754003000e-05;   -4629979
4.6676742528000e-05;   -4629979
4.6695092548000e-05;   -4630472
4.6715085314000e-05;   -4630472
4.6733431429000e-05;   -4630952
4.6753424533000e-05;   -4630952
4.6771770783000e-05;   -4631419
4.6791760101000e-05;   -4631419
4.6810110542000e-05;   -4631875
4.6830100157000e-05;   -4631875
4.6848450697000e-05;   -4632318
4.6868444350000e-05;   -4632318
4.6886791267000e-05;   -4632750
4.6906781260000e-05;   -4632750
4.6926799269000e-05;   -4633171
4.6945122303000e-05;   -4633171
4.6965140602000e-05;   -4633579
4.6983467640000e-05;   -4633579
4.7003481976000e-05;   -4633975
4.7021809290000e-05;   -4633975
4.7041823617000e-05;   -4634360
4.7060147015000e-05;   -4634360
4.7080165677000e-05;   -4634733
4.7098489432000e-05;   -4634733
4.7118508245000e-05;   -4635094
4.7136836084000e-05;   -4635094
4.7156851112000e-05;   -4635443
4.7176842062000e-05;   -4635443
4.7195194123000e-05;   -4635781
4.7215185155000e-05;   -4635781
4.7233537014000e-05;   -4636108
4.7253531907000e-05;   -4636108
4.7271880002000e-05;   -4636424
4.7291874734000e-05;   -4636424
4.7310222902000e-05;   -4636728
4.7330214309000e-05;   -4636728
4.7348566689000e-05;   -4637023
4.7368558517000e-05;   -4637023
4.7386901924000e-05;   -4637306
4.7406887126000e-05;   -4637306
4.7425225889000e-05;   -4637581
4.7445207232000e-05;   -4637581
4.7465216627000e-05;   -4637847
4.7483531845000e-05;   -4637847
4.7503541361000e-05;   -4638105
4.7521860744000e-05;   -4638105
4.7541866295000e-05;   -4638358
4.7560181591000e-05;   -4638358
4.7580191357000e-05;   -4638610
4.7598506861000e-05;   -4638610
4.7618516800000e-05;   -4638867
4.7636836305000e-05;   -4638867
4.7656842224000e-05;   -4639133
4.7676824085000e-05;   -4639133
4.7695167763000e-05;   -4639411
4.7715149910000e-05;   -4639411
4.7733493854000e-05;   -4639704
4.7753479944000e-05;   -4639704
4.7771819882000e-05;   -4640013
4.7791802071000e-05;   -4640013
4.7810146110000e-05;   -4640339
4.7830128593000e-05;   -4640339
4.7848472757000e-05;   -4640682
4.7868459257000e-05;   -4640682
4.7886799724000e-05;   -4641041
4.7906782388000e-05;   -4641041
4.7926793249000e-05;   -4641416
4.7945109730000e-05;   -4641416
4.7965120830000e-05;   -4641805
4.7983441388000e-05;   -4641805
4.8003448630000e-05;   -4642207
4.8021769303000e-05;   -4642207
4.8041776852000e-05;   -4642622
4.8060093683000e-05;   -4642622
4.8080105171000e-05;   -4643047
4.8098426162000e-05;   -4643047
4.8118434026000e-05;   -4643480
4.8136755215000e-05;   -4643480
4.8156763039000e-05;   -4643920
4.8176746827000e-05;   -4643920
4.8195092466000e-05;   -4644366
4.8215080577000e-05;   -4644366
4.8233422117000e-05;   -4644816
4.8253410560000e-05;   -4644816
4.8271752368000e-05;   -4645270
4.8291736823000e-05;   -4645270
4.8310082825000e-05;   -4645725
4.8330071302000e-05;   -4645725
4.8348413612000e-05;   -4646180
4.8368402334000e-05;   -4646180
4.8386744764000e-05;   -4646633
4.8406729724000e-05;   -4646633
4.8426742653000e-05;   -4647083
4.8445061275000e-05;   -4647083
4.8465074532000e-05;   -4647528
4.8483397263000e-05;   -4647528
4.8503406597000e-05;   -4647968
4.8521725549000e-05;   -4647968
4.8541739223000e-05;   -4648401
4.8560058179000e-05;   -4648401
4.8580072036000e-05;   -4648828
4.8598395251000e-05;   -4648828
4.8618405398000e-05;   -4649248
4.8638391265000e-05;   -4649248
4.8656738741000e-05;   -4649661
4.8676725027000e-05;   -4649661
4.8695072689000e-05;   -4650067
4.8715062927000e-05;   -4650067
4.8733406878000e-05;   -4650465
4.8753397413000e-05;   -4650465
4.8771741592000e-05;   -4650855
4.8791728335000e-05;   -4650855
4.8810076468000e-05;   -4651238
4.8830067499000e-05;   -4651238
4.8848411650000e-05;   -4651613
4.8868402625000e-05;   -4651613
4.8886747020000e-05;   -4651979
4.8906734274000e-05;   -4651979
4.8926749400000e-05;   -4652337
4.8945070007000e-05;   -4652337
4.8965085437000e-05;   -4652686
4.8983409974000e-05;   -4652686
4.9003421700000e-05;   -4653026
4.9021742403000e-05;   -4653026
4.9041758228000e-05;   -4653358
4.9060079244000e-05;   -4653358
4.9080094983000e-05;   -4653681
4.9098420102000e-05;   -4653681
4.9118432123000e-05;   -4653997
4.9136757281000e-05;   -4653997
4.9156769356000e-05;   -4654305
4.9176757654000e-05;   -4654305
4.9195107138000e-05;   -4654604
4.9215099561000e-05;   -4654604
4.9233445040000e-05;   -4654897
4.9253437340000e-05;   -4654897
4.9271783006000e-05;   -4655181
4.9291771572000e-05;   -4655181
4.9310121402000e-05;   -4655459
4.9330110150000e-05;   -4655459
4.9348460005000e-05;   -4655729
4.9368452769000e-05;   -4655729
4.9386798713000e-05;   -4655991
4.9406787578000e-05;   -4655991
4.9426804367000e-05;   -4656244
4.9445126165000e-05;   -4656244
4.9465143010000e-05;   -4656488
4.9483468538000e-05;   -4656488
4.9503481429000e-05;   -4656722
4.9521807320000e-05;   -4656722
4.9541820173000e-05;   -4656947
4.9560142092000e-05;   -4656947
4.9580159313000e-05;   -4657164
4.9598481494000e-05;   -4657164
4.9618499061000e-05;   -4657372
4.9636825478000e-05;   -4657372
4.9656838975000e-05;   -4657570
4.9676828532000e-05;   -4657570
4.9695179240000e-05;   -4657761
4.9715168722000e-05;   -4657761
4.9733519366000e-05;   -4657944
4.9753513059000e-05;   -4657944
4.9771859780000e-05;   -4658120
4.9791853604000e-05;   -4658120
4.9810194162000e-05;   -4658288
4.9830176881000e-05;   -4658288
4.9848521126000e-05;   -4658451
4.9868507895000e-05;   -4658451
4.9886848348000e-05;   -4658608
4.9906835608000e-05;   -4658608
4.9925176089000e-05;   -4658760
4.9945159070000e-05;   -4658760
4.9965170158000e-05;   -4658910
4.9983490809000e-05;   -4658910
5.0003497845000e-05;   -4659059
5.0021818401000e-05;   -4659059
5.0041825444000e-05;   -4659209
5.0060142193000e-05;   -4659209
5.0080153428000e-05;   -4659364
5.0098474257000e-05;   -4659364
5.0118481442000e-05;   -4659525
5.0136802230000e-05;   -4659525
5.0156809779000e-05;   -4659693
5.0176793042000e-05;   -4659693
5.0195137927000e-05;   -4659870
5.0215121444000e-05;   -4659870
5.0233466519000e-05;   -4660058
5.0253453997000e-05;   -4660058
5.0271794928000e-05;   -4660257
5.0291778581000e-05;   -4660257
5.0310123801000e-05;   -4660467
5.0330107457000e-05;   -4660467
5.0348452710000e-05;   -4660686
5.0368440481000e-05;   -4660686
5.0386781779000e-05;   -4660914
5.0406765682000e-05;   -4660914
5.0426777586000e-05;   -4661150
5.0445095076000e-05;   -4661150
5.0465107113000e-05;   -4661393
5.0483428446000e-05;   -4661393
5.0503436478000e-05;   -4661643
5.0521754011000e-05;   -4661643
5.0541766353000e-05;   -4661898
5.0560084028000e-05;   -4661898
5.0580096296000e-05;   -4662158
5.0598418014000e-05;   -4662158
5.0618426648000e-05;   -4662421
5.0636748507000e-05;   -4662421
5.0656756861000e-05;   -4662686
5.0676741581000e-05;   -4662686
5.0695087606000e-05;   -4662954
5.0715076325000e-05;   -4662954
5.0733418748000e-05;   -4663222
5.0753407472000e-05;   -4663222
5.0771749728000e-05;   -4663491
5.0791734675000e-05;   -4663491
5.0810081009000e-05;   -4663760
5.0830069792000e-05;   -4663760
5.0848412380000e-05;   -4664028
5.0868401635000e-05;   -4664028
5.0886744098000e-05;   -4664293
5.0906729237000e-05;   -4664293
5.0926742651000e-05;   -4664555
5.0945061529000e-05;   -4664555
5.0965074850000e-05;   -4664813
5.0983397504000e-05;   -4664813
5.1003407031000e-05;   -4665065
5.1021725985000e-05;   -4665065
5.1041739565000e-05;   -4665312
5.1060058576000e-05;   -4665312
5.1080072358000e-05;   -4665554
5.1098395493000e-05;   -4665554
5.1118405344000e-05;   -4665788
5.1138391115000e-05;   -4665788
5.1156738212000e-05;   -4666016
5.1176724179000e-05;   -4666016
5.1195071373000e-05;   -4666237
5.1215061526000e-05;   -4666237
5.1233405024000e-05;   -4666452
5.1253395213000e-05;   -4666452
5.1271738559000e-05;   -4666660
5.1291724795000e-05;   -4666660
5.1310072429000e-05;   -4666862
5.1330062796000e-05;   -4666862
5.1348406750000e-05;   -4667059
5.1368397082000e-05;   -4667059
5.1386740877000e-05;   -4667251
5.1406727445000e-05;   -4667251
5.1426741836000e-05;   -4667438
5.1445061679000e-05;   -4667438
5.1465076367000e-05;   -4667621
5.1483400138000e-05;   -4667621
5.1503410845000e-05;   -4667799
5.1521730813000e-05;   -4667799
5.1541745614000e-05;   -4667971
5.1560065580000e-05;   -4667971
5.1580080499000e-05;   -4668138
5.1598404525000e-05;   -4668138
5.1618415478000e-05;   -4668299
5.1636739800000e-05;   -4668299
5.1656750707000e-05;   -4668454
5.1676737652000e-05;   -4668454
5.1695086003000e-05;   -4668603
5.1715076881000e-05;   -4668603
5.1733421033000e-05;   -4668745
5.1753412159000e-05;   -4668745
5.1771756600000e-05;   -4668882
5.1791743666000e-05;   -4668882
5.1810091970000e-05;   -4669012
5.1830079268000e-05;   -4669012
5.1848427686000e-05;   -4669138
5.1868418996000e-05;   -4669138
5.1886763463000e-05;   -4669256
5.1906750669000e-05;   -4669256
5.1926766097000e-05;   -4669369
5.1945086605000e-05;   -4669369
5.1965102076000e-05;   -4669475
5.1983426613000e-05;   -4669475
5.2003438002000e-05;   -4669575
5.2021758704000e-05;   -4669575
5.2041774198000e-05;   -4669669
5.2060094931000e-05;   -4669669
5.2080110375000e-05;   -4669757
5.2098435122000e-05;   -4669757
5.2118446638000e-05;   -4669840
5.2136771371000e-05;   -4669840
5.2156782939000e-05;   -4669918
5.2176770493000e-05;   -4669918
5.2195119381000e-05;   -4669991
5.2215110884000e-05;   -4669991
5.2233455750000e-05;   -4670059
5.2253447349000e-05;   -4670059
5.2271792248000e-05;   -4670124
5.2291779865000e-05;   -4670124
5.2310128649000e-05;   -4670185
5.2330116396000e-05;   -4670185
5.2348465255000e-05;   -4670242
5.2368456928000e-05;   -4670242
5.2386801774000e-05;   -4670294
5.2406789657000e-05;   -4670294
5.2426805484000e-05;   -4670340
5.2445126399000e-05;   -4670340
5.2465142093000e-05;   -4670382
5.2483467057000e-05;   -4670382
5.2503478845000e-05;   -4670419
5.2521803692000e-05;   -4670419
5.2541815508000e-05;   -4670452
5.2560136514000e-05;   -4670452
5.2580152506000e-05;   -4670481
5.2598477497000e-05;   -4670481
5.2618489447000e-05;   -4670505
5.2636814548000e-05;   -4670505
5.2656826329000e-05;   -4670523
5.2676814218000e-05;   -4670523
5.2695163247000e-05;   -4670537
5.2715151139000e-05;   -4670537
5.2733500209000e-05;   -4670546
5.2753491969000e-05;   -4670546
5.2771837046000e-05;   -4670551
5.2791828853000e-05;   -4670551
5.2810173722000e-05;   -4670552
5.2830161714000e-05;   -4670552
5.2848510722000e-05;   -4670550
5.2868502638000e-05;   -4670550
5.2886847699000e-05;   -4670543
5.2906839547000e-05;   -4670543
5.2925184548000e-05;   -4670535
5.2945172407000e-05;   -4670535
5.2965188246000e-05;   -4670524
5.2983509267000e-05;   -4670524
5.3003525100000e-05;   -4670510
5.3021850341000e-05;   -4670510
5.3041862009000e-05;   -4670492
5.3060183027000e-05;   -4670492
5.3080198914000e-05;   -4670471
5.3098519898000e-05;   -4670471
5.3118535691000e-05;   -4670446
5.3136860880000e-05;   -4670446
5.3156872745000e-05;   -4670416
5.3175197759000e-05;   -4670416
5.3195209652000e-05;   -4670383
5.3215197465000e-05;   -4670383
5.3233546463000e-05;   -4670347
5.3253538236000e-05;   -4670347
5.3271883170000e-05;   -4670309
5.3291874958000e-05;   -4670309
5.3310219880000e-05;   -4670269
5.3330207637000e-05;   -4670269
5.3348556686000e-05;   -4670229
5.3368544309000e-05;   -4670229
5.3386893251000e-05;   -4670187
5.3406884878000e-05;   -4670187
5.3425229798000e-05;   -4670143
5.3445217432000e-05;   -4670143
5.3465233180000e-05;   -4670096
5.3483554093000e-05;   -4670096
5.3503569893000e-05;   -4670045
5.3521894694000e-05;   -4670045
5.3541906501000e-05;   -4669991
5.3560231309000e-05;   -4669991
5.3580242971000e-05;   -4669933
5.3598563819000e-05;   -4669933
5.3618579458000e-05;   -4669874
5.3636904454000e-05;   -4669874
5.3656915978000e-05;   -4669810
5.3675240656000e-05;   -4669810
5.3695252105000e-05;   -4669744
5.3715239628000e-05;   -4669744
5.3733588429000e-05;   -4669674
5.3753576000000e-05;   -4669674
5.3771924680000e-05;   -4669603
5.3791916214000e-05;   -4669603
5.3810260839000e-05;   -4669530
5.3830248336000e-05;   -4669530
5.3848597043000e-05;   -4669453
5.3868584354000e-05;   -4669453
5.3886932898000e-05;   -4669375
5.3906924048000e-05;   -4669375
5.3925268721000e-05;   -4669295
5.3945260156000e-05;   -4669295
5.3963604467000e-05;   -4669213
5.3983591862000e-05;   -4669213
5.4003607134000e-05;   -4669128
5.4021931751000e-05;   -4669128
5.4041943011000e-05;   -4669043
5.4060267638000e-05;   -4669043
5.4080278751000e-05;   -4668956
5.4098599326000e-05;   -4668956
5.4118614502000e-05;   -4668868
5.4136935015000e-05;   -4668868
5.4156950139000e-05;   -4668779
5.4175274399000e-05;   -4668779
5.4195285604000e-05;   -4668686
5.4215272783000e-05;   -4668686
5.4233621088000e-05;   -4668590
5.4253608069000e-05;   -4668590
5.4271956301000e-05;   -4668490
5.4291947258000e-05;   -4668490
5.4310291474000e-05;   -4668387
5.4330278545000e-05;   -4668387
5.4348626850000e-05;   -4668280
5.4368613721000e-05;   -4668280
5.4386962030000e-05;   -4668171
5.4406953014000e-05;   -4668171
5.4425297157000e-05;   -4668061
5.4445288068000e-05;   -4668061
5.4463632174000e-05;   -4667950
5.4483619033000e-05;   -4667950
5.4503633782000e-05;   -4667837
5.4521957985000e-05;   -4667837
5.4541968838000e-05;   -4667724
5.4560292936000e-05;   -4667724
5.4580303634000e-05;   -4667611
5.4598623596000e-05;   -4667611
5.4618638160000e-05;   -4667497
5.4636957958000e-05;   -4667497
5.4656972710000e-05;   -4667384
5.4675296518000e-05;   -4667384
5.4695306961000e-05;   -4667271
5.4715293700000e-05;   -4667271
5.4733641428000e-05;   -4667157
5.4753628055000e-05;   -4667157
5.4771975757000e-05;   -4667043
5.4791966276000e-05;   -4667043
5.4810310015000e-05;   -4666929
5.4830300448000e-05;   -4666929
5.4848644060000e-05;   -4666814
5.4868630411000e-05;   -4666814
5.4886978079000e-05;   -4666698
5.4906968351000e-05;   -4666698
5.4925311922000e-05;   -4666580
5.4945302228000e-05;   -4666580
5.4963645757000e-05;   -4666461
5.4983632168000e-05;   -4666461
5.5003646309000e-05;   -4666341
5.5021969731000e-05;   -4666341
5.5041979903000e-05;   -4666221
5.5060303328000e-05;   -4666221
5.5080313366000e-05;   -4666099
5.5098632814000e-05;   -4666099
5.5118646961000e-05;   -4665974
5.5136966416000e-05;   -4665974
5.5156980624000e-05;   -4665849
5.5175303881000e-05;   -4665849
5.5195313860000e-05;   -4665720
5.5215299888000e-05;   -4665720
5.5233646857000e-05;   -4665590
5.5253632739000e-05;   -4665590
5.5271979817000e-05;   -4665457
5.5291969642000e-05;   -4665457
5.5310312785000e-05;   -4665322
5.5330302462000e-05;   -4665322
5.5348645599000e-05;   -4665185
5.5368631364000e-05;   -4665185
5.5386978395000e-05;   -4665048
5.5406968141000e-05;   -4665048
5.5425311077000e-05;   -4664911
5.5445300774000e-05;   -4664911
5.5463643678000e-05;   -4664774
5.5483629216000e-05;   -4664774
5.5503642819000e-05;   -4664638
5.5521965546000e-05;   -4664638
5.5541975104000e-05;   -4664503
5.5560298115000e-05;   -4664503
5.5580307565000e-05;   -4664369
5.5598626307000e-05;   -4664369
5.5618639591000e-05;   -4664235
5.5636958284000e-05;   -4664235
5.5656971608000e-05;   -4664102
5.5675294374000e-05;   -4664102
5.5695303651000e-05;   -4663967
5.5715288896000e-05;   -4663967
5.5733635391000e-05;   -4663832
5.5753620690000e-05;   -4663832
5.5771967310000e-05;   -4663698
5.5791956390000e-05;   -4663698
5.5810298880000e-05;   -4663563
5.5830283969000e-05;   -4663563
5.5848630540000e-05;   -4663427
5.5868615652000e-05;   -4663427
5.5886962010000e-05;   -4663290
5.5906950949000e-05;   -4663290
5.5925293321000e-05;   -4663152
5.5945282184000e-05;   -4663152
5.5963624522000e-05;   -4663012
5.5983609426000e-05;   -4663012
5.6003622362000e-05;   -4662872
5.6021944490000e-05;   -4662872
5.6041953253000e-05;   -4662732
5.6060275438000e-05;   -4662732
5.6080284151000e-05;   -4662590
5.6098602300000e-05;   -4662590
5.6118614840000e-05;   -4662450
5.6136936942000e-05;   -4662450
5.6156945550000e-05;   -4662308
5.6175267585000e-05;   -4662308
5.6195276291000e-05;   -4662167
5.6215260718000e-05;   -4662167
5.6233606605000e-05;   -4662025
5.6253591089000e-05;   -4662025
5.6271936933000e-05;   -4661883
5.6291925444000e-05;   -4661883
5.6310267371000e-05;   -4661741
5.6330251614000e-05;   -4661741
5.6348597191000e-05;   -4661600
5.6368581453000e-05;   -4661600
5.6386927267000e-05;   -4661458
5.6406915436000e-05;   -4661458
5.6425256991000e-05;   -4661316
5.6445241217000e-05;   -4661316
5.6465253321000e-05;   -4661173
5.6483570770000e-05;   -4661173
5.6503582952000e-05;   -4661029
5.6521904576000e-05;   -4661029
5.6541912650000e-05;   -4660885
5.6560234062000e-05;   -4660885
5.6580242145000e-05;   -4660740
5.6598559596000e-05;   -4660740
5.6618571401000e-05;   -4660595
5.6636892568000e-05;   -4660595
5.6656900357000e-05;   -4660448
5.6675221735000e-05;   -4660448
5.6695229504000e-05;   -4660302
5.6715213077000e-05;   -4660302
5.6733558366000e-05;   -4660155
5.6753545886000e-05;   -4660155
5.6771886914000e-05;   -4660008
5.6791874594000e-05;   -4660008
5.6810215629000e-05;   -4659860
5.6830199142000e-05;   -4659860
5.6848544171000e-05;   -4659713
5.6868531586000e-05;   -4659713
5.6886872499000e-05;   -4659565
5.6906859931000e-05;   -4659565
5.6925200864000e-05;   -4659419
5.6945184015000e-05;   -4659419
5.6965195311000e-05;   -4659271
5.6983512178000e-05;   -4659271
5.7003523471000e-05;   -4659123
5.7021844180000e-05;   -4659123
5.7041851409000e-05;   -4658975
5.7060167995000e-05;   -4658975
5.7080179335000e-05;   -4658827
5.7098496096000e-05;   -4658827
5.7118507196000e-05;   -4658678
5.7136827862000e-05;   -4658678
5.7156834856000e-05;   -4658529
5.7176817852000e-05;   -4658529
5.7195162298000e-05;   -4658380
5.7215145422000e-05;   -4658380
5.7233489830000e-05;   -4658234
5.7253476606000e-05;   -4658234
5.7271816849000e-05;   -4658088
5.7291799377000e-05;   -4658088
5.7310143635000e-05;   -4657944
5.7330126103000e-05;   -4657944
5.7348476889000e-05;   -4657802
5.7368470783000e-05;   -4657802
5.7386817455000e-05;   -4657659
5.7406811183000e-05;   -4657659
5.7425157781000e-05;   -4657515
5.7445147426000e-05;   -4657515
5.7465165004000e-05;   -4657370
5.7483491536000e-05;   -4657370
5.7503504935000e-05;   -4657222
5.7521831519000e-05;   -4657222
5.7541845046000e-05;   -4657070
5.7560167659000e-05;   -4657070
5.7580185116000e-05;   -4656911
5.7598507627000e-05;   -4656911
5.7618524910000e-05;   -4656741
5.7636851261000e-05;   -4656741
5.7656864286000e-05;   -4656557
5.7676853373000e-05;   -4656557
5.7695203263000e-05;   -4656358
5.7715191946000e-05;   -4656358
5.7733541691000e-05;   -4656141
5.7753534465000e-05;   -4656141
5.7771880064000e-05;   -4655908
5.7791872765000e-05;   -4655908
5.7810218713000e-05;   -4655658
5.7830207306000e-05;   -4655658
5.7848557429000e-05;   -4655392
5.7868546314000e-05;   -4655392
5.7886896013000e-05;   -4655110
5.7906888840000e-05;   -4655110
5.7925234561000e-05;   -4654813
5.7945223153000e-05;   -4654813
5.7965239600000e-05;   -4654503
5.7983561184000e-05;   -4654503
5.8003577513000e-05;   -4654179
5.8021903060000e-05;   -4654179
5.8041915357000e-05;   -4653843
5.8060240676000e-05;   -4653843
5.8080252749000e-05;   -4653497
5.8098574076000e-05;   -4653497
5.8118590073000e-05;   -4653142
5.8136915268000e-05;   -4653142
5.8156926993000e-05;   -4652778
5.8175251956000e-05;   -4652778
5.8195263660000e-05;   -4652409
5.8215251340000e-05;   -4652409
5.8233600175000e-05;   -4652035
5.8253587710000e-05;   -4652035
5.8271936222000e-05;   -4651657
5.8291927529000e-05;   -4651657
5.8310271851000e-05;   -4651274
5.8330258943000e-05;   -4651274
5.8348607183000e-05;   -4650887
5.8368594166000e-05;   -4650887
5.8386942304000e-05;   -4650498
5.8406933082000e-05;   -4650498
5.8425277027000e-05;   -4650108
5.8445267788000e-05;   -4650108
5.8463611521000e-05;   -4649717
5.8483598254000e-05;   -4649717
5.8503612483000e-05;   -4649325
5.8521936076000e-05;   -4649325
5.8541946227000e-05;   -4648934
5.8560269847000e-05;   -4648934
5.8580279921000e-05;   -4648545
5.8598599453000e-05;   -4648545
5.8618613342000e-05;   -4648156
5.8636936633000e-05;   -4648156
5.8656946402000e-05;   -4647767
5.8675269468000e-05;   -4647767
5.8695279103000e-05;   -4647379
5.8715264583000e-05;   -4647379
5.8733611298000e-05;   -4646993
5.8753596709000e-05;   -4646993
5.8771943502000e-05;   -4646609
5.8791932776000e-05;   -4646609
5.8810275253000e-05;   -4646226
5.8830260432000e-05;   -4646226
5.8848606720000e-05;   -4645844
5.8868591700000e-05;   -4645844
5.8886937852000e-05;   -4645465
5.8906926776000e-05;   -4645465
5.8925268749000e-05;   -4645087
5.8945253390000e-05;   -4645087
5.8965265948000e-05;   -4644713
5.8983583950000e-05;   -4644713
5.9003596311000e-05;   -4644342
5.9021918114000e-05;   -4644342
5.9041926447000e-05;   -4643974
5.9060247946000e-05;   -4643974
5.9080255854000e-05;   -4643611
5.9098573556000e-05;   -4643611
5.9118585385000e-05;   -4643250
5.9136906775000e-05;   -4643250
5.9156914525000e-05;   -4642894
5.9175235741000e-05;   -4642894
5.9195243423000e-05;   -4642542
5.9215227193000e-05;   -4642542
5.9233572094000e-05;   -4642195
5.9253559536000e-05;   -4642195
5.9271900390000e-05;   -4641851
5.9291887717000e-05;   -4641851
5.9310228514000e-05;   -4641510
5.9330211648000e-05;   -4641510
5.9348556164000e-05;   -4641172
5.9368539221000e-05;   -4641172
5.9386883711000e-05;   -4640838
5.9406870641000e-05;   -4640838
5.9425211117000e-05;   -4640506
5.9445193848000e-05;   -4640506
5.9465204548000e-05;   -4640178
5.9483520902000e-05;   -4640178
5.9503531400000e-05;   -4639853
5.9521851464000e-05;   -4639853
5.9541857760000e-05;   -4639529
5.9560173677000e-05;   -4639529
5.9580183915000e-05;   -4639209
5.9598499635000e-05;   -4639209
5.9618509699000e-05;   -4638891
5.9636829436000e-05;   -4638891
5.9656835371000e-05;   -4638576
5.9676817194000e-05;   -4638576
5.9695160780000e-05;   -4638262
5.9715142567000e-05;   -4638262
5.9733485920000e-05;   -4637951
5.9753471758000e-05;   -4637951
5.9771811083000e-05;   -4637642
5.9791792732000e-05;   -4637642
5.9810135977000e-05;   -4637338
5.9830117412000e-05;   -4637338
5.9848460294000e-05;   -4637038
5.9868445637000e-05;   -4637038
5.9886784462000e-05;   -4636743
5.9906765634000e-05;   -4636743
5.9926784928000e-05;   -4636452
5.9945109503000e-05;   -4636452
5.9965129027000e-05;   -4636165
5.9983457428000e-05;   -4636165
6.0003472476000e-05;   -4635881
6.0021800457000e-05;   -4635881
6.0041815364000e-05;   -4635600
6.0060139165000e-05;   -4635600
6.0080158011000e-05;   -4635319
6.0098481641000e-05;   -4635319
6.0118500650000e-05;   -4635033
6.0136828647000e-05;   -4635033
6.0156843631000e-05;   -4634738
6.0176834467000e-05;   -4634738
6.0195186080000e-05;   -4634430
6.0215176988000e-05;   -4634430
6.0233528494000e-05;   -4634107
6.0253523346000e-05;   -4634107
6.0271870879000e-05;   -4633765
6.0291865367000e-05;   -4633765
6.0310212618000e-05;   -4633400
6.0330203130000e-05;   -4633400
6.0348554289000e-05;   -4633014
6.0368544664000e-05;   -4633014
6.0386895721000e-05;   -4632605
6.0406889821000e-05;   -4632605
6.0425236795000e-05;   -4632172
6.0445226675000e-05;   -4632172
6.0465244384000e-05;   -4631717
6.0483567133000e-05;   -4631717
6.0503584873000e-05;   -4631240
6.0521911551000e-05;   -4631240
6.0541924820000e-05;   -4630743
6.0560251329000e-05;   -4630743
6.0580264516000e-05;   -4630228
6.0598586782000e-05;   -4630228
6.0618603690000e-05;   -4629696
6.0636929600000e-05;   -4629696
6.0656942285000e-05;   -4629151
6.0675268107000e-05;   -4629151
6.0695280517000e-05;   -4628596
6.0715269100000e-05;   -4628596
6.0733618570000e-05;   -4628032
6.0753606869000e-05;   -4628032
6.0771956104000e-05;   -4627461
6.0791948035000e-05;   -4627461
6.0810293050000e-05;   -4626885
6.0830280996000e-05;   -4626885
6.0848629766000e-05;   -4626303
6.0868617381000e-05;   -4626303
6.0886965916000e-05;   -4625717
6.0906957090000e-05;   -4625717
6.0925301516000e-05;   -4625128
6.0945292738000e-05;   -4625128
6.0963636707000e-05;   -4624537
6.0983623526000e-05;   -4624537
6.1003638249000e-05;   -4623945
6.1021962179000e-05;   -4623945
6.1041972691000e-05;   -4623352
6.1060296402000e-05;   -4623352
6.1080306485000e-05;   -4622759
6.1098625967000e-05;   -4622759
6.1118639866000e-05;   -4622167
6.1136959381000e-05;   -4622167
6.1156973089000e-05;   -4621577
6.1175295960000e-05;   -4621577
6.1195305463000e-05;   -4620991
6.1215290940000e-05;   -4620991
6.1233637532000e-05;   -4620408
6.1253622801000e-05;   -4620408
6.1271969217000e-05;   -4619829
6.1291958002000e-05;   -4619829
6.1310300133000e-05;   -4619255
6.1330288741000e-05;   -4619255
6.1348630756000e-05;   -4618685
6.1368615208000e-05;   -4618685
6.1386960943000e-05;   -4618121
6.1406949174000e-05;   -4618121
6.1425290682000e-05;   -4617564
6.1445278709000e-05;   -4617564
6.1463620084000e-05;   -4617012
6.1483603828000e-05;   -4617012
6.1503615434000e-05;   -4616466
6.1521936529000e-05;   -4616466
6.1541943844000e-05;   -4615927
6.1560264688000e-05;   -4615927
6.1580271799000e-05;   -4615395
6.1598588413000e-05;   -4615395
6.1618599158000e-05;   -4614869
6.1636920038000e-05;   -4614869
6.1656925990000e-05;   -4614349
6.1675245848000e-05;   -4614349
6.1695252103000e-05;   -4613834
6.1715234192000e-05;   -4613834
6.1733578351000e-05;   -4613325
6.1753564672000e-05;   -4613325
6.1771904257000e-05;   -4612820
6.1791890236000e-05;   -4612820
6.1810229722000e-05;   -4612321
6.1830211483000e-05;   -4612321
6.1848554705000e-05;   -4611827
6.1868540372000e-05;   -4611827
6.1886879612000e-05;   -4611340
6.1906864905000e-05;   -4611340
6.1925203853000e-05;   -4610858
6.1945184984000e-05;   -4610858
6.1965194132000e-05;   -4610385
6.1983508892000e-05;   -4610385
6.2003517696000e-05;   -4609919
6.2021836420000e-05;   -4609919
6.2041841081000e-05;   -4609461
6.2060155522000e-05;   -4609461
6.2080163961000e-05;   -4609011
6.2098478196000e-05;   -4609011
6.2118486493000e-05;   -4608567
6.2136804578000e-05;   -4608567
6.2156808752000e-05;   -4608130
6.2176788817000e-05;   -4608130
6.2195130617000e-05;   -4607700
6.2215110279000e-05;   -4607700
6.2233451906000e-05;   -4607276
6.2253435463000e-05;   -4607276
6.2271772882000e-05;   -4606859
6.2291752398000e-05;   -4606859
6.2310093709000e-05;   -4606448
6.2330077228000e-05;   -4606448
6.2348414234000e-05;   -4606044
6.2368397301000e-05;   -4606044
6.2386734297000e-05;   -4605644
6.2406713241000e-05;   -4605644
6.2426720009000e-05;   -4605249
6.2445036672000e-05;   -4605249
6.2465039500000e-05;   -4604860
6.2483356089000e-05;   -4604860
6.2503358524000e-05;   -4604475
6.2521670941000e-05;   -4604475
6.2541677421000e-05;   -4604097
6.2559993760000e-05;   -4604097
6.2579995946000e-05;   -4603725
6.2598312202000e-05;   -4603725
6.2618314461000e-05;   -4603358
6.2638292629000e-05;   -4603358
6.2656632801000e-05;   -4602996
6.2676614659000e-05;   -4602996
6.2694950526000e-05;   -4602640
6.2714932163000e-05;   -4602640
6.2733267929000e-05;   -4602289
6.2753245585000e-05;   -4602289
6.2771585090000e-05;   -4601944
6.2791566651000e-05;   -4601944
6.2809902275000e-05;   -4601604
6.2829883729000e-05;   -4601604
6.2848218998000e-05;   -4601268
6.2868196330000e-05;   -4601268
6.2888201434000e-05;   -4600938
6.2906516674000e-05;   -4600938
6.2926517602000e-05;   -4600613
6.2944828766000e-05;   -4600613
6.2964833616000e-05;   -4600294
6.2983144423000e-05;   -4600294
6.3003149179000e-05;   -4599979
6.3021464050000e-05;   -4599979
6.3041464628000e-05;   -4599668
6.3061441105000e-05;   -4599668
6.3079779685000e-05;   -4599362
6.3099756183000e-05;   -4599362
6.3118094653000e-05;   -4599059
6.3138074889000e-05;   -4599059
6.3156409267000e-05;   -4598761
6.3176385432000e-05;   -4598761
6.3194723855000e-05;   -4598468
6.3214699883000e-05;   -4598468
6.3233038053000e-05;   -4598178
6.3253017964000e-05;   -4598178
6.3271351881000e-05;   -4597893
6.3291327550000e-05;   -4597893
6.3311331253000e-05;   -4597613
6.3329645175000e-05;   -4597613
6.3349644634000e-05;   -4597338
6.3367958459000e-05;   -4597338
6.3387957952000e-05;   -4597066
6.3406267625000e-05;   -4597066
6.3426271047000e-05;   -4596798
6.3444584684000e-05;   -4596798
6.3464583876000e-05;   -4596534
6.3482897399000e-05;   -4596534
6.3502896528000e-05;   -4596273
6.3522871479000e-05;   -4596273
6.3541208810000e-05;   -4596016
6.3561187867000e-05;   -4596016
6.3579521093000e-05;   -4595763
6.3599495979000e-05;   -4595763
6.3617833067000e-05;   -4595514
6.3637807812000e-05;   -4595514
6.3656144949000e-05;   -4595269
6.3676123724000e-05;   -4595269
6.3694456679000e-05;   -4595029
6.3714431328000e-05;   -4595029
6.3734444167000e-05;   -4594792
6.3752762784000e-05;   -4594792
6.3772775791000e-05;   -4594559
6.3791098364000e-05;   -4594559
6.3811106884000e-05;   -4594329
6.3829424887000e-05;   -4594329
6.3849437516000e-05;   -4594102
6.3867755422000e-05;   -4594102
6.3887767794000e-05;   -4593873
6.3906089735000e-05;   -4593873
6.3926098087000e-05;   -4593638
6.3946082572000e-05;   -4593638
6.3964428529000e-05;   -4593393
6.3984412973000e-05;   -4593393
6.4002758989000e-05;   -4593134
6.4022747381000e-05;   -4593134
6.4041089225000e-05;   -4592858
6.4061077572000e-05;   -4592858
6.4079419285000e-05;   -4592561
6.4099403672000e-05;   -4592561
6.4117749244000e-05;   -4592243
6.4137737326000e-05;   -4592243
6.4156079013000e-05;   -4591902
6.4176067013000e-05;   -4591902
6.4194408317000e-05;   -4591537
6.4214392281000e-05;   -4591537
6.4234404111000e-05;   -4591152
6.4252725444000e-05;   -4591152
6.4272732805000e-05;   -4590746
6.4291054047000e-05;   -4590746
6.4311061447000e-05;   -4590321
6.4329378343000e-05;   -4590321
6.4349389589000e-05;   -4589877
6.4367706647000e-05;   -4589877
6.4387717475000e-05;   -4589416
6.4406038094000e-05;   -4589416
6.4426044925000e-05;   -4588941
6.4446027753000e-05;   -4588941
6.4464371919000e-05;   -4588452
6.4484354542000e-05;   -4588452
6.4502698713000e-05;   -4587951
6.4522685268000e-05;   -4587951
6.4541025079000e-05;   -4587440
6.4561007213000e-05;   -4587440
6.4579350820000e-05;   -4586919
6.4599332595000e-05;   -4586919
6.4617676175000e-05;   -4586391
6.4637661904000e-05;   -4586391
6.4656001232000e-05;   -4585857
6.4675982948000e-05;   -4585857
6.4695992235000e-05;   -4585320
6.4714307423000e-05;   -4585320
6.4734316610000e-05;   -4584781
6.4752635303000e-05;   -4584781
6.4772640230000e-05;   -4584242
6.4790954858000e-05;   -4584242
6.4810963508000e-05;   -4583704
6.4829277816000e-05;   -4583704
6.4849286385000e-05;   -4583167
6.4867604626000e-05;   -4583167
6.4887608858000e-05;   -4582632
6.4907589110000e-05;   -4582632
6.4925931009000e-05;   -4582101
6.4945911015000e-05;   -4582101
6.4964252794000e-05;   -4581574
6.4984236556000e-05;   -4581574
6.5002573958000e-05;   -4581051
6.5022553474000e-05;   -4581051
6.5040894861000e-05;   -4580532
6.5060874314000e-05;   -4580532
6.5079215398000e-05;   -4580017
6.5099198714000e-05;   -4580017
6.5117535643000e-05;   -4579507
6.5137514774000e-05;   -4579507
6.5157521605000e-05;   -4579001
6.5175834311000e-05;   -4579001
6.5195840959000e-05;   -4578499
6.5214157407000e-05;   -4578499
6.5234159683000e-05;   -4578002
6.5252472094000e-05;   -4578002
6.5272478308000e-05;   -4577510
6.5290790396000e-05;   -4577510
6.5310796148000e-05;   -4577023
6.5329112038000e-05;   -4577023
6.5349113820000e-05;   -4576539
6.5369091628000e-05;   -4576539
6.5387431320000e-05;   -4576061
6.5407412757000e-05;   -4576061
6.5425748268000e-05;   -4575589
6.5445729484000e-05;   -4575589
6.5464064573000e-05;   -4575123
6.5484041533000e-05;   -4575123
6.5502380557000e-05;   -4574663
6.5522361662000e-05;   -4574663
6.5540696412000e-05;   -4574209
6.5560677336000e-05;   -4574209
6.5579012110000e-05;   -4573761
6.5598988723000e-05;   -4573761
6.5618993092000e-05;   -4573321
6.5637307678000e-05;   -4573321
6.5657314625000e-05;   -4572888
6.5675635428000e-05;   -4572888
6.5695642708000e-05;   -4572462
6.5713959311000e-05;   -4572462
6.5733970173000e-05;   -4572042
6.5752290696000e-05;   -4572042
6.5772297147000e-05;   -4571628
6.5790617278000e-05;   -4571628
6.5810623546000e-05;   -4571218
6.5830605761000e-05;   -4571218
6.5848949818000e-05;   -4570808
6.5868936338000e-05;   -4570808
6.5887276278000e-05;   -4570395
6.5907262565000e-05;   -4570395
6.5925602329000e-05;   -4569977
6.5945584391000e-05;   -4569977
6.5963927929000e-05;   -4569549
6.5983913778000e-05;   -4569549
6.6002253279000e-05;   -4569112
6.6022238971000e-05;   -4569112
6.6040578283000e-05;   -4568664
6.6060559735000e-05;   -4568664
6.6080569188000e-05;   -4568206
6.6098888311000e-05;   -4568206
6.6118893511000e-05;   -4567738
6.6137212406000e-05;   -4567738
6.6157217452000e-05;   -4567260
6.6175532150000e-05;   -4567260
6.6195541089000e-05;   -4566772
6.6213859563000e-05;   -4566772
6.6233864050000e-05;   -4566275
6.6252182507000e-05;   -4566275
6.6272186861000e-05;   -4565768
6.6292167368000e-05;   -4565768
6.6310509182000e-05;   -4565253
6.6330493325000e-05;   -4565253
6.6348831108000e-05;   -4564733
6.6368814958000e-05;   -4564733
6.6387152679000e-05;   -4564207
6.6407132281000e-05;   -4564207
6.6425473753000e-05;   -4563677
6.6445457410000e-05;   -4563677
6.6463794598000e-05;   -4563145
6.6483777996000e-05;   -4563145
6.6502114851000e-05;   -4562611
6.6522093871000e-05;   -4562611
6.6542100723000e-05;   -4562075
6.6560417530000e-05;   -4562075
6.6580420032000e-05;   -4561539
6.6598736606000e-05;   -4561539
6.6618739131000e-05;   -4561004
6.6637051589000e-05;   -4561004
6.6657057615000e-05;   -4560471
6.6675374023000e-05;   -4560471
6.6695376002000e-05;   -4559940
6.6713692167000e-05;   -4559940
6.6733693813000e-05;   -4559412
6.6753671628000e-05;   -4559412
6.6772011247000e-05;   -4558888
6.6791992978000e-05;   -4558888
6.6810328461000e-05;   -4558369
6.6830309742000e-05;   -4558369
6.6848644961000e-05;   -4557855
6.6868622089000e-05;   -4557855
6.6886961085000e-05;   -4557346
6.6906942104000e-05;   -4557346
6.6925276702000e-05;   -4556843
6.6945257514000e-05;   -4556843
6.6963592166000e-05;   -4556345
6.6983568814000e-05;   -4556345
6.7003573135000e-05;   -4555855
6.7021887658000e-05;   -4555855
6.7041887857000e-05;   -4555370
6.7060198154000e-05;   -4555370
6.7080202037000e-05;   -4554892
6.7098512024000e-05;   -4554892
6.7118515737000e-05;   -4554419
6.7136829451000e-05;   -4554419
6.7156829086000e-05;   -4553951
6.7176804489000e-05;   -4553951
6.7195142189000e-05;   -4553486
6.7215117470000e-05;   -4553486
6.7233454738000e-05;   -4553026
6.7253434071000e-05;   -4553026
6.7271767225000e-05;   -4552572
6.7291742247000e-05;   -4552572
6.7310079243000e-05;   -4552124
6.7330058082000e-05;   -4552124
6.7348400084000e-05;   -4551682
6.7368389353000e-05;   -4551682
6.7386731670000e-05;   -4551247
6.7406716440000e-05;   -4551247
6.7426729011000e-05;   -4550818
6.7445046917000e-05;   -4550818
6.7465059154000e-05;   -4550395
6.7483381091000e-05;   -4550395
6.7503389452000e-05;   -4549973
6.7521707367000e-05;   -4549973
6.7541719714000e-05;   -4549550
6.7560037371000e-05;   -4549550
6.7580049472000e-05;   -4549121
6.7598371174000e-05;   -4549121
6.7618379155000e-05;   -4548682
6.7638363033000e-05;   -4548682
6.7656708358000e-05;   -4548229
6.7676692150000e-05;   -4548229
6.7695037250000e-05;   -4547760
6.7715024741000e-05;   -4547760
6.7733365744000e-05;   -4547271
6.7753349054000e-05;   -4547271
6.7771693811000e-05;   -4546763
6.7791676995000e-05;   -4546763
6.7810021652000e-05;   -4546236
6.7830008646000e-05;   -4546236
6.7848348983000e-05;   -4545691
6.7868335934000e-05;   -4545691
6.7886676065000e-05;   -4545128
6.7906658663000e-05;   -4545128
6.7926668963000e-05;   -4544549
6.7944988883000e-05;   -4544549
6.7964994936000e-05;   -4543956
6.7983314628000e-05;   -4543956
6.8003320460000e-05;   -4543349
6.8021635937000e-05;   -4543349
6.8041645515000e-05;   -4542732
6.8059964660000e-05;   -4542732
6.8079970011000e-05;   -4542106
6.8098288881000e-05;   -4542106
6.8118293878000e-05;   -4541472
6.8138274962000e-05;   -4541472
6.8156617601000e-05;   -4540832
6.8176602242000e-05;   -4540832
6.8194940619000e-05;   -4540187
6.8214925037000e-05;   -4540187
6.8233263052000e-05;   -4539537
6.8253243311000e-05;   -4539537
6.8271585220000e-05;   -4538885
6.8291569290000e-05;   -4538885
6.8309907097000e-05;   -4538232
6.8329890889000e-05;   -4538232
6.8348228280000e-05;   -4537578
6.8368207820000e-05;   -4537578
6.8388215020000e-05;   -4536926
6.8406532220000e-05;   -4536926
6.8426535247000e-05;   -4536276
6.8444852118000e-05;   -4536276
6.8464854622000e-05;   -4535628
6.8483167372000e-05;   -4535628
6.8503173675000e-05;   -4534982
6.8521490193000e-05;   -4534982
6.8541492389000e-05;   -4534340
6.8559808501000e-05;   -4534340
6.8579810225000e-05;   -4533702
6.8599788062000e-05;   -4533702
6.8618127726000e-05;   -4533070
6.8638109244000e-05;   -4533070
6.8656444885000e-05;   -4532445
6.8676422281000e-05;   -4532445
6.8694761447000e-05;   -4531826
6.8714738635000e-05;   -4531826
6.8733077497000e-05;   -4531213
6.8753058396000e-05;   -4531213
6.8771393127000e-05;   -4530608
6.8791369656000e-05;   -4530608
6.8811373985000e-05;   -4530010
6.8829684360000e-05;   -4530010
6.8849688181000e-05;   -4529420
6.8868002144000e-05;   -4529420
6.8888001982000e-05;   -4528839
6.8906311914000e-05;   -4528839
6.8926315659000e-05;   -4528266
6.8944629410000e-05;   -4528266
6.8964628770000e-05;   -4527703
6.8982942480000e-05;   -4527703
6.9002941768000e-05;   -4527148
6.9022916873000e-05;   -4527148
6.9041254389000e-05;   -4526603
6.9061233305000e-05;   -4526603
6.9079566168000e-05;   -4526065
6.9099544995000e-05;   -4526065
6.9117877722000e-05;   -4525535
6.9137852359000e-05;   -4525535
6.9156188864000e-05;   -4525013
6.9176167174000e-05;   -4525013
6.9194499681000e-05;   -4524498
6.9214473843000e-05;   -4524498
6.9234475753000e-05;   -4523990
6.9252783867000e-05;   -4523990
6.9272785565000e-05;   -4523491
6.9291097477000e-05;   -4523491
6.9311095050000e-05;   -4523000
6.9329402821000e-05;   -4523000
6.9349404101000e-05;   -4522515
6.9367711676000e-05;   -4522515
6.9387712567000e-05;   -4522038
6.9406024039000e-05;   -4522038
6.9426020883000e-05;   -4521568
6.9445993799000e-05;   -4521568
6.9464328985000e-05;   -4521105
6.9484305579000e-05;   -4521105
6.9502636434000e-05;   -4520650
6.9522612910000e-05;   -4520650
6.9540943658000e-05;   -4520202
6.9560915819000e-05;   -4520202
6.9579250366000e-05;   -4519762
6.9599226489000e-05;   -4519762
6.9617556869000e-05;   -4519330
6.9637528861000e-05;   -4519330
6.9657528605000e-05;   -4518906
6.9675834897000e-05;   -4518906
6.9695834571000e-05;   -4518490
6.9714144477000e-05;   -4518490
6.9734139960000e-05;   -4518082
6.9752446050000e-05;   -4518082
6.9772445160000e-05;   -4517682
6.9790754921000e-05;   -4517682
6.9810749932000e-05;   -4517289
6.9829059461000e-05;   -4517289
6.9849054618000e-05;   -4516902
6.9869025444000e-05;   -4516902
6.9887358820000e-05;   -4516523
6.9907333512000e-05;   -4516523
6.9925662979000e-05;   -4516150
6.9945633351000e-05;   -4516150
6.9963966445000e-05;   -4515786
6.9983936940000e-05;   -4515786
7.0002269948000e-05;   -4515429
7.0022244385000e-05;   -4515429
7.0040573151000e-05;   -4515078
7.0060543350000e-05;   -4515078
7.0080541486000e-05;   -4514733
7.0098850038000e-05;   -4514733
7.0118843853000e-05;   -4514395
7.0137152351000e-05;   -4514395
7.0157145955000e-05;   -4514062
7.0175450601000e-05;   -4514062
7.0195448177000e-05;   -4513736
7.0213756467000e-05;   -4513736
7.0233749786000e-05;   -4513416
7.0253719314000e-05;   -4513416
7.0272051221000e-05;   -4513103
7.0292024726000e-05;   -4513103
7.0310352861000e-05;   -4512795
7.0330325958000e-05;   -4512795
7.0348653712000e-05;   -4512494
7.0368622845000e-05;   -4512494
7.0386954472000e-05;   -4512199
7.0406927446000e-05;   -4512199
7.0425255103000e-05;   -4511909
7.0445223776000e-05;   -4511909
7.0465220388000e-05;   -4511626
7.0483523916000e-05;   -4511626
7.0503520346000e-05;   -4511350
7.0521827650000e-05;   -4511350
7.0541820077000e-05;   -4511081
7.0560123304000e-05;   -4511081
7.0580119747000e-05;   -4510820
7.0598426906000e-05;   -4510820
7.0618419132000e-05;   -4510564
7.0638387183000e-05;   -4510564
7.0656718203000e-05;   -4510314
7.0676686442000e-05;   -4510314
7.0695026833000e-05;   -4510071
7.0715009515000e-05;   -4510071
7.0733346096000e-05;   -4509834
7.0753324445000e-05;   -4509834
7.0771664726000e-05;   -4509603
7.0791643103000e-05;   -4509603
7.0809983174000e-05;   -4509375
7.0829965232000e-05;   -4509375
7.0848301039000e-05;   -4509147
7.0868279126000e-05;   -4509147
7.0888285153000e-05;   -4508914
7.0906597222000e-05;   -4508914
7.0926603220000e-05;   -4508674
7.0944919375000e-05;   -4508674
7.0964921311000e-05;   -4508420
7.0983233294000e-05;   -4508420
7.1003239252000e-05;   -4508149
7.1021551218000e-05;   -4508149
7.1041557068000e-05;   -4507859
7.1059872903000e-05;   -4507859
7.1079874627000e-05;   -4507548
7.1099852327000e-05;   -4507548
7.1118191954000e-05;   -4507214
7.1138173483000e-05;   -4507214
7.1156509057000e-05;   -4506856
7.1176490312000e-05;   -4506856
7.1194825714000e-05;   -4506476
7.1214803029000e-05;   -4506476
7.1233142313000e-05;   -4506075
7.1253123417000e-05;   -4506075
7.1271458593000e-05;   -4505655
7.1291439537000e-05;   -4505655
7.1309774473000e-05;   -4505217
7.1329751211000e-05;   -4505217
7.1349755832000e-05;   -4504762
7.1368070557000e-05;   -4504762
7.1388070879000e-05;   -4504294
7.1406385277000e-05;   -4504294
7.1426385467000e-05;   -4503813
7.1444695953000e-05;   -4503813
7.1464699904000e-05;   -4503322
7.1483014124000e-05;   -4503322
7.1503013958000e-05;   -4502824
7.1522989802000e-05;   -4502824
7.1541327656000e-05;   -4502319
7.1561303076000e-05;   -4502319
7.1579640701000e-05;   -4501810
7.1599620092000e-05;   -4501810
7.1617953553000e-05;   -4501296
7.1637928775000e-05;   -4501296
7.1656265940000e-05;   -4500781
7.1676241048000e-05;   -4500781
7.1694578050000e-05;   -4500264
7.1714556875000e-05;   -4500264
7.1732889833000e-05;   -4499746
7.1752864392000e-05;   -4499746
7.1772866639000e-05;   -4499227
7.1791179370000e-05;   -4499227
7.1811177434000e-05;   -4498710
7.1829489943000e-05;   -4498710
7.1849488052000e-05;   -4498194
7.1867796456000e-05;   -4498194
7.1887798031000e-05;   -4497681
7.1906110126000e-05;   -4497681
7.1926107738000e-05;   -4497172
7.1946081306000e-05;   -4497172
7.1964416967000e-05;   -4496667
7.1984390189000e-05;   -4496667
7.2002725645000e-05;   -4496169
7.2022702814000e-05;   -4496169
7.2041034350000e-05;   -4495677
7.2061007298000e-05;   -4495677
7.2079342548000e-05;   -4495192
7.2099315267000e-05;   -4495192
7.2117650229000e-05;   -4494712
7.2137626838000e-05;   -4494712
7.2155957651000e-05;   -4494239
7.2175929978000e-05;   -4494239
7.2195930063000e-05;   -4493771
7.2214240750000e-05;   -4493771
7.2234236634000e-05;   -4493309
7.2252547100000e-05;   -4493309
7.2272542803000e-05;   -4492853
7.2290849186000e-05;   -4492853
7.2310848816000e-05;   -4492403
7.2329158887000e-05;   -4492403
7.2349154310000e-05;   -4491960
7.2369125756000e-05;   -4491960
7.2387459582000e-05;   -4491523
7.2407430648000e-05;   -4491523
7.2425764075000e-05;   -4491095
7.2445739188000e-05;   -4491095
7.2464068532000e-05;   -4490674
7.2484039344000e-05;   -4490674
7.2502372694000e-05;   -4490260
7.2522347242000e-05;   -4490260
7.2540676609000e-05;   -4489853
7.2560651163000e-05;   -4489853
7.2578980064000e-05;   -4489452
7.2598950358000e-05;   -4489452
7.2618948586000e-05;   -4489057
7.2637257298000e-05;   -4489057
7.2657251168000e-05;   -4488668
7.2675555828000e-05;   -4488668
7.2695560785000e-05;   -4488286
7.2713871597000e-05;   -4488286
7.2733876191000e-05;   -4487909
7.2752190923000e-05;   -4487909
7.2772191417000e-05;   -4487538
7.2792167983000e-05;   -4487538
7.2810506512000e-05;   -4487172
7.2830486959000e-05;   -4487172
7.2848821039000e-05;   -4486809
7.2868800767000e-05;   -4486809
7.2887134905000e-05;   -4486448
7.2907110481000e-05;   -4486448
7.2925448414000e-05;   -4486085
7.2945428250000e-05;   -4486085
7.2963762124000e-05;   -4485719
7.2983741817000e-05;   -4485719
7.3002075579000e-05;   -4485345
7.3022051221000e-05;   -4485345
7.3042054535000e-05;   -4484963
7.3060368249000e-05;   -4484963
7.3080367501000e-05;   -4484570
7.3098677103000e-05;   -4484570
7.3118680012000e-05;   -4484169
7.3136989421000e-05;   -4484169
7.3156992384000e-05;   -4483757
7.3175305602000e-05;   -4483757
7.3195304341000e-05;   -4483335
7.3215279059000e-05;   -4483335
7.3233615932000e-05;   -4482903
7.3253590474000e-05;   -4482903
7.3271927186000e-05;   -4482462
7.3291905600000e-05;   -4482462
7.3310238215000e-05;   -4482012
7.3330212572000e-05;   -4482012
7.3348549014000e-05;   -4481553
7.3368526955000e-05;   -4481553
7.3386859227000e-05;   -4481089
7.3406836921000e-05;   -4481089
7.3425169155000e-05;   -4480619
7.3445142798000e-05;   -4480619
7.3465144426000e-05;   -4480145
7.3483456181000e-05;   -4480145
7.3503453379000e-05;   -4479667
7.3521765135000e-05;   -4479667
7.3541762227000e-05;   -4479188
7.3560069731000e-05;   -4479188
7.3580070500000e-05;   -4478709
7.3598381866000e-05;   -4478709
7.3618378648000e-05;   -4478232
7.3638351392000e-05;   -4478232
7.3656686382000e-05;   -4477757
7.3676658974000e-05;   -4477757
7.3694993790000e-05;   -4477284
7.3714970089000e-05;   -4477284
7.3733300795000e-05;   -4476813
7.3753272737000e-05;   -4476813
7.3771607167000e-05;   -4476345
7.3791583106000e-05;   -4476345
7.3809913500000e-05;   -4475880
7.3829889200000e-05;   -4475880
7.3848219315000e-05;   -4475417
7.3868190928000e-05;   -4475417
7.3888190436000e-05;   -4474957
7.3906500069000e-05;   -4474957
7.3926495322000e-05;   -4474502
7.3944801133000e-05;   -4474502
7.3964800113000e-05;   -4474052
7.3983105823000e-05;   -4474052
7.4003104658000e-05;   -4473607
7.4021414047000e-05;   -4473607
7.4041408827000e-05;   -4473170
7.4061379257000e-05;   -4473170
7.4079712483000e-05;   -4472740
7.4099686799000e-05;   -4472740
7.4118015717000e-05;   -4472317
7.4137989978000e-05;   -4472317
7.4156318791000e-05;   -4471899
7.4176289064000e-05;   -4471899
7.4194621608000e-05;   -4471489
7.4214595598000e-05;   -4471489
7.4232923869000e-05;   -4471084
7.4252893777000e-05;   -4471084
7.4272891381000e-05;   -4470686
7.4291199810000e-05;   -4470686
7.4311193143000e-05;   -4470293
7.4329501395000e-05;   -4470293
7.4349494757000e-05;   -4469906
7.4367798629000e-05;   -4469906
7.4387795814000e-05;   -4469524
7.4406103476000e-05;   -4469524
7.4426096613000e-05;   -4469150
7.4446065700000e-05;   -4469150
7.4464397414000e-05;   -4468784
7.4484366212000e-05;   -4468784
7.4502697561000e-05;   -4468424
7.4522670147000e-05;   -4468424
7.4540997530000e-05;   -4468071
7.4560966056000e-05;   -4468071
7.4579297088000e-05;   -4467725
7.4599269388000e-05;   -4467725
7.4617596571000e-05;   -4467386
7.4637568695000e-05;   -4467386
7.4655905052000e-05;   -4467053
7.4675883918000e-05;   -4467053
7.4695890597000e-05;   -4466727
7.4714206825000e-05;   -4466727
7.4734208729000e-05;   -4466408
7.4752520652000e-05;   -4466408
7.4772526721000e-05;   -4466093
7.4790838499000e-05;   -4466093
7.4810844466000e-05;   -4465779
7.4829160573000e-05;   -4465779
7.4849162716000e-05;   -4465463
7.4869140827000e-05;   -4465463
7.4887480748000e-05;   -4465138
7.4907458631000e-05;   -4465138
7.4925798399000e-05;   -4464801
7.4945780188000e-05;   -4464801
7.4964115943000e-05;   -4464447
7.4984093648000e-05;   -4464447
7.5002433280000e-05;   -4464074
7.5022410688000e-05;   -4464074
7.5040750173000e-05;   -4463683
7.5060731561000e-05;   -4463683
7.5079066863000e-05;   -4463271
7.5099044032000e-05;   -4463271
7.5119049107000e-05;   -4462839
7.5137360191000e-05;   -4462839
7.5157365182000e-05;   -4462386
7.5175680117000e-05;   -4462386
7.5195680994000e-05;   -4461915
7.5213991830000e-05;   -4461915
7.5233996322000e-05;   -4461427
7.5252310909000e-05;   -4461427
7.5272311059000e-05;   -4460924
7.5290625560000e-05;   -4460924
7.5310625691000e-05;   -4460407
7.5330601784000e-05;   -4460407
7.5348939883000e-05;   -4459879
7.5368919765000e-05;   -4459879
7.5387253474000e-05;   -4459343
7.5407233154000e-05;   -4459343
7.5425566777000e-05;   -4458799
7.5445541952000e-05;   -4458799
7.5463879533000e-05;   -4458250
7.5483858630000e-05;   -4458250
7.5502191821000e-05;   -4457696
7.5522166688000e-05;   -4457696
7.5542169567000e-05;   -4457139
7.5560478569000e-05;   -4457139
7.5580481063000e-05;   -4456579
7.5598793823000e-05;   -4456579
7.5618792139000e-05;   -4456016
7.5637100649000e-05;   -4456016
7.5657102693000e-05;   -4455452
7.5675410968000e-05;   -4455452
7.5695412809000e-05;   -4454887
7.5713724898000e-05;   -4454887
7.5733722578000e-05;   -4454323
7.5753696210000e-05;   -4454323
7.5772032096000e-05;   -4453760
7.5792009449000e-05;   -4453760
7.5810340983000e-05;   -4453199
7.5830318291000e-05;   -4453199
7.5848649618000e-05;   -4452641
7.5868622504000e-05;   -4452641
7.5886957759000e-05;   -4452088
7.5906934356000e-05;   -4452088
7.5925265408000e-05;   -4451539
7.5945237867000e-05;   -4451539
7.5965238070000e-05;   -4450997
7.5983544711000e-05;   -4450997
7.6003544814000e-05;   -4450461
7.6021855363000e-05;   -4450461
7.6041851195000e-05;   -4449932
7.6060157551000e-05;   -4449932
7.6080157071000e-05;   -4449409
7.6098467391000e-05;   -4449409
7.6118462818000e-05;   -4448894
7.6136772500000e-05;   -4448894
7.6156767645000e-05;   -4448386
7.6176738949000e-05;   -4448386
7.6195072465000e-05;   -4447885
7.6215047524000e-05;   -4447885
7.6233376969000e-05;   -4447389
7.6253347771000e-05;   -4447389
7.6271681092000e-05;   -4446902
7.6291651412000e-05;   -4446902
7.6309984385000e-05;   -4446422
7.6329958728000e-05;   -4446422
7.6348287536000e-05;   -4445950
7.6368257757000e-05;   -4445950
7.6388255598000e-05;   -4445486
7.6406564408000e-05;   -4445486
7.6426557804000e-05;   -4445029
7.6444865992000e-05;   -4445029
7.6464859471000e-05;   -4444579
7.6483163857000e-05;   -4444579
7.6503161345000e-05;   -4444135
7.6521469476000e-05;   -4444135
7.6541462865000e-05;   -4443699
7.6561431962000e-05;   -4443699
7.6579763733000e-05;   -4443270
7.6599732823000e-05;   -4443270
7.6618064560000e-05;   -4442849
7.6638037348000e-05;   -4442849
7.6656364907000e-05;   -4442434
7.6676333531000e-05;   -4442434
7.6694664881000e-05;   -4442026
7.6714637136000e-05;   -4442026
7.6732964396000e-05;   -4441626
7.6752932902000e-05;   -4441626
7.6772929030000e-05;   -4441233
7.6791232112000e-05;   -4441233
7.6811228190000e-05;   -4440849
7.6829535051000e-05;   -4440849
7.6849526934000e-05;   -4440473
7.6867829635000e-05;   -4440473
7.6887825438000e-05;   -4440105
7.6906132040000e-05;   -4440105
7.6926123543000e-05;   -4439745
7.6944430044000e-05;   -4439745
7.6964421438000e-05;   -4439392
7.6984388938000e-05;   -4439392
7.7002719077000e-05;   -4439047
7.7022690430000e-05;   -4439047
7.7041016275000e-05;   -4438710
7.7060983653000e-05;   -4438710
7.7079313448000e-05;   -4438380
7.7099284282000e-05;   -4438380
7.7117609979000e-05;   -4438058
7.7137580843000e-05;   -4438058
7.7155906380000e-05;   -4437742
7.7175873046000e-05;   -4437742
7.7195867698000e-05;   -4437433
7.7214173123000e-05;   -4437433
7.7234163540000e-05;   -4437131
7.7252464977000e-05;   -4437131
7.7272459359000e-05;   -4436835
7.7290764742000e-05;   -4436835
7.7310754913000e-05;   -4436545
7.7329060124000e-05;   -4436545
7.7349050212000e-05;   -4436262
7.7369016386000e-05;   -4436262
7.7387345225000e-05;   -4435985
7.7407315045000e-05;   -4435985
7.7425640023000e-05;   -4435713
7.7445606026000e-05;   -4435713
7.7463934638000e-05;   -4435448
7.7483904438000e-05;   -4435448
7.7502229162000e-05;   -4435189
7.7522198620000e-05;   -4435189
7.7540523245000e-05;   -4434936
7.7560488597000e-05;   -4434936
7.7580482048000e-05;   -4434689
7.7598786551000e-05;   -4434689
7.7618776065000e-05;   -4434448
7.7637076440000e-05;   -4434448
7.7657069840000e-05;   -4434213
7.7675374260000e-05;   -4434213
7.7695363377000e-05;   -4433982
7.7713667643000e-05;   -4433982
7.7733656705000e-05;   -4433756
7.7753621835000e-05;   -4433756
7.7771949731000e-05;   -4433534
7.7791918701000e-05;   -4433534
7.7810242714000e-05;   -4433317
7.7830207538000e-05;   -4433317
7.7848535520000e-05;   -4433106
7.7868504262000e-05;   -4433106
7.7886828103000e-05;   -4432900
7.7906796776000e-05;   -4432900
7.7925120539000e-05;   -4432699
7.7945085204000e-05;   -4432699
7.7965077697000e-05;   -4432504
7.7983381471000e-05;   -4432504
7.8003369997000e-05;   -4432313
7.8021669511000e-05;   -4432313
7.8041661780000e-05;   -4432126
7.8059965300000e-05;   -4432126
7.8079953592000e-05;   -4431944
7.8099918010000e-05;   -4431944
7.8118245419000e-05;   -4431767
7.8138209769000e-05;   -4431767
7.8156536994000e-05;   -4431594
7.8176505175000e-05;   -4431594
7.8194828471000e-05;   -4431427
7.8214792692000e-05;   -4431427
7.8233119916000e-05;   -4431266
7.8253087929000e-05;   -4431266
7.8271411107000e-05;   -4431108
7.8291375104000e-05;   -4431108
7.8311367073000e-05;   -4430955
7.8329666260000e-05;   -4430955
7.8349658043000e-05;   -4430805
7.8367960800000e-05;   -4430805
7.8387948514000e-05;   -4430659
7.8406247384000e-05;   -4430659
7.8426239140000e-05;   -4430518
7.8444542039000e-05;   -4430518
7.8464529691000e-05;   -4430379
7.8484493195000e-05;   -4430379
7.8502820063000e-05;   -4430245
7.8522787763000e-05;   -4430245
7.8541110435000e-05;   -4430116
7.8561078055000e-05;   -4430116
7.8579400686000e-05;   -4429991
7.8599364292000e-05;   -4429991
7.8617690702000e-05;   -4429869
7.8637658197000e-05;   -4429869
7.8655980811000e-05;   -4429752
7.8675944253000e-05;   -4429752
7.8695935419000e-05;   -4429639
7.8714237954000e-05;   -4429639
7.8734225359000e-05;   -4429527
7.8752524017000e-05;   -4429527
7.8772515367000e-05;   -4429419
7.8790813825000e-05;   -4429419
7.8810804975000e-05;   -4429314
7.8829107420000e-05;   -4429314
7.8849094588000e-05;   -4429212
7.8869057463000e-05;   -4429212
7.8887383968000e-05;   -4429114
7.8907350862000e-05;   -4429114
7.8925673111000e-05;   -4429019
7.8945636329000e-05;   -4429019
7.8963962534000e-05;   -4428927
7.8983925788000e-05;   -4428927
7.9002251900000e-05;   -4428838
7.9022218858000e-05;   -4428838
7.9040541182000e-05;   -4428753
7.9060504138000e-05;   -4428753
7.9080494980000e-05;   -4428670
7.9098797108000e-05;   -4428670
7.9118783951000e-05;   -4428590
7.9137082288000e-05;   -4428590
7.9157073146000e-05;   -4428510
7.9175375247000e-05;   -4428510
7.9195361983000e-05;   -4428433
7.9213664173000e-05;   -4428433
7.9233650861000e-05;   -4428358
7.9253613581000e-05;   -4428358
7.9271939460000e-05;   -4428286
7.9291906174000e-05;   -4428286
7.9310228305000e-05;   -4428218
7.9330190985000e-05;   -4428218
7.9348516907000e-05;   -4428153
7.9368483646000e-05;   -4428153
7.9386805596000e-05;   -4428091
7.9406768185000e-05;   -4428091
7.9426758829000e-05;   -4428030
7.9445056755000e-05;   -4428030
7.9465047383000e-05;   -4427972
7.9483349265000e-05;   -4427972
7.9503335812000e-05;   -4427915
7.9521633789000e-05;   -4427915
7.9541624381000e-05;   -4427859
7.9559926225000e-05;   -4427859
7.9579912699000e-05;   -4427807
7.9599875140000e-05;   -4427807
7.9618200930000e-05;   -4427758
7.9638167327000e-05;   -4427758
7.9656489008000e-05;   -4427712
7.9676455461000e-05;   -4427712
7.9694777236000e-05;   -4427670
7.9714739761000e-05;   -4427670
7.9733065434000e-05;   -4427631
7.9753032089000e-05;   -4427631
7.9771353707000e-05;   -4427595
7.9791316257000e-05;   -4427595
7.9811306773000e-05;   -4427561
7.9829608347000e-05;   -4427561
7.9849594754000e-05;   -4427530
7.9867892412000e-05;   -4427530
7.9887883005000e-05;   -4427500
7.9906180689000e-05;   -4427500
7.9926171051000e-05;   -4427471
7.9944472832000e-05;   -4427471
7.9964459173000e-05;   -4427444
7.9984421540000e-05;   -4427444
8.0002747248000e-05;   -4427418
8.0022713459000e-05;   -4427418
8.0041035256000e-05;   -4427394
8.0060997550000e-05;   -4427394
8.0079323179000e-05;   -4427374
8.0099289626000e-05;   -4427374
8.0117611079000e-05;   -4427356
8.0137577613000e-05;   -4427356
8.0155899219000e-05;   -4427341
8.0175861635000e-05;   -4427341
8.0195851969000e-05;   -4427328
8.0214153528000e-05;   -4427328
8.0234140076000e-05;   -4427318
8.0252437677000e-05;   -4427318
8.0272427903000e-05;   -4427308
8.0290729523000e-05;   -4427308
8.0310715922000e-05;   -4427301
8.0330678243000e-05;   -4427301
8.0349003901000e-05;   -4427295
8.0368966269000e-05;   -4427295
8.0387291896000e-05;   -4427290
8.0407258233000e-05;   -4427290
8.0425579656000e-05;   -4427285
8.0445541927000e-05;   -4427285
8.0463867510000e-05;   -4427281
8.0483833742000e-05;   -4427281
8.0502155371000e-05;   -4427277
8.0522117668000e-05;   -4427277
8.0542108001000e-05;   -4427276
8.0560409665000e-05;   -4427276
8.0580396082000e-05;   -4427276
8.0598697568000e-05;   -4427276
8.0618683657000e-05;   -4427277
8.0636981359000e-05;   -4427277
8.0656971599000e-05;   -4427279
8.0675273103000e-05;   -4427279
8.0695259452000e-05;   -4427283
8.0715221703000e-05;   -4427283
8.0733547526000e-05;   -4427288
8.0753513858000e-05;   -4427288
8.0771835352000e-05;   -4427294
8.0791797686000e-05;   -4427294
8.0810123322000e-05;   -4427300
8.0830085718000e-05;   -4427300
8.0848411279000e-05;   -4427307
8.0868377527000e-05;   -4427307
8.0886699155000e-05;   -4427315
8.0906661470000e-05;   -4427315
8.0926651821000e-05;   -4427322
8.0944953364000e-05;   -4427322
8.0964939520000e-05;   -4427331
8.0983237175000e-05;   -4427331
8.1003227511000e-05;   -4427341
8.1021528989000e-05;   -4427341
8.1041515070000e-05;   -4427352
8.1059816748000e-05;   -4427352
8.1079803151000e-05;   -4427365
8.1099765545000e-05;   -4427365
8.1118091095000e-05;   -4427380
8.1138057657000e-05;   -4427380
8.1156379440000e-05;   -4427398
8.1176341703000e-05;   -4427398
8.1194667204000e-05;   -4427417
8.1214633717000e-05;   -4427417
8.1232955429000e-05;   -4427439
8.1252917651000e-05;   -4427439
8.1272908058000e-05;   -4427463
8.1291205696000e-05;   -4427463
8.1311196049000e-05;   -4427489
8.1329497775000e-05;   -4427489
8.1349484114000e-05;   -4427516
8.1367781848000e-05;   -4427516
8.1387772140000e-05;   -4427544
8.1406073840000e-05;   -4427544
8.1426060298000e-05;   -4427574
8.1446022663000e-05;   -4427574
8.1464348408000e-05;   -4427605
8.1484314752000e-05;   -4427605
8.1502636443000e-05;   -4427637
8.1522602939000e-05;   -4427637
8.1540924620000e-05;   -4427668
8.1560887172000e-05;   -4427668
8.1579212939000e-05;   -4427699
8.1599179496000e-05;   -4427699
8.1617501213000e-05;   -4427728
8.1637463579000e-05;   -4427728
8.1657454221000e-05;   -4427758
8.1675755984000e-05;   -4427758
8.1695742504000e-05;   -4427788
8.1714040293000e-05;   -4427788
8.1734030851000e-05;   -4427818
8.1752328685000e-05;   -4427818
8.1772319276000e-05;   -4427850
8.1790621073000e-05;   -4427850
8.1810607739000e-05;   -4427882
8.1830570158000e-05;   -4427882
8.1848895891000e-05;   -4427913
8.1868862406000e-05;   -4427913
8.1887184206000e-05;   -4427946
8.1907146804000e-05;   -4427946
8.1925472622000e-05;   -4427979
8.1945439268000e-05;   -4427979
8.1963761072000e-05;   -4428013
8.1983727569000e-05;   -4428013
8.2002049472000e-05;   -4428048
8.2022011996000e-05;   -4428048
8.2042002656000e-05;   -4428084
8.2060304439000e-05;   -4428084
8.2080291178000e-05;   -4428120
8.2098589132000e-05;   -4428120
8.2118579753000e-05;   -4428158
8.2136881699000e-05;   -4428158
8.2156868223000e-05;   -4428198
8.2176830848000e-05;   -4428198
8.2195156746000e-05;   -4428239
8.2215119518000e-05;   -4428239
8.2233445509000e-05;   -4428281
8.2253411986000e-05;   -4428281
8.2271733962000e-05;   -4428324
8.2291696663000e-05;   -4428324
8.2310022695000e-05;   -4428366
8.2329989561000e-05;   -4428366
8.2348311634000e-05;   -4428410
8.2368274318000e-05;   -4428410
8.2388265079000e-05;   -4428454
8.2406566982000e-05;   -4428454
8.2426553731000e-05;   -4428500
8.2444855797000e-05;   -4428500
8.2464842716000e-05;   -4428548
8.2483140830000e-05;   -4428548
8.2503131600000e-05;   -4428596
8.2521433647000e-05;   -4428596
8.2541420324000e-05;   -4428645
8.2561383254000e-05;   -4428645
8.2579709345000e-05;   -4428693
8.2599676207000e-05;   -4428693
8.2617998357000e-05;   -4428742
8.2637961197000e-05;   -4428742
8.2656287279000e-05;   -4428789
8.2676250226000e-05;   -4428789
8.2694576333000e-05;   -4428836
8.2714543234000e-05;   -4428836
8.2732865470000e-05;   -4428883
8.2752828472000e-05;   -4428883
8.2772819392000e-05;   -4428931
8.2791121489000e-05;   -4428931
8.2811108437000e-05;   -4428980
8.2829406601000e-05;   -4428980
8.2849397637000e-05;   -4429031
8.2867699888000e-05;   -4429031
8.2887686867000e-05;   -4429082
8.2905989128000e-05;   -4429082
8.2925976075000e-05;   -4429134
8.2945939131000e-05;   -4429134
8.2964265422000e-05;   -4429187
8.2984232520000e-05;   -4429187
8.3002554879000e-05;   -4429238
8.3022517871000e-05;   -4429238
8.3040844128000e-05;   -4429289
8.3060811205000e-05;   -4429289
8.3079133568000e-05;   -4429339
8.3099100733000e-05;   -4429339
8.3117423253000e-05;   -4429389
8.3137386350000e-05;   -4429389
8.3157377568000e-05;   -4429439
8.3175679706000e-05;   -4429439
8.3195666931000e-05;   -4429489
8.3213965179000e-05;   -4429489
8.3233956290000e-05;   -4429539
8.3252258750000e-05;   -4429539
8.3272246105000e-05;   -4429589
8.3292209380000e-05;   -4429589
8.3310535900000e-05;   -4429640
8.3330499150000e-05;   -4429640
8.3348825738000e-05;   -4429693
8.3368792961000e-05;   -4429693
8.3387115599000e-05;   -4429748
8.3407078978000e-05;   -4429748
8.3425405437000e-05;   -4429803
8.3445372807000e-05;   -4429803
8.3463695452000e-05;   -4429860
8.3483658626000e-05;   -4429860
8.3503650135000e-05;   -4429917
8.3521952769000e-05;   -4429917
8.3541940175000e-05;   -4429974
8.3560242793000e-05;   -4429974
8.3580230405000e-05;   -4430031
8.3598528926000e-05;   -4430031
8.3618520284000e-05;   -4430088
8.3636822914000e-05;   -4430088
8.3656810488000e-05;   -4430145
8.3676773805000e-05;   -4430145
8.3695100547000e-05;   -4430201
8.3715068035000e-05;   -4430201
8.3733390819000e-05;   -4430256
8.3753354210000e-05;   -4430256
8.3771681015000e-05;   -4430310
8.3791644530000e-05;   -4430310
8.3809971338000e-05;   -4430363
8.3829938897000e-05;   -4430363
8.3848261678000e-05;   -4430416
8.3868225203000e-05;   -4430416
8.3888216790000e-05;   -4430469
8.3906519522000e-05;   -4430469
8.3926507324000e-05;   -4430522
8.3944806074000e-05;   -4430522
8.3964797547000e-05;   -4430575
8.3983096443000e-05;   -4430575
8.4003088120000e-05;   -4430629
8.4021390939000e-05;   -4430629
8.4041378667000e-05;   -4430683
8.4061342271000e-05;   -4430683
8.4079669089000e-05;   -4430737
8.4099636763000e-05;   -4430737
8.4117959659000e-05;   -4430791
8.4137923600000e-05;   -4430791
8.4156250548000e-05;   -4430846
8.4176218242000e-05;   -4430846
8.4194541180000e-05;   -4430901
8.4214508979000e-05;   -4430901
8.4232831927000e-05;   -4430957
8.4252795684000e-05;   -4430957
8.4272787350000e-05;   -4431014
8.4291090310000e-05;   -4431014
8.4311078171000e-05;   -4431070
8.4329377173000e-05;   -4431070
8.4349368868000e-05;   -4431127
8.4367671908000e-05;   -4431127
8.4387659829000e-05;   -4431184
8.4405962828000e-05;   -4431184
8.4425950696000e-05;   -4431238
8.4445914664000e-05;   -4431238
8.4464241711000e-05;   -4431292
8.4484209622000e-05;   -4431292
8.4502532854000e-05;   -4431347
8.4522496766000e-05;   -4431347
8.4540824069000e-05;   -4431401
8.4560791933000e-05;   -4431401
8.4579115104000e-05;   -4431455
8.4599079127000e-05;   -4431455
8.4619071183000e-05;   -4431509
8.4637370213000e-05;   -4431509
8.4657362466000e-05;   -4431561
8.4675665746000e-05;   -4431561
8.4695653736000e-05;   -4431612
8.4713952987000e-05;   -4431612
8.4733945001000e-05;   -4431663
8.4752248104000e-05;   -4431663
8.4772236168000e-05;   -4431714
8.4792200511000e-05;   -4431714
8.4810527700000e-05;   -4431766
8.4830491922000e-05;   -4431766
8.4848819127000e-05;   -4431820
8.4868787395000e-05;   -4431820
8.4887110939000e-05;   -4431874
8.4907075118000e-05;   -4431874
8.4925402512000e-05;   -4431929
8.4945370712000e-05;   -4431929
8.4963693881000e-05;   -4431984
8.4983657972000e-05;   -4431984
8.5003650290000e-05;   -4432038
8.5021953685000e-05;   -4432038
8.5041942026000e-05;   -4432092
8.5060245324000e-05;   -4432092
8.5080233593000e-05;   -4432145
8.5098533146000e-05;   -4432145
8.5118525371000e-05;   -4432197
8.5136828845000e-05;   -4432197
8.5156817184000e-05;   -4432249
8.5176781540000e-05;   -4432249
8.5195109042000e-05;   -4432301
8.5215077294000e-05;   -4432301
8.5233400782000e-05;   -4432354
8.5253368982000e-05;   -4432354
8.5271692530000e-05;   -4432406
8.5291656992000e-05;   -4432406
8.5309984682000e-05;   -4432457
8.5329952968000e-05;   -4432457
8.5348276392000e-05;   -4432509
8.5368240976000e-05;   -4432509
8.5388233360000e-05;   -4432560
8.5406536930000e-05;   -4432560
8.5426525359000e-05;   -4432611
8.5444825076000e-05;   -4432611
8.5464817561000e-05;   -4432663
8.5483117154000e-05;   -4432663
8.5503109578000e-05;   -4432716
8.5521413129000e-05;   -4432716
8.5541401725000e-05;   -4432770
8.5561366262000e-05;   -4432770
8.5579693955000e-05;   -4432824
8.5599662561000e-05;   -4432824
8.5617986232000e-05;   -4432877
8.5637950855000e-05;   -4432877
8.5656278641000e-05;   -4432931
8.5676243319000e-05;   -4432931
8.5694571055000e-05;   -4432986
8.5714539756000e-05;   -4432986
8.5732863633000e-05;   -4433041
8.5752828323000e-05;   -4433041
8.5772820913000e-05;   -4433095
8.5791124765000e-05;   -4433095
8.5811113400000e-05;   -4433147
8.5829413104000e-05;   -4433147
8.5849405937000e-05;   -4433200
8.5867705700000e-05;   -4433200
8.5887698333000e-05;   -4433253
8.5906002270000e-05;   -4433253
8.5925991020000e-05;   -4433306
8.5945955681000e-05;   -4433306
8.5964283512000e-05;   -4433359
8.5984252385000e-05;   -4433359
8.6002576239000e-05;   -4433411
8.6022540996000e-05;   -4433411
8.6040869000000e-05;   -4433463
8.6060837834000e-05;   -4433463
8.6079161757000e-05;   -4433516
8.6099130550000e-05;   -4433516
8.6117454556000e-05;   -4433569
8.6137419404000e-05;   -4433569
8.6157412110000e-05;   -4433622
8.6175716136000e-05;   -4433622
8.6195705167000e-05;   -4433674
8.6214005148000e-05;   -4433674
8.6233998045000e-05;   -4433726
8.6252302126000e-05;   -4433726
8.6272291040000e-05;   -4433778
8.6290594981000e-05;   -4433778
8.6310584046000e-05;   -4433830
8.6330549087000e-05;   -4433830
8.6348877221000e-05;   -4433883
8.6368846112000e-05;   -4433883
8.6387170181000e-05;   -4433935
8.6407135086000e-05;   -4433935
8.6425463026000e-05;   -4433987
8.6445432144000e-05;   -4433987
8.6463756179000e-05;   -4434039
8.6483725247000e-05;   -4434039
8.6502049325000e-05;   -4434091
8.6522014383000e-05;   -4434091
8.6542007391000e-05;   -4434143
8.6560311641000e-05;   -4434143
8.6580300747000e-05;   -4434194
8.6598600844000e-05;   -4434194
8.6618594004000e-05;   -4434244
8.6636898293000e-05;   -4434244
8.6656887465000e-05;   -4434294
8.6676852484000e-05;   -4434294
8.6695180785000e-05;   -4434341
8.6715145985000e-05;   -4434341
8.6733474259000e-05;   -4434388
8.6753443422000e-05;   -4434388
8.6771767675000e-05;   -4434436
8.6791732729000e-05;   -4434436
8.6810061063000e-05;   -4434483
8.6830030264000e-05;   -4434483
8.6848354674000e-05;   -4434531
8.6868319959000e-05;   -4434531
8.6888313059000e-05;   -4434579
8.6906613371000e-05;   -4434579
8.6926606831000e-05;   -4434627
8.6944911170000e-05;   -4434627
8.6964900610000e-05;   -4434677
8.6983201002000e-05;   -4434677
8.7003194330000e-05;   -4434726
8.7021498854000e-05;   -4434726
8.7041488164000e-05;   -4434777
8.7061453465000e-05;   -4434777
8.7079781950000e-05;   -4434827
8.7099747286000e-05;   -4434827
8.7118075796000e-05;   -4434876
8.7138045090000e-05;   -4434876
8.7156369576000e-05;   -4434926
8.7176335005000e-05;   -4434926
8.7194663350000e-05;   -4434975
8.7214632589000e-05;   -4434975
8.7232957252000e-05;   -4435025
8.7252922783000e-05;   -4435025
8.7272916188000e-05;   -4435075
8.7291216718000e-05;   -4435075
8.7311210261000e-05;   -4435125
8.7329514708000e-05;   -4435125
8.7349504341000e-05;   -4435176
8.7367804874000e-05;   -4435176
8.7387798372000e-05;   -4435227
8.7406102917000e-05;   -4435227
8.7426092691000e-05;   -4435277
8.7446058080000e-05;   -4435277
8.7464386674000e-05;   -4435327
8.7484352081000e-05;   -4435327
8.7502680648000e-05;   -4435378
8.7522650173000e-05;   -4435378
8.7540974793000e-05;   -4435427
8.7560940323000e-05;   -4435427
8.7579268948000e-05;   -4435476
8.7599238395000e-05;   -4435476
8.7617563252000e-05;   -4435523
8.7637528888000e-05;   -4435523
8.7657522611000e-05;   -4435571
8.7675823293000e-05;   -4435571
8.7695817165000e-05;   -4435619
8.7714121861000e-05;   -4435619
8.7734111594000e-05;   -4435665
8.7752412358000e-05;   -4435665
8.7772405905000e-05;   -4435712
8.7790710774000e-05;   -4435712
8.7810700578000e-05;   -4435758
8.7830666270000e-05;   -4435758
8.7848995038000e-05;   -4435805
8.7868960811000e-05;   -4435805
8.7887289582000e-05;   -4435853
8.7907259330000e-05;   -4435853
8.7925584184000e-05;   -4435901
8.7945549958000e-05;   -4435901
8.7963878574000e-05;   -4435949
8.7983848586000e-05;   -4435949
8.8002173298000e-05;   -4435997
8.8022139161000e-05;   -4435997
8.8042133067000e-05;   -4436044
8.8060433897000e-05;   -4436044
8.8080427819000e-05;   -4436091
8.8098732839000e-05;   -4436091
8.8118722582000e-05;   -4436137
8.8137023452000e-05;   -4436137
8.8157017345000e-05;   -4436181
8.8175322244000e-05;   -4436181
8.8195312161000e-05;   -4436225
8.8215278053000e-05;   -4436225
8.8233607106000e-05;   -4436268
8.8253573064000e-05;   -4436268
8.8271902009000e-05;   -4436311
8.8291871888000e-05;   -4436311
8.8310196877000e-05;   -4436353
8.8330162869000e-05;   -4436353
8.8348491572000e-05;   -4436396
8.8368461473000e-05;   -4436396
8.8386786636000e-05;   -4436438
8.8406752427000e-05;   -4436438
8.8426746467000e-05;   -4436480
8.8445047422000e-05;   -4436480
8.8465041661000e-05;   -4436523
8.8483346664000e-05;   -4436523
8.8503336746000e-05;   -4436564
8.8521637857000e-05;   -4436564
8.8541631879000e-05;   -4436607
8.8559937007000e-05;   -4436607
8.8579926984000e-05;   -4436648
8.8599893140000e-05;   -4436648
8.8618222184000e-05;   -4436690
8.8638188372000e-05;   -4436690
8.8656517621000e-05;   -4436731
8.8676487845000e-05;   -4436731
8.8694813095000e-05;   -4436773
8.8714779161000e-05;   -4436773
8.8733108411000e-05;   -4436814
8.8753078433000e-05;   -4436814
8.8771403716000e-05;   -4436856
8.8791369769000e-05;   -4436856
8.8811364039000e-05;   -4436897
8.8829665273000e-05;   -4436897
8.8849659368000e-05;   -4436939
8.8867964627000e-05;   -4436939
8.8887954934000e-05;   -4436980
8.8906256145000e-05;   -4436980
8.8926250299000e-05;   -4437022
8.8944555560000e-05;   -4437022
8.8964545840000e-05;   -4437064
8.8984512030000e-05;   -4437064
8.9002841189000e-05;   -4437106
8.9022807549000e-05;   -4437106
8.9041136906000e-05;   -4437149
8.9061107219000e-05;   -4437149
8.9079432532000e-05;   -4437191
8.9099398895000e-05;   -4437191
8.9117728257000e-05;   -4437232
8.9137698612000e-05;   -4437232
8.9156023891000e-05;   -4437273
8.9175990334000e-05;   -4437273
8.9195984681000e-05;   -4437314
8.9214286026000e-05;   -4437314
8.9234280352000e-05;   -4437356
8.9252585692000e-05;   -4437356
8.9272576070000e-05;   -4437398
8.9290877321000e-05;   -4437398
8.9310871725000e-05;   -4437439
8.9329177218000e-05;   -4437439
8.9349167594000e-05;   -4437478
8.9369134061000e-05;   -4437478
8.9387463508000e-05;   -4437517
8.9407429867000e-05;   -4437517
8.9425759345000e-05;   -4437555
8.9445729708000e-05;   -4437555
8.9464055192000e-05;   -4437593
8.9484021427000e-05;   -4437593
8.9502350988000e-05;   -4437629
8.9522321434000e-05;   -4437629
8.9540646886000e-05;   -4437666
8.9560613422000e-05;   -4437666
8.9580608113000e-05;   -4437702
8.9598909379000e-05;   -4437702
8.9618904021000e-05;   -4437738
8.9637209637000e-05;   -4437738
8.9657200103000e-05;   -4437774
8.9675501676000e-05;   -4437774
8.9695496304000e-05;   -4437808
8.9713801756000e-05;   -4437808
8.9733792480000e-05;   -4437843
8.9753759044000e-05;   -4437843
8.9772088483000e-05;   -4437877
8.9792055033000e-05;   -4437877
8.9810384692000e-05;   -4437912
8.9830355424000e-05;   -4437912
8.9848680893000e-05;   -4437948
8.9868647633000e-05;   -4437948
8.9886977244000e-05;   -4437984
8.9906947749000e-05;   -4437984
8.9925273224000e-05;   -4438019
8.9945239838000e-05;   -4438019
8.9965234628000e-05;   -4438053
8.9983536064000e-05;   -4438053
9.0003530795000e-05;   -4438087
9.0021836672000e-05;   -4438087
9.0041827434000e-05;   -4438121
9.0060129114000e-05;   -4438121
9.0080123820000e-05;   -4438155
9.0098429489000e-05;   -4438155
9.0118420288000e-05;   -4438189
9.0138387095000e-05;   -4438189
9.0156716637000e-05;   -4438225
9.0176683365000e-05;   -4438225
9.0195013115000e-05;   -4438261
9.0214983898000e-05;   -4438261
9.0233309569000e-05;   -4438297
9.0253276449000e-05;   -4438297
9.0271606337000e-05;   -4438334
9.0291576911000e-05;   -4438334
9.0309902704000e-05;   -4438370
9.0329873465000e-05;   -4438370
9.0348199179000e-05;   -4438406
9.0368166117000e-05;   -4438406
9.0388161039000e-05;   -4438440
9.0406466671000e-05;   -4438440
9.0426457750000e-05;   -4438473
9.0444759537000e-05;   -4438473
9.0464754366000e-05;   -4438505
9.0483060050000e-05;   -4438505
9.0503051156000e-05;   -4438535
9.0521356803000e-05;   -4438535
9.0541347653000e-05;   -4438565
9.0561314558000e-05;   -4438565
9.0579644311000e-05;   -4438594
9.0599615254000e-05;   -4438594
9.0617941007000e-05;   -4438622
9.0637907864000e-05;   -4438622
9.0656237810000e-05;   -4438652
9.0676208697000e-05;   -4438652
9.0694534628000e-05;   -4438682
9.0714505662000e-05;   -4438682
9.0732831608000e-05;   -4438712
9.0752798556000e-05;   -4438712
9.0772793435000e-05;   -4438742
9.0791099354000e-05;   -4438742
9.0811090411000e-05;   -4438774
9.0829392338000e-05;   -4438774
9.0849387266000e-05;   -4438806
9.0867693268000e-05;   -4438806
9.0887684132000e-05;   -4438838
9.0905990157000e-05;   -4438838
9.0925981095000e-05;   -4438870
9.0945948079000e-05;   -4438870
9.0964278097000e-05;   -4438903
9.0984249095000e-05;   -4438903
9.1002574954000e-05;   -4438935
9.1022541860000e-05;   -4438935
9.1040871824000e-05;   -4438966
9.1060842854000e-05;   -4438966
9.1079168725000e-05;   -4438998
9.1099139636000e-05;   -4438998
9.1117465656000e-05;   -4439028
9.1137432742000e-05;   -4439028
9.1157427687000e-05;   -4439058
9.1175733859000e-05;   -4439058
9.1195725101000e-05;   -4439087
9.1214027165000e-05;   -4439087
9.1234022343000e-05;   -4439115
9.1252324354000e-05;   -4439115
9.1272319542000e-05;   -4439145
9.1290625638000e-05;   -4439145
9.1310616771000e-05;   -4439175
9.1330583950000e-05;   -4439175
9.1348914037000e-05;   -4439205
9.1368885482000e-05;   -4439205
9.1387211531000e-05;   -4439236
9.1407178634000e-05;   -4439236
9.1425508814000e-05;   -4439269
9.1445475946000e-05;   -4439269
9.1463806070000e-05;   -4439301
9.1483777321000e-05;   -4439301
9.1502103461000e-05;   -4439335
9.1522070606000e-05;   -4439335
9.1542065862000e-05;   -4439367
9.1560371912000e-05;   -4439367
9.1580363065000e-05;   -4439400
9.1598665275000e-05;   -4439400
9.1618660712000e-05;   -4439433
9.1636962753000e-05;   -4439433
9.1656958031000e-05;   -4439466
9.1675264162000e-05;   -4439466
9.1695255383000e-05;   -4439499
9.1715222882000e-05;   -4439499
9.1733553120000e-05;   -4439533
9.1753524437000e-05;   -4439533
9.1771850665000e-05;   -4439566
9.1791817876000e-05;   -4439566
9.1810148146000e-05;   -4439599
9.1830115486000e-05;   -4439599
9.1848445740000e-05;   -4439631
9.1868417147000e-05;   -4439631
9.1886743414000e-05;   -4439661
9.1906710784000e-05;   -4439661
9.1926706229000e-05;   -4439692
9.1945012460000e-05;   -4439692
9.1965003831000e-05;   -4439721
9.1983310113000e-05;   -4439721
9.2003301577000e-05;   -4439748
9.2021603831000e-05;   -4439748
9.2041599251000e-05;   -4439774
9.2059905632000e-05;   -4439774
9.2079896959000e-05;   -4439799
9.2099864291000e-05;   -4439799
9.2118194665000e-05;   -4439822
9.2138166019000e-05;   -4439822
9.2156492230000e-05;   -4439844
9.2176463637000e-05;   -4439844
9.2194789887000e-05;   -4439866
9.2214757310000e-05;   -4439866
9.2233087780000e-05;   -4439888
9.2253059289000e-05;   -4439888
9.2271385773000e-05;   -4439909
9.2291353205000e-05;   -4439909
9.2311348786000e-05;   -4439932
9.2329655156000e-05;   -4439932
9.2349646605000e-05;   -4439955
9.2367952960000e-05;   -4439955
9.2387944382000e-05;   -4439977
9.2406246942000e-05;   -4439977
9.2426242435000e-05;   -4440000
9.2444548744000e-05;   -4440000
9.2464540304000e-05;   -4440025
9.2484507884000e-05;   -4440025
9.2502838170000e-05;   -4440050
9.2522805788000e-05;   -4440050
9.2541136207000e-05;   -4440075
9.2561107764000e-05;   -4440075
9.2579434226000e-05;   -4440102
9.2599401831000e-05;   -4440102
9.2617732245000e-05;   -4440129
9.2637703818000e-05;   -4440129
9.2656030313000e-05;   -4440156
9.2675997909000e-05;   -4440156
9.2695993378000e-05;   -4440185
9.2714295831000e-05;   -4440185
9.2734291511000e-05;   -4440215
9.2752598094000e-05;   -4440215
9.2772589703000e-05;   -4440243
9.2790892153000e-05;   -4440243
9.2810887653000e-05;   -4440271
9.2829194167000e-05;   -4440271
9.2849185803000e-05;   -4440298
9.2869153473000e-05;   -4440298
9.2887483956000e-05;   -4440323
9.2907451473000e-05;   -4440323
9.2925781968000e-05;   -4440346
9.2945753450000e-05;   -4440346
9.2964080001000e-05;   -4440369
9.2984047593000e-05;   -4440369
9.3002378187000e-05;   -4440390
9.3022349702000e-05;   -4440390
9.3040676224000e-05;   -4440410
9.3060647966000e-05;   -4440410
9.3078974355000e-05;   -4440428
9.3098942130000e-05;   -4440428
9.3118937839000e-05;   -4440448
9.3137244457000e-05;   -4440448
9.3157236200000e-05;   -4440468
9.3175538612000e-05;   -4440468
9.3195534321000e-05;   -4440488
9.3213840761000e-05;   -4440488
9.3233832640000e-05;   -4440509
9.3252139188000e-05;   -4440509
9.3272130845000e-05;   -4440531
9.3292098675000e-05;   -4440531
9.3310429052000e-05;   -4440554
9.3330400592000e-05;   -4440554
9.3348727289000e-05;   -4440576
9.3368695041000e-05;   -4440576
9.3387025673000e-05;   -4440599
9.3406997495000e-05;   -4440599
9.3425324181000e-05;   -4440624
9.3445295988000e-05;   -4440624
9.3463622680000e-05;   -4440648
9.3483590503000e-05;   -4440648
9.3503586367000e-05;   -4440672
9.3521892954000e-05;   -4440672
9.3541884720000e-05;   -4440695
9.3560187429000e-05;   -4440695
9.3580183124000e-05;   -4440719
9.3598485815000e-05;   -4440719
9.3618481420000e-05;   -4440744
9.3636787887000e-05;   -4440744
9.3656779766000e-05;   -4440768
9.3676747530000e-05;   -4440768
9.3695078238000e-05;   -4440790
9.3715050116000e-05;   -4440790
9.3733376640000e-05;   -4440813
9.3753344480000e-05;   -4440813
9.3771675170000e-05;   -4440834
9.3791643019000e-05;   -4440834
9.3809973773000e-05;   -4440855
9.3829945703000e-05;   -4440855
9.3848272407000e-05;   -4440877
9.3868240267000e-05;   -4440877
9.3888235999000e-05;   -4440899
9.3906542778000e-05;   -4440899
9.3926534767000e-05;   -4440920
9.3944841601000e-05;   -4440920
9.3964833406000e-05;   -4440941
9.3983136027000e-05;   -4440941
9.4003131764000e-05;   -4440961
9.4021438613000e-05;   -4440961
9.4041430584000e-05;   -4440981
9.4061398443000e-05;   -4440981
9.4079729269000e-05;   -4441001
9.4099701169000e-05;   -4441001
9.4118027987000e-05;   -4441020
9.4137999897000e-05;   -4441020
9.4156326680000e-05;   -4441039
9.4176294612000e-05;   -4441039
9.4194625366000e-05;   -4441057
9.4214597154000e-05;   -4441057
9.4232924084000e-05;   -4441074
9.4252891895000e-05;   -4441074
9.4272888038000e-05;   -4441090
9.4291194745000e-05;   -4441090
9.4311186756000e-05;   -4441106
9.4329493654000e-05;   -4441106
9.4349485592000e-05;   -4441121
9.4367788378000e-05;   -4441121
9.4387784422000e-05;   -4441137
9.4406091281000e-05;   -4441137
9.4426083210000e-05;   -4441154
9.4446051185000e-05;   -4441154
9.4464382123000e-05;   -4441173
9.4484350216000e-05;   -4441173
9.4502681101000e-05;   -4441193
9.4522653072000e-05;   -4441193
9.4540979842000e-05;   -4441214
9.4560947846000e-05;   -4441214
9.4579278702000e-05;   -4441235
9.4599250567000e-05;   -4441235
9.4617577595000e-05;   -4441255
9.4637545566000e-05;   -4441255
9.4657541769000e-05;   -4441275
9.4675844543000e-05;   -4441275
9.4695840482000e-05;   -4441294
9.4714147454000e-05;   -4441294
9.4734139373000e-05;   -4441314
9.4752442224000e-05;   -4441314
9.4772438236000e-05;   -4441334
9.4790745073000e-05;   -4441334
9.4810737012000e-05;   -4441353
9.4829043912000e-05;   -4441353
9.4849036065000e-05;   -4441371
9.4869003939000e-05;   -4441371
9.4887334832000e-05;   -4441389
9.4907306855000e-05;   -4441389
9.4925633851000e-05;   -4441409
9.4945601919000e-05;   -4441409
9.4963932815000e-05;   -4441427
9.4983905045000e-05;   -4441427
9.5002232077000e-05;   -4441446
9.5022204173000e-05;   -4441446
9.5040531113000e-05;   -4441463
9.5060499249000e-05;   -4441463
9.5080495316000e-05;   -4441481
9.5098802224000e-05;   -4441481
9.5118794278000e-05;   -4441499
9.5137097199000e-05;   -4441499
9.5157093483000e-05;   -4441518
9.5175396350000e-05;   -4441518
9.5195392443000e-05;   -4441537
9.5213699455000e-05;   -4441537
9.5233691622000e-05;   -4441556
9.5253659588000e-05;   -4441556
9.5271990532000e-05;   -4441573
9.5291962540000e-05;   -4441573
9.5310289685000e-05;   -4441591
9.5330257937000e-05;   -4441591
9.5348588903000e-05;   -4441607
9.5368557105000e-05;   -4441607
9.5386888056000e-05;   -4441623
9.5406860287000e-05;   -4441623
9.5425187216000e-05;   -4441639
9.5445155521000e-05;   -4441639
9.5465151627000e-05;   -4441654
9.5483458700000e-05;   -4441654
9.5503450834000e-05;   -4441671
9.5521753661000e-05;   -4441671
9.5541749872000e-05;   -4441686
9.5560052757000e-05;   -4441686
9.5580048956000e-05;   -4441701
9.5598355898000e-05;   -4441701
9.5618348167000e-05;   -4441716
9.5638316398000e-05;   -4441716
9.5656647418000e-05;   -4441731
9.5676619531000e-05;   -4441731
9.5694946821000e-05;   -4441746
9.5714919044000e-05;   -4441746
9.5733245883000e-05;   -4441760
9.5753214076000e-05;   -4441760
9.5771545189000e-05;   -4441775
9.5791517310000e-05;   -4441775
9.5809844237000e-05;   -4441790
9.5829812460000e-05;   -4441790
9.5849808633000e-05;   -4441806
9.5868115593000e-05;   -4441806
9.5888107732000e-05;   -4441822
9.5906414873000e-05;   -4441822
9.5926407153000e-05;   -4441839
9.5944710236000e-05;   -4441839
9.5964706444000e-05;   -4441857
9.5983013582000e-05;   -4441857
9.6003005808000e-05;   -4441874
9.6022974193000e-05;   -4441874
9.6041305299000e-05;   -4441892
9.6061273668000e-05;   -4441892
9.6079604688000e-05;   -4441910
9.6099576950000e-05;   -4441910
9.6117904093000e-05;   -4441927
9.6137872322000e-05;   -4441927
9.6156203543000e-05;   -4441945
9.6176175698000e-05;   -4441945
9.6194502991000e-05;   -4441962
9.6214471318000e-05;   -4441962
9.6234467595000e-05;   -4441978
9.6252770726000e-05;   -4441978
9.6272766861000e-05;   -4441994
9.6291074098000e-05;   -4441994
9.6311066344000e-05;   -4442009
9.6329369507000e-05;   -4442009
9.6349365800000e-05;   -4442024
9.6367672843000e-05;   -4442024
9.6387665058000e-05;   -4442039
9.6405972265000e-05;   -4442039
9.6425964785000e-05;   -4442053
9.6445933148000e-05;   -4442053
9.6464264204000e-05;   -4442066
9.6484236678000e-05;   -4442066
9.6502563957000e-05;   -4442079
9.6522532392000e-05;   -4442079
9.6540863464000e-05;   -4442090
9.6560835932000e-05;   -4442090
9.6579163106000e-05;   -4442101
9.6599135386000e-05;   -4442101
9.6617462638000e-05;   -4442112
9.6637431091000e-05;   -4442112
9.6657427383000e-05;   -4442122
9.6675734588000e-05;   -4442122
9.6695726883000e-05;   -4442131
9.6714030019000e-05;   -4442131
9.6734026403000e-05;   -4442141
9.6752329477000e-05;   -4442141
9.6772326054000e-05;   -4442151
9.6790633247000e-05;   -4442151
9.6810625770000e-05;   -4442161
9.6830594214000e-05;   -4442161
9.6848925320000e-05;   -4442170
9.6868897798000e-05;   -4442170
9.6887225051000e-05;   -4442181
9.6907193533000e-05;   -4442181
9.6925524710000e-05;   -4442191
9.6945493196000e-05;   -4442191
9.6963824369000e-05;   -4442202
9.6983796848000e-05;   -4442202
9.7002124033000e-05;   -4442213
9.7022092464000e-05;   -4442213
9.7042088937000e-05;   -4442226
9.7060396043000e-05;   -4442226
9.7080388438000e-05;   -4442240
9.7098695758000e-05;   -4442240
9.7118688051000e-05;   -4442253
9.7136991248000e-05;   -4442253
9.7156987742000e-05;   -4442269
9.7175294813000e-05;   -4442269
9.7195287319000e-05;   -4442284
9.7215255633000e-05;   -4442284
9.7233586891000e-05;   -4442301
9.7253559467000e-05;   -4442301
9.7271886643000e-05;   -4442318
9.7291858979000e-05;   -4442318
9.7310186247000e-05;   -4442334
9.7330154657000e-05;   -4442334
9.7348485785000e-05;   -4442348
9.7368458145000e-05;   -4442348
9.7386785446000e-05;   -4442362
9.7406753819000e-05;   -4442362
9.7426750223000e-05;   -4442376
9.7445053531000e-05;   -4442376
9.7465049889000e-05;   -4442389
9.7483357256000e-05;   -4442389
9.7503349935000e-05;   -4442401
9.7521653147000e-05;   -4442401
9.7541649700000e-05;   -4442412
9.7559956971000e-05;   -4442412
9.7579949381000e-05;   -4442421
9.7599917912000e-05;   -4442421
9.7618249215000e-05;   -4442431
9.7638217832000e-05;   -4442431
9.7656549115000e-05;   -4442442
9.7676521563000e-05;   -4442442
9.7694848847000e-05;   -4442453
9.7714817388000e-05;   -4442453
9.7733148680000e-05;   -4442464
9.7753121129000e-05;   -4442464
9.7771448365000e-05;   -4442476
9.7791420934000e-05;   -4442476
9.7809748155000e-05;   -4442487
9.7829716573000e-05;   -4442487
9.7849713061000e-05;   -4442498
9.7868020517000e-05;   -4442498
9.7888013054000e-05;   -4442509
9.7906316227000e-05;   -4442509
9.7926312956000e-05;   -4442520
9.7944620400000e-05;   -4442520
9.7964613073000e-05;   -4442534
9.7982920447000e-05;   -4442534
9.8002912886000e-05;   -4442547
9.8022881505000e-05;   -4442547
9.8041212779000e-05;   -4442560
9.8061185256000e-05;   -4442560
9.8079512741000e-05;   -4442574
9.8099481221000e-05;   -4442574
9.8117812716000e-05;   -4442587
9.8137781233000e-05;   -4442587
9.8156112641000e-05;   -4442602
9.8176085167000e-05;   -4442602
9.8194412599000e-05;   -4442616
9.8214381140000e-05;   -4442616
9.8234377880000e-05;   -4442630
9.8252685240000e-05;   -4442630
9.8272677872000e-05;   -4442644
9.8290981208000e-05;   -4442644
9.8310977706000e-05;   -4442658
9.8329281072000e-05;   -4442658
9.8349277604000e-05;   -4442672
9.8367585039000e-05;   -4442672
9.8387577548000e-05;   -4442686
9.8407546313000e-05;   -4442686
9.8425877959000e-05;   -4442699
9.8445850536000e-05;   -4442699
9.8464177896000e-05;   -4442712
9.8484150477000e-05;   -4442712
9.8502477767000e-05;   -4442724
9.8522446318000e-05;   -4442724
9.8540777744000e-05;   -4442737
9.8560750368000e-05;   -4442737
9.8579077884000e-05;   -4442750
9.8599046666000e-05;   -4442750
9.8619043264000e-05;   -4442761
9.8637350718000e-05;   -4442761
9.8657343426000e-05;   -4442772
9.8675650888000e-05;   -4442772
9.8695643652000e-05;   -4442781
9.8713946884000e-05;   -4442781
9.8733943401000e-05;   -4442790
9.8752250886000e-05;   -4442790
9.8772243482000e-05;   -4442798
9.8792212052000e-05;   -4442798
9.8810543526000e-05;   -4442806
9.8830512112000e-05;   -4442806
9.8848843467000e-05;   -4442815
9.8868815974000e-05;   -4442815
9.8887143451000e-05;   -4442826
9.8907112123000e-05;   -4442826
9.8925443522000e-05;   -4442837
9.8945416148000e-05;   -4442837
9.8963743630000e-05;   -4442849
9.8983716146000e-05;   -4442849
9.9002043599000e-05;   -4442860
9.9022012242000e-05;   -4442860
9.9042008971000e-05;   -4442871
9.9060316374000e-05;   -4442871
9.9080308994000e-05;   -4442881
9.9098612390000e-05;   -4442881
9.9118609105000e-05;   -4442890
9.9136916657000e-05;   -4442890
9.9156909364000e-05;   -4442900
9.9175216902000e-05;   -4442900
9.9195209612000e-05;   -4442909
9.9215178289000e-05;   -4442909
9.9233509799000e-05;   -4442919
9.9253482443000e-05;   -4442919
9.9271809985000e-05;   -4442929
9.9291778713000e-05;   -4442929
9.9310110279000e-05;   -4442939
9.9330079009000e-05;   -4442939
9.9348410573000e-05;   -4442949
9.9368383271000e-05;   -4442949
9.9386710789000e-05;   -4442960
9.9406679544000e-05;   -4442960
9.9426676223000e-05;   -4442971
9.9444983781000e-05;   -4442971
9.9464976547000e-05;   -4442981
9.9483279948000e-05;   -4442981
9.9503276900000e-05;   -4442993
9.9521580464000e-05;   -4442993
9.9541577096000e-05;   -4443005
9.9559884511000e-05;   -4443005
9.9579877253000e-05;   -4443018
9.9599846106000e-05;   -4443018
9.9618177669000e-05;   -4443032
9.9638150438000e-05;   -4443032
9.9656477928000e-05;   -4443044
9.9676450761000e-05;   -4443044
9.9694778388000e-05;   -4443054
9.9714747065000e-05;   -4443054
9.9733078612000e-05;   -4443063
9.9753051381000e-05;   -4443063
9.9771378984000e-05;   -4443071
9.9791347864000e-05;   -4443071
9.9811344606000e-05;   -4443079
9.9829652186000e-05;   -4443079
9.9849644924000e-05;   -4443086
9.9867952532000e-05;   -4443086
9.9887945275000e-05;   -4443093
9.9906248796000e-05;   -4443093
9.9926245563000e-05;   -4443098
9.9944553083000e-05;   -4443098
9.9964546006000e-05;   -4443104
9.9984514758000e-05;   -4443104
1.0000284617300e-04;   -4443110
1.0002281514900e-04;   -4443110
1.0004114659400e-04;   -4443116
1.0006111949400e-04;   -4443116
1.0007944713400e-04;   -4443123
1.0009941588700e-04;   -4443123
1.0011774743400e-04;   -4443130
1.0013772036400e-04;   -4443130
1.0015604795200e-04;   -4443136
1.0017601696800e-04;   -4443136
1.0019601360400e-04;   -4443141
1.0021431725200e-04;   -4443141
1.0023431386000e-04;   -4443147
1.0025262148600e-04;   -4443147
1.0027261423100e-04;   -4443152
1.0029091774600e-04;   -4443152
1.0031091448600e-04;   -4443158
1.0032922204600e-04;   -4443158
1.0034921487400e-04;   -4443164
1.0036752227200e-04;   -4443164
1.0038751509700e-04;   -4443170
1.0040748394200e-04;   -4443170
1.0042581558700e-04;   -4443175
1.0044578853900e-04;   -4443175
1.0046411607500e-04;   -4443179
1.0048408498200e-04;   -4443179
1.0050241654500e-04;   -4443184
1.0052238545000e-04;   -4443184
1.0054071700200e-04;   -4443189
1.0056068969700e-04;   -4443189
1.0057901720200e-04;   -4443194
1.0059898603800e-04;   -4443194
1.0061898285100e-04;   -4443200
1.0063729030300e-04;   -4443200
1.0065728318700e-04;   -4443205
1.0067558654900e-04;   -4443205
1.0069558343400e-04;   -4443212
1.0071388707600e-04;   -4443212
1.0073388380000e-04;   -4443220
1.0075219136900e-04;   -4443220
1.0077218410800e-04;   -4443229
1.0079215304100e-04;   -4443229
1.0081048456700e-04;   -4443239
1.0083045723400e-04;   -4443239
1.0084878484000e-04;   -4443248
1.0086875767600e-04;   -4443248
1.0088708512400e-04;   -4443256
1.0090705401300e-04;   -4443256
1.0092538555500e-04;   -4443266
1.0094535850000e-04;   -4443266
1.0096368608000e-04;   -4443276
1.0098365491900e-04;   -4443276
1.0100365170300e-04;   -4443286
1.0102195931300e-04;   -4443286
1.0104195227400e-04;   -4443296
1.0106025979300e-04;   -4443296
1.0108025268700e-04;   -4443305
1.0109855635700e-04;   -4443305
1.0111855318700e-04;   -4443313
1.0113686077300e-04;   -4443313
1.0115685379300e-04;   -4443320
1.0117682273300e-04;   -4443320
1.0119515441300e-04;   -4443327
1.0121512334100e-04;   -4443327
1.0123345490000e-04;   -4443334
1.0125342773300e-04;   -4443334
1.0127175539400e-04;   -4443341
1.0129172428600e-04;   -4443341
1.0131005594300e-04;   -4443348
1.0133002881200e-04;   -4443348
1.0134835652500e-04;   -4443355
1.0136832549800e-04;   -4443355
1.0138832230100e-04;   -4443362
1.0140662588800e-04;   -4443362
1.0142662278700e-04;   -4443369
1.0144493042000e-04;   -4443369
1.0146492345000e-04;   -4443376
1.0148322701700e-04;   -4443376
1.0150322397500e-04;   -4443383
1.0152153178000e-04;   -4443383
1.0154152463200e-04;   -4443391
1.0155983215900e-04;   -4443391
1.0157982505000e-04;   -4443398
1.0159979393100e-04;   -4443398
1.0161812565300e-04;   -4443405
1.0163809848600e-04;   -4443405
1.0165642613400e-04;   -4443413
1.0167639505700e-04;   -4443413
1.0169472677500e-04;   -4443421
1.0171469574600e-04;   -4443421
1.0173302728100e-04;   -4443430
1.0175300021400e-04;   -4443430
1.0177132777400e-04;   -4443439
1.0179129664800e-04;   -4443439
1.0181129350300e-04;   -4443448
1.0182960111100e-04;   -4443448
1.0184959413000e-04;   -4443456
1.0186789773100e-04;   -4443456
1.0188789468800e-04;   -4443467
1.0190619824400e-04;   -4443467
1.0192619510700e-04;   -4443478
1.0194450274200e-04;   -4443478
1.0196449573200e-04;   -4443490
1.0198446457200e-04;   -4443490
1.0200279634900e-04;   -4443501
1.0202276930400e-04;   -4443501
1.0204109706900e-04;   -4443512
1.0206107014000e-04;   -4443512
1.0207939769800e-04;   -4443522
1.0209936665100e-04;   -4443522
1.0211769834000e-04;   -4443530
1.0213767118300e-04;   -4443530
1.0215599876200e-04;   -4443536
1.0217596761900e-04;   -4443536
1.0219596460900e-04;   -4443541
1.0221427246000e-04;   -4443541
1.0223426518100e-04;   -4443545
1.0225257292800e-04;   -4443545
1.0227256582800e-04;   -4443548
1.0229086949000e-04;   -4443548
1.0231086650000e-04;   -4443551
1.0232917416800e-04;   -4443551
1.0234916692200e-04;   -4443553
1.0236913596900e-04;   -4443553
1.0238746768600e-04;   -4443556
1.0240743656100e-04;   -4443556
1.0242576835300e-04;   -4443559
1.0244574136800e-04;   -4443559
1.0246406899300e-04;   -4443563
1.0248403781500e-04;   -4443563
1.0250236961400e-04;   -4443568
1.0252234264800e-04;   -4443568
1.0254067031300e-04;   -4443574
1.0256064336600e-04;   -4443574
1.0257897108200e-04;   -4443581
1.0259893999100e-04;   -4443581
1.0261893692800e-04;   -4443587
1.0263724469900e-04;   -4443587
1.0265723779300e-04;   -4443592
1.0267554167400e-04;   -4443592
1.0269553866800e-04;   -4443596
1.0271384656400e-04;   -4443596
1.0273383952500e-04;   -4443600
1.0275214731700e-04;   -4443600
1.0277214022300e-04;   -4443604
1.0279210918200e-04;   -4443604
1.0281044085800e-04;   -4443607
1.0283041372700e-04;   -4443607
1.0284874144100e-04;   -4443612
1.0286871042900e-04;   -4443612
1.0288704227300e-04;   -4443616
1.0290701135400e-04;   -4443616
1.0292534294900e-04;   -4443621
1.0294531588300e-04;   -4443621
1.0296364363100e-04;   -4443625
1.0298361265400e-04;   -4443625
1.0300360963200e-04;   -4443628
1.0302191749700e-04;   -4443628
1.0304191040100e-04;   -4443630
1.0306021415300e-04;   -4443630
1.0308021104600e-04;   -4443634
1.0309851481100e-04;   -4443634
1.0311851179300e-04;   -4443639
1.0313681957400e-04;   -4443639
1.0315681273500e-04;   -4443644
1.0317678167500e-04;   -4443644
1.0319511364300e-04;   -4443649
1.0321508659500e-04;   -4443649
1.0323341459500e-04;   -4443654
1.0325338763400e-04;   -4443654
1.0327171536700e-04;   -4443659
1.0329168437900e-04;   -4443659
1.0331001610100e-04;   -4443662
1.0332998907900e-04;   -4443662
1.0334831708600e-04;   -4443664
1.0336828607400e-04;   -4443664
1.0338828304100e-04;   -4443666
1.0340658685900e-04;   -4443666
1.0342658373600e-04;   -4443669
1.0344489167200e-04;   -4443669
1.0346488465800e-04;   -4443672
1.0348318840900e-04;   -4443672
1.0350318540800e-04;   -4443675
1.0352149318100e-04;   -4443675
1.0354148625100e-04;   -4443679
1.0356145517300e-04;   -4443679
1.0357978702700e-04;   -4443682
1.0359975601500e-04;   -4443682
1.0361808781600e-04;   -4443685
1.0363806099900e-04;   -4443685
1.0365638879600e-04;   -4443689
1.0367635780100e-04;   -4443689
1.0369468965400e-04;   -4443694
1.0371466261200e-04;   -4443694
1.0373299042400e-04;   -4443699
1.0375296359600e-04;   -4443699
1.0377129143200e-04;   -4443705
1.0379126068200e-04;   -4443705
1.0381125763900e-04;   -4443710
1.0382956544400e-04;   -4443710
1.0384955843300e-04;   -4443717
1.0386786236000e-04;   -4443717
1.0388785936800e-04;   -4443723
1.0390616305100e-04;   -4443723
1.0392616004800e-04;   -4443729
1.0394446768400e-04;   -4443729
1.0396446084400e-04;   -4443733
1.0398442989700e-04;   -4443733
1.0400276161500e-04;   -4443737
1.0402273467800e-04;   -4443737
1.0404106256500e-04;   -4443739
1.0406103163900e-04;   -4443739
1.0407936333200e-04;   -4443741
1.0409933237900e-04;   -4443741
1.0411766416800e-04;   -4443743
1.0413763727400e-04;   -4443743
1.0415596500900e-04;   -4443745
1.0417593413800e-04;   -4443745
1.0419593121300e-04;   -4443746
1.0421423896300e-04;   -4443746
1.0423423195800e-04;   -4443746
1.0425253977700e-04;   -4443746
1.0427253289000e-04;   -4443746
1.0429083668800e-04;   -4443746
1.0431083364700e-04;   -4443746
1.0432914143100e-04;   -4443746
1.0434913436600e-04;   -4443747
1.0436910341600e-04;   -4443747
1.0438743506800e-04;   -4443749
1.0440740805500e-04;   -4443749
1.0442573574100e-04;   -4443752
1.0444570867900e-04;   -4443752
1.0446403636200e-04;   -4443755
1.0448400542800e-04;   -4443755
1.0450233724200e-04;   -4443758
1.0452231023300e-04;   -4443758
1.0454063795500e-04;   -4443761
1.0456060704100e-04;   -4443761
1.0458060405400e-04;   -4443765
1.0459890778100e-04;   -4443765
1.0461890504000e-04;   -4443770
1.0463721281200e-04;   -4443770
1.0465720592400e-04;   -4443776
1.0467550960800e-04;   -4443776
1.0469550655800e-04;   -4443783
1.0471381439900e-04;   -4443783
1.0473380749600e-04;   -4443791
1.0475377661600e-04;   -4443791
1.0477210832700e-04;   -4443798
1.0479207745200e-04;   -4443798
1.0481040941600e-04;   -4443804
1.0483038247600e-04;   -4443804
1.0484871031600e-04;   -4443809
1.0486867944200e-04;   -4443809
1.0488701124300e-04;   -4443814
1.0490698429900e-04;   -4443814
1.0492531220600e-04;   -4443820
1.0494528528100e-04;   -4443820
1.0496361297900e-04;   -4443826
1.0498358217500e-04;   -4443826
1.0500357903500e-04;   -4443832
1.0502188695000e-04;   -4443832
1.0504187991300e-04;   -4443838
1.0506018367500e-04;   -4443838
1.0508018068000e-04;   -4443843
1.0509848468000e-04;   -4443843
1.0511848167300e-04;   -4443848
1.0513678937800e-04;   -4443848
1.0515678259000e-04;   -4443853
1.0517675166100e-04;   -4443853
1.0519508335100e-04;   -4443857
1.0521505650900e-04;   -4443857
1.0523338426600e-04;   -4443860
1.0525335334200e-04;   -4443860
1.0527168524000e-04;   -4443864
1.0529165430600e-04;   -4443864
1.0530998617700e-04;   -4443868
1.0532995916100e-04;   -4443868
1.0534828696500e-04;   -4443872
1.0536825605700e-04;   -4443872
1.0538825307900e-04;   -4443877
1.0540656076700e-04;   -4443877
1.0542655408100e-04;   -4443881
1.0544486192900e-04;   -4443881
1.0546485505400e-04;   -4443884
1.0548315887000e-04;   -4443884
1.0550315593900e-04;   -4443885
1.0552146385100e-04;   -4443885
1.0554145703200e-04;   -4443885
1.0556142617700e-04;   -4443885
1.0557975812900e-04;   -4443887
1.0559972735300e-04;   -4443887
1.0561805914800e-04;   -4443889
1.0563803229500e-04;   -4443889
1.0565636022200e-04;   -4443892
1.0567632948300e-04;   -4443892
1.0569466132100e-04;   -4443895
1.0571463447400e-04;   -4443895
1.0573296226000e-04;   -4443899
1.0575293141400e-04;   -4443899
1.0577292858400e-04;   -4443906
1.0579123242700e-04;   -4443906
1.0581122952500e-04;   -4443913
1.0582953732400e-04;   -4443913
1.0584953056400e-04;   -4443921
1.0586783447800e-04;   -4443921
1.0588783157600e-04;   -4443929
1.0590613941500e-04;   -4443929
1.0592613262800e-04;   -4443938
1.0594444048900e-04;   -4443938
1.0596443359200e-04;   -4443947
1.0598440261300e-04;   -4443947
1.0600273432800e-04;   -4443954
1.0602270769400e-04;   -4443954
1.0604103534700e-04;   -4443961
1.0606100458000e-04;   -4443961
1.0607933640600e-04;   -4443966
1.0609930567900e-04;   -4443966
1.0611763751900e-04;   -4443969
1.0613761068900e-04;   -4443969
1.0615593842300e-04;   -4443971
1.0617590769100e-04;   -4443971
1.0619590489600e-04;   -4443970
1.0621421275500e-04;   -4443970
1.0623420605500e-04;   -4443969
1.0625250967400e-04;   -4443969
1.0627250691200e-04;   -4443967
1.0629081064700e-04;   -4443967
1.0631080791900e-04;   -4443966
1.0632911583000e-04;   -4443966
1.0634910886500e-04;   -4443965
1.0636907796100e-04;   -4443965
1.0638740996100e-04;   -4443966
1.0640738304500e-04;   -4443966
1.0642571086600e-04;   -4443966
1.0644568395000e-04;   -4443966
1.0646401181600e-04;   -4443968
1.0648398099900e-04;   -4443968
1.0650231297000e-04;   -4443970
1.0652228600400e-04;   -4443970
1.0654061377100e-04;   -4443974
1.0656058285000e-04;   -4443974
1.0658057994800e-04;   -4443978
1.0659888776800e-04;   -4443978
1.0661888094000e-04;   -4443983
1.0663718891200e-04;   -4443983
1.0665718183200e-04;   -4443988
1.0667548562900e-04;   -4443988
1.0669548280500e-04;   -4443993
1.0671379063800e-04;   -4443993
1.0673378372700e-04;   -4443998
1.0675375290000e-04;   -4443998
1.0677208466700e-04;   -4444001
1.0679205379200e-04;   -4444001
1.0681038586200e-04;   -4444005
1.0683035901700e-04;   -4444005
1.0684868680600e-04;   -4444007
1.0686865597800e-04;   -4444007
1.0688698788300e-04;   -4444008
1.0690696108800e-04;   -4444008
1.0692528897700e-04;   -4444010
1.0694526202700e-04;   -4444010
1.0696358997400e-04;   -4444012
1.0698355907200e-04;   -4444012
1.0700355615800e-04;   -4444014
1.0702186415800e-04;   -4444014
1.0704185737900e-04;   -4444017
1.0706016129700e-04;   -4444017
1.0708015847800e-04;   -4444020
1.0709846637800e-04;   -4444020
1.0711845949500e-04;   -4444023
1.0713676753100e-04;   -4444023
1.0715676061800e-04;   -4444026
1.0717672972900e-04;   -4444026
1.0719506164500e-04;   -4444027
1.0721503479600e-04;   -4444027
1.0723336279900e-04;   -4444028
1.0725333197900e-04;   -4444028
1.0727166380000e-04;   -4444030
1.0729163309200e-04;   -4444030
1.0730996496100e-04;   -4444032
1.0732993814200e-04;   -4444032
1.0734826608100e-04;   -4444036
1.0736823535700e-04;   -4444036
1.0738823249100e-04;   -4444040
1.0740654040500e-04;   -4444040
1.0742653356300e-04;   -4444045
1.0744484148400e-04;   -4444045
1.0746483457900e-04;   -4444049
1.0748313840500e-04;   -4444049
1.0750313568100e-04;   -4444052
1.0752144354800e-04;   -4444052
1.0754143684000e-04;   -4444055
1.0756140585100e-04;   -4444055
1.0757973785300e-04;   -4444057
1.0759971107000e-04;   -4444057
1.0761803893000e-04;   -4444060
1.0763801227900e-04;   -4444060
1.0765634019600e-04;   -4444062
1.0767630921300e-04;   -4444062
1.0769464121100e-04;   -4444065
1.0771461423900e-04;   -4444065
1.0773294219800e-04;   -4444068
1.0775291124000e-04;   -4444068
1.0777290839700e-04;   -4444072
1.0779121224300e-04;   -4444072
1.0781120936000e-04;   -4444076
1.0782951715000e-04;   -4444076
1.0784951024500e-04;   -4444080
1.0786781430100e-04;   -4444080
1.0788781161600e-04;   -4444083
1.0790611956000e-04;   -4444083
1.0792611283500e-04;   -4444086
1.0794608204400e-04;   -4444086
1.0796441403800e-04;   -4444090
1.0798438309500e-04;   -4444090
1.0800271515900e-04;   -4444095
1.0802268832600e-04;   -4444095
1.0804101612500e-04;   -4444100
1.0806098537500e-04;   -4444100
1.0807931729400e-04;   -4444107
1.0809929061100e-04;   -4444107
1.0811761852600e-04;   -4444113
1.0813759163600e-04;   -4444113
1.0815591974100e-04;   -4444119
1.0817588890800e-04;   -4444119
1.0819588603200e-04;   -4444124
1.0821419399800e-04;   -4444124
1.0823418739300e-04;   -4444128
1.0825249117500e-04;   -4444128
1.0827248840900e-04;   -4444130
1.0829079242700e-04;   -4444130
1.0831078961700e-04;   -4444131
1.0832909742800e-04;   -4444131
1.0834909071300e-04;   -4444131
1.0836905991100e-04;   -4444131
1.0838739199600e-04;   -4444129
1.0840736528300e-04;   -4444129
1.0842569325600e-04;   -4444127
1.0844566252700e-04;   -4444127
1.0846399444200e-04;   -4444126
1.0848396363200e-04;   -4444126
1.0850229559600e-04;   -4444125
1.0852226869300e-04;   -4444125
1.0854059663800e-04;   -4444125
1.0856056584800e-04;   -4444125
1.0858056305100e-04;   -4444126
1.0859887073400e-04;   -4444126
1.0861886398900e-04;   -4444127
1.0863717204800e-04;   -4444127
1.0865716515200e-04;   -4444127
1.0867546903300e-04;   -4444127
1.0869546630100e-04;   -4444126
1.0871377414500e-04;   -4444126
1.0873376736900e-04;   -4444125
1.0875373667400e-04;   -4444125
1.0877206853700e-04;   -4444124
1.0879203755000e-04;   -4444124
1.0881036955300e-04;   -4444123
1.0883034281100e-04;   -4444123
1.0884867073300e-04;   -4444122
1.0886863988900e-04;   -4444122
1.0888697180200e-04;   -4444122
1.0890694499400e-04;   -4444122
1.0892527284900e-04;   -4444123
1.0894524202500e-04;   -4444123
1.0896523932700e-04;   -4444124
1.0898354325400e-04;   -4444124
1.0900354036000e-04;   -4444126
1.0902184830900e-04;   -4444126
1.0904184160500e-04;   -4444128
1.0906014555800e-04;   -4444128
1.0908014277900e-04;   -4444129
1.0909845074000e-04;   -4444129
1.0911844416100e-04;   -4444130
1.0913675217700e-04;   -4444130
1.0915674520800e-04;   -4444129
1.0917671432900e-04;   -4444129
1.0919504634400e-04;   -4444128
1.0921501954200e-04;   -4444128
1.0923334759300e-04;   -4444126
1.0925331669100e-04;   -4444126
1.0927164865100e-04;   -4444125
1.0929161784100e-04;   -4444125
1.0930994979200e-04;   -4444125
1.0932992305000e-04;   -4444125
1.0934825101100e-04;   -4444125
1.0936822037600e-04;   -4444125
1.0938821750000e-04;   -4444125
1.0940652534400e-04;   -4444125
1.0942651861400e-04;   -4444127
1.0944482242900e-04;   -4444127
1.0946481978300e-04;   -4444130
1.0948312387000e-04;   -4444130
1.0950312112000e-04;   -4444134
1.0952142905200e-04;   -4444134
1.0954142226300e-04;   -4444140
1.0956139142800e-04;   -4444140
1.0957972337600e-04;   -4444145
1.0959969657900e-04;   -4444145
1.0961802441400e-04;   -4444151
1.0963799774300e-04;   -4444151
1.0965632551400e-04;   -4444156
1.0967629485700e-04;   -4444156
1.0969462677500e-04;   -4444160
1.0971460010900e-04;   -4444160
1.0973292804300e-04;   -4444164
1.0975289739100e-04;   -4444164
1.0977289461500e-04;   -4444167
1.0979119841000e-04;   -4444167
1.0981119567700e-04;   -4444169
1.0982950371000e-04;   -4444169
1.0984949692200e-04;   -4444170
1.0986780074800e-04;   -4444170
1.0988779805800e-04;   -4444170
1.0990610580300e-04;   -4444170
1.0992609908200e-04;   -4444170
1.0994606830100e-04;   -4444170
1.0996440019800e-04;   -4444170
1.0998436951600e-04;   -4444170
1.1000270139800e-04;   -4444171
1.1002267458700e-04;   -4444171
1.1004100262700e-04;   -4444174
1.1006097177600e-04;   -4444174
1.1007930370200e-04;   -4444177
1.1009927697800e-04;   -4444177
1.1011760483200e-04;   -4444181
1.1013757800300e-04;   -4444181
1.1015590607900e-04;   -4444185
1.1017587522000e-04;   -4444185
1.1019587252400e-04;   -4444188
1.1021418041500e-04;   -4444188
1.1023417365700e-04;   -4444191
1.1025247771900e-04;   -4444191
1.1027247505000e-04;   -4444194
1.1029077908500e-04;   -4444194
1.1031077629000e-04;   -4444196
1.1032908425900e-04;   -4444196
1.1034907736000e-04;   -4444197
1.1036904673200e-04;   -4444197
1.1038737870900e-04;   -4444198
1.1040735201000e-04;   -4444198
1.1042568006100e-04;   -4444197
1.1044564928300e-04;   -4444197
1.1046398125400e-04;   -4444197
1.1048395072300e-04;   -4444197
1.1050228256600e-04;   -4444198
1.1052225585000e-04;   -4444198
1.1054058382900e-04;   -4444199
1.1056055298000e-04;   -4444199
1.1058055023100e-04;   -4444199
1.1059885823100e-04;   -4444199
1.1061885148900e-04;   -4444200
1.1063715948600e-04;   -4444200
1.1065715274700e-04;   -4444200
1.1067545677200e-04;   -4444200
1.1069545408700e-04;   -4444199
1.1071376202200e-04;   -4444199
1.1073375507600e-04;   -4444198
1.1075372414700e-04;   -4444198
1.1077205611400e-04;   -4444196
1.1079202937100e-04;   -4444196
1.1081035730200e-04;   -4444195
1.1083033060400e-04;   -4444195
1.1084865863000e-04;   -4444194
1.1086862785800e-04;   -4444194
1.1088695986600e-04;   -4444194
1.1090693293200e-04;   -4444194
1.1092526109700e-04;   -4444194
1.1094523030500e-04;   -4444194
1.1096522747000e-04;   -4444196
1.1098353158500e-04;   -4444196
1.1100352873100e-04;   -4444198
1.1102183669800e-04;   -4444198
1.1104182994900e-04;   -4444200
1.1106013391400e-04;   -4444200
1.1108013094000e-04;   -4444202
1.1109843899400e-04;   -4444202
1.1111843218800e-04;   -4444203
1.1113674027900e-04;   -4444203
1.1115673352900e-04;   -4444205
1.1117670282200e-04;   -4444205
1.1119503465900e-04;   -4444208
1.1121500791900e-04;   -4444208
1.1123333595500e-04;   -4444211
1.1125330523100e-04;   -4444211
1.1127163716500e-04;   -4444215
1.1129161042200e-04;   -4444215
1.1130993852600e-04;   -4444220
1.1132991160000e-04;   -4444220
1.1134823959200e-04;   -4444225
1.1136820876800e-04;   -4444225
1.1138820600600e-04;   -4444229
1.1140651387400e-04;   -4444229
1.1142650707200e-04;   -4444233
1.1144481083300e-04;   -4444233
1.1146480822200e-04;   -4444235
1.1148311206500e-04;   -4444235
1.1150310943600e-04;   -4444236
1.1152141740600e-04;   -4444236
1.1154141064400e-04;   -4444236
1.1156137985600e-04;   -4444236
1.1157971198600e-04;   -4444235
1.1159968521700e-04;   -4444235
1.1161801308800e-04;   -4444234
1.1163798651100e-04;   -4444234
1.1165631455700e-04;   -4444233
1.1167628377100e-04;   -4444233
1.1169461592700e-04;   -4444233
1.1171458915800e-04;   -4444233
1.1173291705200e-04;   -4444234
1.1175288631900e-04;   -4444234
1.1177288354300e-04;   -4444236
1.1179119131500e-04;   -4444236
1.1181118462100e-04;   -4444238
1.1182949250800e-04;   -4444238
1.1184948593800e-04;   -4444240
1.1186779000900e-04;   -4444240
1.1188778720500e-04;   -4444241
1.1190609532900e-04;   -4444241
1.1192608861700e-04;   -4444242
1.1194605795100e-04;   -4444242
1.1196438990600e-04;   -4444244
1.1198435912500e-04;   -4444244
1.1200269109800e-04;   -4444248
1.1202266433900e-04;   -4444248
1.1204099224600e-04;   -4444252
1.1206096161500e-04;   -4444252
1.1207929354100e-04;   -4444258
1.1209926679000e-04;   -4444258
1.1211759492500e-04;   -4444264
1.1213756807100e-04;   -4444264
1.1215589614300e-04;   -4444270
1.1217586533900e-04;   -4444270
1.1219586260300e-04;   -4444275
1.1221417040000e-04;   -4444275
1.1223416369100e-04;   -4444279
1.1225246762000e-04;   -4444279
1.1227246493800e-04;   -4444282
1.1229077299300e-04;   -4444282
1.1231076628900e-04;   -4444283
1.1232907434000e-04;   -4444283
1.1234906764100e-04;   -4444284
1.1236903679800e-04;   -4444284
1.1238736892300e-04;   -4444283
1.1240734217200e-04;   -4444283
1.1242567013700e-04;   -4444283
1.1244563940300e-04;   -4444283
1.1246397139500e-04;   -4444283
1.1248394071000e-04;   -4444283
1.1250227276400e-04;   -4444283
1.1252224587800e-04;   -4444283
1.1254057375100e-04;   -4444285
1.1256054296100e-04;   -4444285
1.1258054038000e-04;   -4444287
1.1259884842600e-04;   -4444287
1.1261884156800e-04;   -4444289
1.1263714964600e-04;   -4444289
1.1265714293000e-04;   -4444291
1.1267544686800e-04;   -4444291
1.1269544414200e-04;   -4444292
1.1271375217200e-04;   -4444292
1.1273374534700e-04;   -4444292
1.1275371456300e-04;   -4444292
1.1277204657500e-04;   -4444291
1.1279201996000e-04;   -4444291
1.1281034791600e-04;   -4444289
1.1283032115600e-04;   -4444289
1.1284864924100e-04;   -4444288
1.1286861867000e-04;   -4444288
1.1288695059400e-04;   -4444287
1.1290692386400e-04;   -4444287
1.1292525181800e-04;   -4444288
1.1294522102700e-04;   -4444288
1.1296521840400e-04;   -4444290
1.1298352239700e-04;   -4444290
1.1300351961900e-04;   -4444293
1.1302182765600e-04;   -4444293
1.1304182083200e-04;   -4444296
1.1306012481400e-04;   -4444296
1.1308012213600e-04;   -4444300
1.1309843014900e-04;   -4444300
1.1311842346600e-04;   -4444302
1.1313673146700e-04;   -4444302
1.1315672475900e-04;   -4444303
1.1317669392400e-04;   -4444303
1.1319502599300e-04;   -4444303
1.1321499936400e-04;   -4444303
1.1323332743300e-04;   -4444302
1.1325329680900e-04;   -4444302
1.1327162876100e-04;   -4444301
1.1329160215600e-04;   -4444301
1.1330993012500e-04;   -4444298
1.1332990341000e-04;   -4444298
1.1334823129900e-04;   -4444295
1.1336820053200e-04;   -4444295
1.1338819766000e-04;   -4444292
1.1340650569000e-04;   -4444292
1.1342649893600e-04;   -4444289
1.1344480298000e-04;   -4444289
1.1346480023500e-04;   -4444288
1.1348310444700e-04;   -4444288
1.1350310175000e-04;   -4444287
1.1352140972700e-04;   -4444287
1.1354140310000e-04;   -4444287
1.1356137228300e-04;   -4444287
1.1357970431900e-04;   -4444287
1.1359967745700e-04;   -4444287
1.1361800556900e-04;   -4444287
1.1363797890300e-04;   -4444287
1.1365630682800e-04;   -4444286
1.1367627628400e-04;   -4444286
1.1369460821500e-04;   -4444285
1.1371458172200e-04;   -4444285
1.1373290955000e-04;   -4444284
1.1375287897300e-04;   -4444284
1.1377287631700e-04;   -4444285
1.1379118430800e-04;   -4444285
1.1381117765400e-04;   -4444286
1.1382948574900e-04;   -4444286
1.1384947894800e-04;   -4444289
1.1386778307400e-04;   -4444289
1.1388778029100e-04;   -4444292
1.1390608824800e-04;   -4444292
1.1392608146000e-04;   -4444296
1.1394605082400e-04;   -4444296
1.1396438283700e-04;   -4444300
1.1398435228700e-04;   -4444300
1.1400268425700e-04;   -4444303
1.1402265755700e-04;   -4444303
1.1404098548800e-04;   -4444305
1.1406095464600e-04;   -4444305
1.1407928681200e-04;   -4444306
1.1409926003200e-04;   -4444306
1.1411758811700e-04;   -4444306
1.1413755746000e-04;   -4444306
1.1415755481300e-04;   -4444305
1.1417585889300e-04;   -4444305
1.1419585616800e-04;   -4444305
1.1421416414000e-04;   -4444305
1.1423415751000e-04;   -4444306
1.1425246156500e-04;   -4444306
1.1427245869600e-04;   -4444307
1.1429076669900e-04;   -4444307
1.1431076007600e-04;   -4444307
1.1432906816700e-04;   -4444307
1.1434906137800e-04;   -4444308
1.1436903067500e-04;   -4444308
1.1438736278100e-04;   -4444308
1.1440733602500e-04;   -4444308
1.1442566401500e-04;   -4444308
1.1444563323700e-04;   -4444308
1.1446396538800e-04;   -4444307
1.1448393455600e-04;   -4444307
1.1450226673000e-04;   -4444306
1.1452224006900e-04;   -4444306
1.1454056803400e-04;   -4444305
1.1456053712500e-04;   -4444305
1.1458053452800e-04;   -4444302
1.1459884259300e-04;   -4444302
1.1461883595400e-04;   -4444299
1.1463714408900e-04;   -4444299
1.1465713738500e-04;   -4444297
1.1467544127400e-04;   -4444297
1.1469543850600e-04;   -4444297
1.1471374652600e-04;   -4444297
1.1473373978900e-04;   -4444298
1.1475370905600e-04;   -4444298
1.1477204121300e-04;   -4444300
1.1479201441900e-04;   -4444300
1.1481034250100e-04;   -4444303
1.1483031578600e-04;   -4444303
1.1484864380600e-04;   -4444306
1.1486861300800e-04;   -4444306
1.1488694500200e-04;   -4444309
1.1490691831600e-04;   -4444309
1.1492524639100e-04;   -4444311
1.1494521555600e-04;   -4444311
1.1496521282300e-04;   -4444312
1.1498351674100e-04;   -4444312
1.1500351409000e-04;   -4444311
1.1502182216700e-04;   -4444311
1.1504181540500e-04;   -4444310
1.1506011916400e-04;   -4444310
1.1508011658900e-04;   -4444307
1.1509842456900e-04;   -4444307
1.1511841790700e-04;   -4444305
1.1513838722900e-04;   -4444305
1.1515671936500e-04;   -4444304
1.1517668876800e-04;   -4444304
1.1519502070200e-04;   -4444304
1.1521499390900e-04;   -4444304
1.1523332196600e-04;   -4444305
1.1525329130000e-04;   -4444305
1.1527162329900e-04;   -4444308
1.1529159661900e-04;   -4444308
1.1530992477200e-04;   -4444312
1.1532989790300e-04;   -4444312
1.1534822593300e-04;   -4444315
1.1536819525900e-04;   -4444315
1.1538819240000e-04;   -4444317
1.1540650036100e-04;   -4444317
1.1542649359500e-04;   -4444319
1.1544479756200e-04;   -4444319
1.1546479476900e-04;   -4444320
1.1548309896100e-04;   -4444320
1.1550309630200e-04;   -4444321
1.1552140428500e-04;   -4444321
1.1554139756000e-04;   -4444322
1.1556136695000e-04;   -4444322
1.1557969898400e-04;   -4444322
1.1559967236100e-04;   -4444322
1.1561800031600e-04;   -4444323
1.1563796966700e-04;   -4444323
1.1565630164200e-04;   -4444325
1.1567627094000e-04;   -4444325
1.1569460290900e-04;   -4444328
1.1571457619900e-04;   -4444328
1.1573290415400e-04;   -4444331
1.1575287340400e-04;   -4444331
1.1577287074900e-04;   -4444334
1.1579117872800e-04;   -4444334
1.1581117204600e-04;   -4444337
1.1582947999000e-04;   -4444337
1.1584947339200e-04;   -4444339
1.1586777749400e-04;   -4444339
1.1588777477200e-04;   -4444339
1.1590608288000e-04;   -4444339
1.1592607622300e-04;   -4444338
1.1594604554100e-04;   -4444338
1.1596437757300e-04;   -4444337
1.1598434679800e-04;   -4444337
1.1600267876300e-04;   -4444336
1.1602265217000e-04;   -4444336
1.1604098007100e-04;   -4444336
1.1606094918200e-04;   -4444336
1.1607928131700e-04;   -4444336
1.1609925455900e-04;   -4444336
1.1611758246300e-04;   -4444337
1.1613755176200e-04;   -4444337
1.1615754906400e-04;   -4444339
1.1617585310200e-04;   -4444339
1.1619585047200e-04;   -4444342
1.1621415849300e-04;   -4444342
1.1623415196400e-04;   -4444345
1.1625245599000e-04;   -4444345
1.1627245320600e-04;   -4444347
1.1629076122200e-04;   -4444347
1.1631075452400e-04;   -4444349
1.1632906267500e-04;   -4444349
1.1634905602700e-04;   -4444350
1.1636902519100e-04;   -4444350
1.1638735729200e-04;   -4444351
1.1640733060400e-04;   -4444351
1.1642565879400e-04;   -4444353
1.1644562809000e-04;   -4444353
1.1646396022000e-04;   -4444355
1.1648392939500e-04;   -4444355
1.1650226128200e-04;   -4444358
1.1652223470900e-04;   -4444358
1.1654056275200e-04;   -4444360
1.1656053198100e-04;   -4444360
1.1658052917800e-04;   -4444362
1.1659883730100e-04;   -4444362
1.1661883060600e-04;   -4444364
1.1663713475100e-04;   -4444364
1.1665713215600e-04;   -4444366
1.1667543616300e-04;   -4444366
1.1669543340700e-04;   -4444368
1.1671374147300e-04;   -4444368
1.1673373468400e-04;   -4444369
1.1675370403100e-04;   -4444369
1.1677203620300e-04;   -4444370
1.1679200940200e-04;   -4444370
1.1681033769800e-04;   -4444369
1.1683031086500e-04;   -4444369
1.1684863899900e-04;   -4444367
1.1686860823300e-04;   -4444367
1.1688694019100e-04;   -4444366
1.1690691359100e-04;   -4444366
1.1692524164800e-04;   -4444365
1.1694521093100e-04;   -4444365
1.1696520808000e-04;   -4444365
1.1698351214000e-04;   -4444365
1.1700350941000e-04;   -4444367
1.1702181744200e-04;   -4444367
1.1704181077900e-04;   -4444369
1.1706011485800e-04;   -4444369
1.1708011231800e-04;   -4444372
1.1709842039600e-04;   -4444372
1.1711841365500e-04;   -4444374
1.1713838288000e-04;   -4444374
1.1715671485700e-04;   -4444377
1.1717668420900e-04;   -4444377
1.1719501615100e-04;   -4444378
1.1721498954200e-04;   -4444378
1.1723331763300e-04;   -4444379
1.1725328694500e-04;   -4444379
1.1727161906600e-04;   -4444378
1.1729159228800e-04;   -4444378
1.1730992045700e-04;   -4444377
1.1732989358600e-04;   -4444377
1.1734822169000e-04;   -4444374
1.1736819104400e-04;   -4444374
1.1738818832100e-04;   -4444370
1.1740649648200e-04;   -4444370
1.1742648984500e-04;   -4444366
1.1744479376100e-04;   -4444366
1.1746479106800e-04;   -4444362
1.1748309496000e-04;   -4444362
1.1750309217700e-04;   -4444360
1.1752140024900e-04;   -4444360
1.1754139344600e-04;   -4444358
1.1756136267900e-04;   -4444358
1.1757969473800e-04;   -4444357
1.1759966809000e-04;   -4444357
1.1761799629400e-04;   -4444357
1.1763796548400e-04;   -4444357
1.1765629745900e-04;   -4444357
1.1767626668000e-04;   -4444357
1.1769459870000e-04;   -4444357
1.1771457197700e-04;   -4444357
1.1773290000500e-04;   -4444357
1.1775286940900e-04;   -4444357
1.1777286670500e-04;   -4444356
1.1779117469100e-04;   -4444356
1.1781116804700e-04;   -4444355
1.1782947606200e-04;   -4444355
1.1784946935100e-04;   -4444354
1.1786777338200e-04;   -4444354
1.1788777089700e-04;   -4444354
1.1790607880200e-04;   -4444354
1.1792607201700e-04;   -4444355
1.1794604149000e-04;   -4444355
1.1796437353000e-04;   -4444357
1.1798434289600e-04;   -4444357
1.1800267484000e-04;   -4444360
1.1802264809600e-04;   -4444360
1.1804097603700e-04;   -4444363
1.1806094539000e-04;   -4444363
1.1807927756600e-04;   -4444366
1.1809925088200e-04;   -4444366
1.1811757895500e-04;   -4444368
1.1813754825700e-04;   -4444368
1.1815754552700e-04;   -4444371
1.1817584960100e-04;   -4444371
1.1819584678400e-04;   -4444374
1.1821415466700e-04;   -4444374
1.1823414803500e-04;   -4444378
1.1825245195700e-04;   -4444378
1.1827244919900e-04;   -4444381
1.1829075729200e-04;   -4444381
1.1831075061100e-04;   -4444384
1.1832905868300e-04;   -4444384
1.1834905201400e-04;   -4444386
1.1836902127500e-04;   -4444386
1.1838735334800e-04;   -4444388
1.1840732670200e-04;   -4444388
1.1842565469700e-04;   -4444389
1.1844562391100e-04;   -4444389
1.1846395604100e-04;   -4444391
1.1848392522700e-04;   -4444391
1.1850225721400e-04;   -4444392
1.1852223045900e-04;   -4444392
1.1854055850700e-04;   -4444393
1.1856052792100e-04;   -4444393
1.1858052521300e-04;   -4444393
1.1859883328900e-04;   -4444393
1.1861882659400e-04;   -4444394
1.1863713058100e-04;   -4444394
1.1865712777200e-04;   -4444394
1.1867543161600e-04;   -4444394
1.1869542892000e-04;   -4444395
1.1871373721100e-04;   -4444395
1.1873373046200e-04;   -4444396
1.1875369972900e-04;   -4444396
1.1877203161100e-04;   -4444399
1.1879200498600e-04;   -4444399
1.1881033295800e-04;   -4444403
1.1883030640500e-04;   -4444403
1.1884863445700e-04;   -4444406
1.1886860381200e-04;   -4444406
1.1888693589200e-04;   -4444410
1.1890690922300e-04;   -4444410
1.1892523735500e-04;   -4444413
1.1894520673900e-04;   -4444413
1.1896520427100e-04;   -4444416
1.1898350830600e-04;   -4444416
1.1900350550100e-04;   -4444418
1.1902181355600e-04;   -4444418
1.1904180703500e-04;   -4444418
1.1906011101400e-04;   -4444418
1.1908010838800e-04;   -4444417
1.1909841638400e-04;   -4444417
1.1911840960700e-04;   -4444416
1.1913837897000e-04;   -4444416
1.1915671117100e-04;   -4444415
1.1917668037900e-04;   -4444415
1.1919501244000e-04;   -4444415
1.1921498580700e-04;   -4444415
1.1923331400800e-04;   -4444417
1.1925328328900e-04;   -4444417
1.1927161527400e-04;   -4444418
1.1929158853500e-04;   -4444418
1.1930991658600e-04;   -4444420
1.1932988991000e-04;   -4444420
1.1934821792600e-04;   -4444421
1.1936818715200e-04;   -4444421
1.1938818455900e-04;   -4444421
1.1940649262600e-04;   -4444421
1.1942648586200e-04;   -4444420
1.1944478981700e-04;   -4444420
1.1946478703300e-04;   -4444419
1.1948309116000e-04;   -4444419
1.1950308848100e-04;   -4444418
1.1952139630600e-04;   -4444418
1.1954138979600e-04;   -4444415
1.1956135926400e-04;   -4444415
1.1957969145000e-04;   -4444412
1.1959966481300e-04;   -4444412
1.1961799288800e-04;   -4444408
1.1963796227100e-04;   -4444408
1.1965629425400e-04;   -4444406
1.1967626337900e-04;   -4444406
1.1969459549100e-04;   -4444405
1.1971456871900e-04;   -4444405
1.1973289684300e-04;   -4444405
1.1975286614800e-04;   -4444405
1.1977286347000e-04;   -4444406
1.1979117131600e-04;   -4444406
1.1981116458600e-04;   -4444407
1.1982947267800e-04;   -4444407
1.1984946582700e-04;   -4444407
1.1986776989100e-04;   -4444407
1.1988776717600e-04;   -4444407
1.1990607535100e-04;   -4444407
1.1992606870200e-04;   -4444407
1.1994603804200e-04;   -4444407
1.1996437008200e-04;   -4444406
1.1998433924500e-04;   -4444406
1.2000267142700e-04;   -4444404
1.2002264476000e-04;   -4444404
1.2004097267400e-04;   -4444402
1.2006094200500e-04;   -4444402
1.2007927402300e-04;   -4444398
1.2009924721400e-04;   -4444398
1.2011757540000e-04;   -4444395
1.2013754474600e-04;   -4444395
1.2015754222800e-04;   -4444392
1.2017584624400e-04;   -4444392
1.2019584342000e-04;   -4444391
1.2021415144300e-04;   -4444391
1.2023414481500e-04;   -4444392
1.2025244897300e-04;   -4444392
1.2027244629400e-04;   -4444393
1.2029075439700e-04;   -4444393
1.2031074777200e-04;   -4444396
1.2032905569200e-04;   -4444396
1.2034904913500e-04;   -4444399
1.2036901837500e-04;   -4444399
1.2038735049200e-04;   -4444402
1.2040732376500e-04;   -4444402
1.2042565173800e-04;   -4444404
1.2044562094100e-04;   -4444404
1.2046395313100e-04;   -4444405
1.2048392240500e-04;   -4444405
1.2050225440200e-04;   -4444405
1.2052222766600e-04;   -4444405
1.2054055582400e-04;   -4444403
1.2056052496200e-04;   -4444403
1.2058052229100e-04;   -4444401
1.2059883028700e-04;   -4444401
1.2061882359900e-04;   -4444397
1.2063712754100e-04;   -4444397
1.2065712477200e-04;   -4444394
1.2067542873400e-04;   -4444394
1.2069542622500e-04;   -4444392
1.2071373422000e-04;   -4444392
1.2073372758400e-04;   -4444392
1.2075369688500e-04;   -4444392
1.2077202895400e-04;   -4444393
1.2079200226900e-04;   -4444393
1.2081033019300e-04;   -4444395
1.2083030361200e-04;   -4444395
1.2084863157200e-04;   -4444397
1.2086860082500e-04;   -4444397
1.2088693296100e-04;   -4444398
1.2090690619100e-04;   -4444398
1.2092523445300e-04;   -4444400
1.2094520383000e-04;   -4444400
1.2096520118300e-04;   -4444402
1.2098350518700e-04;   -4444402
1.2100350234600e-04;   -4444403
1.2102181049500e-04;   -4444403
1.2104180377300e-04;   -4444405
1.2106010778800e-04;   -4444405
1.2108010499600e-04;   -4444405
1.2109841298500e-04;   -4444405
1.2111840644700e-04;   -4444405
1.2113837581200e-04;   -4444405
1.2115670777900e-04;   -4444406
1.2117667708400e-04;   -4444406
1.2119500915600e-04;   -4444408
1.2121498245400e-04;   -4444408
1.2123331055100e-04;   -4444411
1.2125327987600e-04;   -4444411
1.2127161192700e-04;   -4444414
1.2129158528400e-04;   -4444414
1.2130991322100e-04;   -4444417
1.2132988644300e-04;   -4444417
1.2134821454900e-04;   -4444419
1.2136818387200e-04;   -4444419
1.2138818127400e-04;   -4444421
1.2140648928400e-04;   -4444421
1.2142648258900e-04;   -4444422
1.2144478665500e-04;   -4444422
1.2146478397800e-04;   -4444423
1.2148308790800e-04;   -4444423
1.2150308534200e-04;   -4444423
1.2152139337700e-04;   -4444423
1.2154138669800e-04;   -4444424
1.2156135591900e-04;   -4444424
1.2157968788900e-04;   -4444423
1.2159966117000e-04;   -4444423
1.2161798952500e-04;   -4444422
1.2163795883900e-04;   -4444422
1.2165629098200e-04;   -4444422
1.2167626035400e-04;   -4444422
1.2169459233500e-04;   -4444422
1.2171456561700e-04;   -4444422
1.2173289363300e-04;   -4444423
1.2175286298700e-04;   -4444423
1.2177286026300e-04;   -4444424
1.2179116832800e-04;   -4444424
1.2181116159900e-04;   -4444426
1.2182946951000e-04;   -4444426
1.2184946280800e-04;   -4444427
1.2186776675800e-04;   -4444427
1.2188776415600e-04;   -4444427
1.2190607216000e-04;   -4444427
1.2192606562000e-04;   -4444428
1.2194603486800e-04;   -4444428
1.2196436690900e-04;   -4444428
1.2198434015100e-04;   -4444428
1.2200266825900e-04;   -4444427
1.2202264161700e-04;   -4444427
1.2204096973800e-04;   -4444426
1.2206093897800e-04;   -4444426
1.2207927113100e-04;   -4444424
1.2209924458800e-04;   -4444424
1.2211757262300e-04;   -4444422
1.2213754185100e-04;   -4444422
1.2215753909600e-04;   -4444421
1.2217584321200e-04;   -4444421
1.2219584076000e-04;   -4444421
1.2221414886400e-04;   -4444421
1.2223414205200e-04;   -4444422
1.2225244603200e-04;   -4444422
1.2227244324300e-04;   -4444424
1.2229075140500e-04;   -4444424
1.2231074474500e-04;   -4444426
1.2232905283200e-04;   -4444426
1.2234904618200e-04;   -4444427
1.2236901551900e-04;   -4444427
1.2238734766300e-04;   -4444428
1.2240732094900e-04;   -4444428
1.2242564882500e-04;   -4444429
1.2244561819000e-04;   -4444429
1.2246395025100e-04;   -4444429
1.2248392362300e-04;   -4444429
1.2250225173300e-04;   -4444429
1.2252222494800e-04;   -4444429
1.2254055294900e-04;   -4444428
1.2256052225300e-04;   -4444428
1.2258051967000e-04;   -4444428
1.2259882763300e-04;   -4444428
1.2261882101300e-04;   -4444429
1.2263712504800e-04;   -4444429
1.2265712235200e-04;   -4444430
1.2267542634900e-04;   -4444430
1.2269542367900e-04;   -4444433
1.2271373172500e-04;   -4444433
1.2273372479600e-04;   -4444436
1.2275369421100e-04;   -4444436
1.2277202625600e-04;   -4444439
1.2279199947800e-04;   -4444439
1.2281032754100e-04;   -4444442
1.2283030093700e-04;   -4444442
1.2284862885400e-04;   -4444444
1.2286859819300e-04;   -4444444
1.2288693005200e-04;   -4444444
1.2290690340800e-04;   -4444444
1.2292523137300e-04;   -4444444
1.2294520070300e-04;   -4444444
1.2296519818700e-04;   -4444444
1.2298350630800e-04;   -4444444
1.2300349957400e-04;   -4444443
1.2302180756600e-04;   -4444443
1.2304180106000e-04;   -4444441
1.2306010499000e-04;   -4444441
1.2308010250700e-04;   -4444440
1.2309841051700e-04;   -4444440
1.2311840396000e-04;   -4444439
1.2313837335200e-04;   -4444439
1.2315670533000e-04;   -4444440
1.2317667472100e-04;   -4444440
1.2319500685600e-04;   -4444441
1.2321498005100e-04;   -4444441
1.2323330793700e-04;   -4444443
1.2325327731000e-04;   -4444443
1.2327160943900e-04;   -4444445
1.2329158284400e-04;   -4444445
1.2330991097700e-04;   -4444447
1.2332988427100e-04;   -4444447
1.2334821242300e-04;   -4444448
1.2336818206700e-04;   -4444448
1.2338817940400e-04;   -4444448
1.2340648755700e-04;   -4444448
1.2342648095900e-04;   -4444448
1.2344478491800e-04;   -4444448
1.2346478232700e-04;   -4444447
1.2348309043400e-04;   -4444447
1.2350308383300e-04;   -4444446
1.2352139196000e-04;   -4444446
1.2354138526700e-04;   -4444446
1.2356135457300e-04;   -4444446
1.2357968658500e-04;   -4444447
1.2359965987700e-04;   -4444447
1.2361798799600e-04;   -4444449
1.2363795740100e-04;   -4444449
1.2365628957700e-04;   -4444451
1.2367625878500e-04;   -4444451
1.2369459096800e-04;   -4444455
1.2371456433200e-04;   -4444455
1.2373289234300e-04;   -4444458
1.2375286174100e-04;   -4444458
1.2377285924500e-04;   -4444461
1.2379116736800e-04;   -4444461
1.2381116072300e-04;   -4444463
1.2382946888900e-04;   -4444463
1.2384946226900e-04;   -4444464
1.2386776635000e-04;   -4444464
1.2388776357600e-04;   -4444464
1.2390607161000e-04;   -4444464
1.2392606497800e-04;   -4444463
1.2394603427600e-04;   -4444463
1.2396436644600e-04;   -4444461
1.2398433993000e-04;   -4444461
1.2400266793300e-04;   -4444458
1.2402264135200e-04;   -4444458
1.2404096939400e-04;   -4444455
1.2406093869900e-04;   -4444455
1.2407927080900e-04;   -4444452
1.2409924418800e-04;   -4444452
1.2411757231500e-04;   -4444450
1.2413754179000e-04;   -4444450
1.2415753914000e-04;   -4444449
1.2417584319800e-04;   -4444449
1.2419584038700e-04;   -4444449
1.2421414845600e-04;   -4444449
1.2423414186000e-04;   -4444450
1.2425244590100e-04;   -4444450
1.2427244308200e-04;   -4444452
1.2429075128200e-04;   -4444452
1.2431074481700e-04;   -4444453
1.2432905292000e-04;   -4444453
1.2434904637800e-04;   -4444453
1.2436901550800e-04;   -4444453
1.2438734772400e-04;   -4444452
1.2440732107600e-04;   -4444452
1.2442564916700e-04;   -4444450
1.2444561837400e-04;   -4444450
1.2446395047300e-04;   -4444447
1.2448391994600e-04;   -4444447
1.2450225210700e-04;   -4444443
1.2452222545200e-04;   -4444443
1.2454055350300e-04;   -4444438
1.2456052284200e-04;   -4444438
1.2458052028400e-04;   -4444433
1.2459882841200e-04;   -4444433
1.2461882166500e-04;   -4444427
1.2463712553100e-04;   -4444427
1.2465712309000e-04;   -4444423
1.2467542714200e-04;   -4444423
1.2469542436900e-04;   -4444421
1.2471373244600e-04;   -4444421
1.2473372583300e-04;   -4444420
1.2475369510700e-04;   -4444420
1.2477202728700e-04;   -4444420
1.2479200063100e-04;   -4444420
1.2481032875300e-04;   -4444420
1.2483030204500e-04;   -4444420
1.2484863025500e-04;   -4444421
1.2486859959000e-04;   -4444421
1.2488693162300e-04;   -4444421
1.2490690489900e-04;   -4444421
1.2492523285000e-04;   -4444422
1.2494520225000e-04;   -4444422
1.2496519957900e-04;   -4444422
1.2498350765600e-04;   -4444422
1.2500350094900e-04;   -4444422
1.2502180900000e-04;   -4444422
1.2504180254500e-04;   -4444422
1.2506010662100e-04;   -4444422
1.2508010388600e-04;   -4444423
1.2509841196100e-04;   -4444423
1.2511840532700e-04;   -4444424
1.2513837451800e-04;   -4444424
1.2515670669700e-04;   -4444426
1.2517667601400e-04;   -4444426
1.2519500814100e-04;   -4444429
1.2521498140700e-04;   -4444429
1.2523330949100e-04;   -4444433
1.2525327888200e-04;   -4444433
1.2527161081600e-04;   -4444436
1.2529158421500e-04;   -4444436
1.2530991226100e-04;   -4444440
1.2532988559500e-04;   -4444440
1.2534821357200e-04;   -4444442
1.2536818290100e-04;   -4444442
1.2538818010100e-04;   -4444443
1.2540648819100e-04;   -4444443
1.2542648171300e-04;   -4444442
1.2544478582600e-04;   -4444442
1.2546478318600e-04;   -4444441
1.2548309117500e-04;   -4444441
1.2550308441500e-04;   -4444437
1.2552139251300e-04;   -4444437
1.2554138588400e-04;   -4444433
1.2556135509800e-04;   -4444433
1.2557968709500e-04;   -4444430
1.2559966037900e-04;   -4444430
1.2561798844800e-04;   -4444427
1.2563795769700e-04;   -4444427
1.2565628976700e-04;   -4444426
1.2567625915300e-04;   -4444426
1.2569459112100e-04;   -4444427
1.2571456460100e-04;   -4444427
1.2573289268700e-04;   -4444429
1.2575286195000e-04;   -4444429
1.2577285914900e-04;   -4444431
1.2579116725700e-04;   -4444431
1.2581116071600e-04;   -4444433
1.2582946880400e-04;   -4444433
1.2584946217700e-04;   -4444435
1.2586776623600e-04;   -4444435
1.2588776346300e-04;   -4444436
1.2590607157500e-04;   -4444436
1.2592606481500e-04;   -4444436
1.2594603416000e-04;   -4444436
1.2596436625000e-04;   -4444434
1.2598433954000e-04;   -4444434
1.2600266765700e-04;   -4444431
1.2602264077800e-04;   -4444431
1.2604096877500e-04;   -4444428
1.2606093815000e-04;   -4444428
1.2607927010700e-04;   -4444425
1.2609924351600e-04;   -4444425
1.2611757150300e-04;   -4444423
1.2613754089500e-04;   -4444423
1.2615753833100e-04;   -4444422
1.2617584250000e-04;   -4444422
1.2619583979800e-04;   -4444424
1.2621414773100e-04;   -4444424
1.2623414125000e-04;   -4444426
1.2625244527300e-04;   -4444426
1.2627244262600e-04;   -4444428
1.2629075060100e-04;   -4444428
1.2631074406700e-04;   -4444431
1.2632905209200e-04;   -4444431
1.2634904550000e-04;   -4444433
1.2636901487000e-04;   -4444433
1.2638734688300e-04;   -4444436
1.2640732021000e-04;   -4444436
1.2642564823000e-04;   -4444438
1.2644561764600e-04;   -4444438
1.2646394962500e-04;   -4444441
1.2648392296600e-04;   -4444441
1.2650225101900e-04;   -4444443
1.2652222452400e-04;   -4444443
1.2654055242800e-04;   -4444445
1.2656052170800e-04;   -4444445
1.2658051904100e-04;   -4444447
1.2659882718400e-04;   -4444447
1.2661882055300e-04;   -4444449
1.2663712465700e-04;   -4444449
1.2665712198800e-04;   -4444451
1.2667542611500e-04;   -4444451
1.2669542339400e-04;   -4444453
1.2671373154700e-04;   -4444453
1.2673372472200e-04;   -4444456
1.2675369404500e-04;   -4444456
1.2677202613800e-04;   -4444458
1.2679199930300e-04;   -4444458
1.2681032740600e-04;   -4444460
1.2683030073700e-04;   -4444460
1.2684862881000e-04;   -4444461
1.2686859820200e-04;   -4444461
1.2688693021100e-04;   -4444460
1.2690690356400e-04;   -4444460
1.2692523165000e-04;   -4444459
1.2694520095100e-04;   -4444459
1.2696519816600e-04;   -4444457
1.2698350618000e-04;   -4444457
1.2700349958300e-04;   -4444456
1.2702180752300e-04;   -4444456
1.2704180103800e-04;   -4444455
1.2706010511300e-04;   -4444455
1.2708010239200e-04;   -4444455
1.2709841049600e-04;   -4444455
1.2711840376200e-04;   -4444456
1.2713837325500e-04;   -4444456
1.2715670533400e-04;   -4444458
1.2717667472400e-04;   -4444458
1.2719500683800e-04;   -4444460
1.2721498015200e-04;   -4444460
1.2723330819800e-04;   -4444463
1.2725327754500e-04;   -4444463
1.2727160961900e-04;   -4444466
1.2729158299900e-04;   -4444466
1.2730991099800e-04;   -4444468
1.2732988456000e-04;   -4444468
1.2734821272900e-04;   -4444468
1.2736818194100e-04;   -4444468
1.2738817919400e-04;   -4444467
1.2740648725900e-04;   -4444467
1.2742648055500e-04;   -4444466
1.2744478456900e-04;   -4444466
1.2746478193400e-04;   -4444464
1.2748308616600e-04;   -4444464
1.2750308351800e-04;   -4444461
1.2752139152400e-04;   -4444461
1.2754138501500e-04;   -4444458
1.2756135430000e-04;   -4444458
1.2757968619000e-04;   -4444454
1.2759965945800e-04;   -4444454
1.2761798765200e-04;   -4444450
1.2763795699700e-04;   -4444450
1.2765628917500e-04;   -4444446
1.2767625857700e-04;   -4444446
1.2769459055600e-04;   -4444444
1.2771456395300e-04;   -4444444
1.2773289181700e-04;   -4444442
1.2775286118200e-04;   -4444442
1.2777285857100e-04;   -4444441
1.2779116663300e-04;   -4444441
1.2781115990000e-04;   -4444441
1.2782946806300e-04;   -4444441
1.2784946131100e-04;   -4444440
1.2786776548200e-04;   -4444440
1.2788776272500e-04;   -4444439
1.2790607066200e-04;   -4444439
1.2792606399900e-04;   -4444438
1.2794603326300e-04;   -4444438
1.2796436539200e-04;   -4444437
1.2798433839500e-04;   -4444437
1.2800266643700e-04;   -4444436
1.2802263969500e-04;   -4444436
1.2804096760900e-04;   -4444434
1.2806093707700e-04;   -4444434
1.2807926911400e-04;   -4444433
1.2809924242700e-04;   -4444433
1.2811757048200e-04;   -4444433
1.2813753960700e-04;   -4444433
1.2815753701200e-04;   -4444434
1.2817584118300e-04;   -4444434
1.2819583846300e-04;   -4444436
1.2821414646100e-04;   -4444436
1.2823413982600e-04;   -4444439
1.2825244376000e-04;   -4444439
1.2827244098700e-04;   -4444442
1.2829074917400e-04;   -4444442
1.2831074239800e-04;   -4444445
1.2832905044800e-04;   -4444445
1.2834904383600e-04;   -4444447
1.2836901325900e-04;   -4444447
1.2838734525100e-04;   -4444448
1.2840731863300e-04;   -4444448
1.2842564666800e-04;   -4444450
1.2844561605200e-04;   -4444450
1.2846394809700e-04;   -4444452
1.2848392155700e-04;   -4444452
1.2850224955700e-04;   -4444454
1.2852222298500e-04;   -4444454
1.2854055103800e-04;   -4444457
1.2856052021200e-04;   -4444457
1.2858051736800e-04;   -4444460
1.2859882529400e-04;   -4444460
1.2861881877000e-04;   -4444463
1.2863712277700e-04;   -4444463
1.2865712001600e-04;   -4444467
1.2867542414000e-04;   -4444467
1.2869542138500e-04;   -4444471
1.2871372940500e-04;   -4444471
1.2873372269100e-04;   -4444475
1.2875369217500e-04;   -4444475
1.2877202423700e-04;   -4444478
1.2879199761500e-04;   -4444478
1.2881032563200e-04;   -4444479
1.2883029905400e-04;   -4444479
1.2884862713200e-04;   -4444480
1.2886859641100e-04;   -4444480
1.2888692850400e-04;   -4444479
1.2890690186500e-04;   -4444479
1.2892523000900e-04;   -4444479
1.2894519935600e-04;   -4444479
1.2896519667800e-04;   -4444478
1.2898350473700e-04;   -4444478
1.2900349808500e-04;   -4444478
1.2902180622800e-04;   -4444478
1.2904179959800e-04;   -4444478
1.2906010361900e-04;   -4444478
1.2908010099900e-04;   -4444479
1.2909840910500e-04;   -4444479
1.2911840249800e-04;   -4444480
1.2913837185700e-04;   -4444480
1.2915670390100e-04;   -4444482
1.2917667324600e-04;   -4444482
1.2919500529000e-04;   -4444484
1.2921497851700e-04;   -4444484
1.2923330659200e-04;   -4444486
1.2925327603000e-04;   -4444486
1.2927160804500e-04;   -4444487
1.2929158125300e-04;   -4444487
1.2930990939100e-04;   -4444487
1.2932988280600e-04;   -4444487
1.2934821079600e-04;   -4444486
1.2936818007000e-04;   -4444486
1.2938817748700e-04;   -4444485
1.2940648564600e-04;   -4444485
1.2942647884800e-04;   -4444483
1.2944478295400e-04;   -4444483
1.2946478025600e-04;   -4444482
1.2948308832500e-04;   -4444482
1.2950308170500e-04;   -4444481
1.2952138980700e-04;   -4444481
1.2954138312200e-04;   -4444481
1.2956135248500e-04;   -4444481
1.2957968454700e-04;   -4444481
1.2959965790200e-04;   -4444481
1.2961798594000e-04;   -4444482
1.2963795532300e-04;   -4444482
1.2965628748200e-04;   -4444484
1.2967625685900e-04;   -4444484
1.2969458873100e-04;   -4444485
1.2971456202100e-04;   -4444485
1.2973288991800e-04;   -4444487
1.2975285932200e-04;   -4444487
1.2977285653400e-04;   -4444488
1.2979116458800e-04;   -4444488
1.2981115799000e-04;   -4444488
1.2982946606100e-04;   -4444488
1.2984945943600e-04;   -4444488
1.2986776349300e-04;   -4444488
1.2988776090000e-04;   -4444488
1.2990606882800e-04;   -4444488
1.2992606205200e-04;   -4444489
1.2994603161500e-04;   -4444489
1.2996436374500e-04;   -4444491
1.2998433695800e-04;   -4444491
1.3000266501300e-04;   -4444492
1.3002263840200e-04;   -4444492
1.3004096639200e-04;   -4444494
1.3006093570600e-04;   -4444494
1.3007926797200e-04;   -4444496
1.3009924116200e-04;   -4444496
1.3011756920000e-04;   -4444497
1.3013753852800e-04;   -4444497
1.3015753600600e-04;   -4444499
1.3017583997400e-04;   -4444499
1.3019583741600e-04;   -4444501
1.3021414544100e-04;   -4444501
1.3023413872000e-04;   -4444502
1.3025244291500e-04;   -4444502
1.3027244045000e-04;   -4444503
1.3029074841400e-04;   -4444503
1.3031074164900e-04;   -4444502
1.3032904972400e-04;   -4444502
1.3034904305300e-04;   -4444501
1.3036901250900e-04;   -4444501
1.3038734458900e-04;   -4444500
1.3040731791500e-04;   -4444500
1.3042564600600e-04;   -4444500
1.3044561531500e-04;   -4444500
1.3046394755100e-04;   -4444500
1.3048392085900e-04;   -4444500
1.3050224887200e-04;   -4444500
1.3052222217400e-04;   -4444500
1.3054055029000e-04;   -4444501
1.3056051953800e-04;   -4444501
1.3058051687500e-04;   -4444502
1.3059882489700e-04;   -4444502
1.3061881832200e-04;   -4444503
1.3063712242900e-04;   -4444503
1.3065711978100e-04;   -4444504
1.3067542395200e-04;   -4444504
1.3069542124900e-04;   -4444505
1.3071372932300e-04;   -4444505
1.3073372258300e-04;   -4444506
1.3075369203400e-04;   -4444506
1.3077202416100e-04;   -4444505
1.3079199746200e-04;   -4444505
1.3081032552300e-04;   -4444504
1.3083029904800e-04;   -4444504
1.3084862710900e-04;   -4444503
1.3086859645000e-04;   -4444503
1.3088692856600e-04;   -4444502
1.3090690187800e-04;   -4444502
1.3092522976900e-04;   -4444501
1.3094519927000e-04;   -4444501
1.3096519667100e-04;   -4444501
1.3098350480400e-04;   -4444501
1.3100349791300e-04;   -4444501
1.3102180591800e-04;   -4444501
1.3104179912800e-04;   -4444502
1.3106010326100e-04;   -4444502
1.3108010057900e-04;   -4444503
1.3109840874900e-04;   -4444503
1.3111840191500e-04;   -4444503
1.3113837121400e-04;   -4444503
1.3115670323300e-04;   -4444504
1.3117667256500e-04;   -4444504
1.3119500460500e-04;   -4444506
1.3121497794800e-04;   -4444506
1.3123330605300e-04;   -4444506
1.3125327561900e-04;   -4444506
1.3127160760100e-04;   -4444506
1.3129158094100e-04;   -4444506
1.3130990905000e-04;   -4444505
1.3132988244700e-04;   -4444505
1.3134821074300e-04;   -4444502
1.3136818006900e-04;   -4444502
1.3138817740500e-04;   -4444499
1.3140648533600e-04;   -4444499
1.3142647864200e-04;   -4444496
1.3144478285400e-04;   -4444496
1.3146478018700e-04;   -4444495
1.3148308839000e-04;   -4444495
1.3150308160200e-04;   -4444494
1.3152138974600e-04;   -4444494
1.3154138317200e-04;   -4444495
1.3156135238400e-04;   -4444495
1.3157968445700e-04;   -4444497
1.3159965772000e-04;   -4444497
1.3161798577400e-04;   -4444499
1.3163795503900e-04;   -4444499
1.3165628710200e-04;   -4444502
1.3167625650300e-04;   -4444502
1.3169458861200e-04;   -4444504
1.3171456194300e-04;   -4444504
1.3173289009200e-04;   -4444506
1.3175285949700e-04;   -4444506
1.3177285674800e-04;   -4444507
1.3179116482400e-04;   -4444507
1.3181115822000e-04;   -4444507
1.3182946627100e-04;   -4444507
1.3184945955100e-04;   -4444506
1.3186776347900e-04;   -4444506
1.3188776072900e-04;   -4444505
1.3190606886200e-04;   -4444505
1.3192606244100e-04;   -4444505
1.3194603164800e-04;   -4444505
1.3196436368800e-04;   -4444505
1.3198433692100e-04;   -4444505
1.3200266504000e-04;   -4444505
1.3202263830400e-04;   -4444505
1.3204096650400e-04;   -4444506
1.3206093578500e-04;   -4444506
1.3207926767000e-04;   -4444506
1.3209924105700e-04;   -4444506
1.3211756913300e-04;   -4444507
1.3213753842200e-04;   -4444507
1.3215753571100e-04;   -4444507
1.3217583982100e-04;   -4444507
1.3219583707800e-04;   -4444508
1.3221414495500e-04;   -4444508
1.3223413832200e-04;   -4444509
1.3225244255600e-04;   -4444509
1.3227243984300e-04;   -4444508
1.3229074807000e-04;   -4444508
1.3231074142500e-04;   -4444507
1.3232904955500e-04;   -4444507
1.3234904293400e-04;   -4444505
1.3236901221100e-04;   -4444505
1.3238734426100e-04;   -4444504
1.3240731774400e-04;   -4444504
1.3242564577600e-04;   -4444503
1.3244561514300e-04;   -4444503
1.3246394714400e-04;   -4444503
1.3248392054600e-04;   -4444503
1.3250224857000e-04;   -4444503
1.3252222191900e-04;   -4444503
1.3254055002100e-04;   -4444503
1.3256051937300e-04;   -4444503
1.3258051670500e-04;   -4444504
1.3259882471600e-04;   -4444504
1.3261881810100e-04;   -4444505
1.3263712233800e-04;   -4444505
1.3265711969300e-04;   -4444506
1.3267542374200e-04;   -4444506
1.3269542104700e-04;   -4444507
1.3271372924900e-04;   -4444507
1.3273372257700e-04;   -4444507
1.3275369197400e-04;   -4444507
1.3277202399800e-04;   -4444507
1.3279199746500e-04;   -4444507
1.3281032540400e-04;   -4444506
1.3283029883300e-04;   -4444506
1.3284862685200e-04;   -4444503
1.3286859620300e-04;   -4444503
1.3288692828900e-04;   -4444499
1.3290690160200e-04;   -4444499
1.3292522980100e-04;   -4444494
1.3294519913500e-04;   -4444494
1.3296519639800e-04;   -4444489
1.3298350461800e-04;   -4444489
1.3300349794000e-04;   -4444484
1.3302180588600e-04;   -4444484
1.3304179910100e-04;   -4444478
1.3306010328700e-04;   -4444478
1.3308010056900e-04;   -4444472
1.3309840863100e-04;   -4444472
1.3311840198500e-04;   -4444468
1.3313837114300e-04;   -4444468
1.3315670330200e-04;   -4444465
1.3317667254600e-04;   -4444465
1.3319500449700e-04;   -4444464
1.3321497779100e-04;   -4444464
1.3323330579900e-04;   -4444463
1.3325327529000e-04;   -4444463
1.3327160725600e-04;   -4444463
1.3329158069600e-04;   -4444463
1.3330990862800e-04;   -4444463
1.3332988192200e-04;   -4444463
1.3334820991100e-04;   -4444463
1.3336817925900e-04;   -4444463
1.3338817661100e-04;   -4444462
1.3340648464500e-04;   -4444462
1.3342647815800e-04;   -4444462
1.3344478212300e-04;   -4444462
1.3346477963000e-04;   -4444462
1.3348308764300e-04;   -4444462
1.3350308117900e-04;   -4444463
1.3352138900600e-04;   -4444463
1.3354138231400e-04;   -4444465
1.3356135163300e-04;   -4444465
1.3357968362800e-04;   -4444467
1.3359965690900e-04;   -4444467
1.3361798498400e-04;   -4444470
1.3363795434100e-04;   -4444470
1.3365628631500e-04;   -4444473
1.3367625563000e-04;   -4444473
1.3369458767200e-04;   -4444476
1.3371456104900e-04;   -4444476
1.3373288913200e-04;   -4444479
1.3375285839700e-04;   -4444479
1.3377285568600e-04;   -4444482
1.3379116367600e-04;   -4444482
1.3381115686300e-04;   -4444484
1.3382946501000e-04;   -4444484
1.3384945834800e-04;   -4444487
1.3386776246700e-04;   -4444487
1.3388775974600e-04;   -4444491
1.3390606791200e-04;   -4444491
1.3392606118800e-04;   -4444495
1.3394603056900e-04;   -4444495
1.3396436261900e-04;   -4444499
1.3398433585200e-04;   -4444499
1.3400266404200e-04;   -4444503
1.3402263733400e-04;   -4444503
1.3404096542600e-04;   -4444507
1.3406093475600e-04;   -4444507
1.3407926686000e-04;   -4444510
1.3409924025100e-04;   -4444510
1.3411756843500e-04;   -4444513
1.3413753778500e-04;   -4444513
1.3415753512400e-04;   -4444515
1.3417583932900e-04;   -4444515
1.3419583663400e-04;   -4444517
1.3421414475700e-04;   -4444517
1.3423413824600e-04;   -4444517
1.3425244229700e-04;   -4444517
1.3427243970100e-04;   -4444517
1.3429074775400e-04;   -4444517
1.3431074132700e-04;   -4444516
1.3432904938000e-04;   -4444516
1.3434904265600e-04;   -4444513
1.3436901214000e-04;   -4444513
1.3438734400900e-04;   -4444511
1.3440731759600e-04;   -4444511
1.3442564561300e-04;   -4444510
1.3444561490000e-04;   -4444510
1.3446394693500e-04;   -4444509
1.3448392033600e-04;   -4444509
1.3450224833000e-04;   -4444509
1.3452222183300e-04;   -4444509
1.3454054973900e-04;   -4444509
1.3456051909400e-04;   -4444509
1.3458051623100e-04;   -4444509
1.3459882433800e-04;   -4444509
1.3461881773500e-04;   -4444509
1.3463712182200e-04;   -4444509
1.3465711917500e-04;   -4444510
1.3467542302800e-04;   -4444510
1.3469542044600e-04;   -4444510
1.3471372864900e-04;   -4444510
1.3473372202100e-04;   -4444510
1.3475369146200e-04;   -4444510
1.3477202351400e-04;   -4444510
1.3479199692400e-04;   -4444510
1.3481032498100e-04;   -4444508
1.3483029826500e-04;   -4444508
1.3484862637200e-04;   -4444506
1.3486859586500e-04;   -4444506
1.3488692780300e-04;   -4444505
1.3490690103300e-04;   -4444505
1.3492522900800e-04;   -4444504
1.3494519826400e-04;   -4444504
1.3496519579000e-04;   -4444504
1.3498350377700e-04;   -4444504
1.3500349731600e-04;   -4444504
1.3502180524500e-04;   -4444504
1.3504179880200e-04;   -4444504
1.3506010276200e-04;   -4444504
1.3508010009800e-04;   -4444505
1.3509840819800e-04;   -4444505
1.3511840151000e-04;   -4444506
1.3513837073900e-04;   -4444506
1.3515670301900e-04;   -4444507
1.3517667242600e-04;   -4444507
1.3519500449500e-04;   -4444508
1.3521497789300e-04;   -4444508
1.3523330593800e-04;   -4444508
1.3525327519000e-04;   -4444508
1.3527160716000e-04;   -4444508
1.3529158052600e-04;   -4444508
1.3530990873600e-04;   -4444507
1.3532988215900e-04;   -4444507
1.3534821005600e-04;   -4444505
1.3536817949400e-04;   -4444505
1.3538817675100e-04;   -4444504
1.3540648490100e-04;   -4444504
1.3542647814600e-04;   -4444504
1.3544478220800e-04;   -4444504
1.3546477959500e-04;   -4444504
1.3548308764500e-04;   -4444504
1.3550308104400e-04;   -4444504
1.3552138909100e-04;   -4444504
1.3554138254100e-04;   -4444504
1.3556135166200e-04;   -4444504
1.3557968389000e-04;   -4444505
1.3559965714900e-04;   -4444505
1.3561798513200e-04;   -4444506
1.3563795421600e-04;   -4444506
1.3565628640800e-04;   -4444507
1.3567625584500e-04;   -4444507
1.3569458775400e-04;   -4444508
1.3571456109600e-04;   -4444508
1.3573288909500e-04;   -4444508
1.3575285853700e-04;   -4444508
1.3577285599900e-04;   -4444508
1.3579116399200e-04;   -4444508
1.3581115714500e-04;   -4444507
1.3582946506200e-04;   -4444507
1.3584945859100e-04;   -4444506
1.3586776263500e-04;   -4444506
1.3588775987200e-04;   -4444504
1.3590606793000e-04;   -4444504
1.3592606132600e-04;   -4444504
1.3594603062100e-04;   -4444504
1.3596436270200e-04;   -4444505
1.3598433599900e-04;   -4444505
1.3600266402800e-04;   -4444507
1.3602263733700e-04;   -4444507
1.3604096529100e-04;   -4444510
1.3606093476300e-04;   -4444510
1.3607926683500e-04;   -4444513
1.3609924029800e-04;   -4444513
1.3611756834200e-04;   -4444516
1.3613753767600e-04;   -4444516
1.3615753486000e-04;   -4444519
1.3617583884700e-04;   -4444519
1.3619583612000e-04;   -4444522
1.3621414434600e-04;   -4444522
1.3623413755300e-04;   -4444523
1.3625244161300e-04;   -4444523
1.3627243906800e-04;   -4444524
1.3629074719300e-04;   -4444524
1.3631074058800e-04;   -4444524
1.3632904880600e-04;   -4444524
1.3634904224600e-04;   -4444523
1.3636901162200e-04;   -4444523
1.3638734371200e-04;   -4444524
1.3640731708200e-04;   -4444524
1.3642564521600e-04;   -4444525
1.3644561466600e-04;   -4444525
1.3646394675200e-04;   -4444526
1.3648392004400e-04;   -4444526
1.3650224791400e-04;   -4444528
1.3652222126100e-04;   -4444528
1.3654054931700e-04;   -4444529
1.3656051866800e-04;   -4444529
1.3658051590400e-04;   -4444529
1.3659882395400e-04;   -4444529
1.3661881738000e-04;   -4444529
1.3663712125700e-04;   -4444529
1.3665711865300e-04;   -4444530
1.3667542242200e-04;   -4444530
1.3669541983900e-04;   -4444532
1.3671372794800e-04;   -4444532
1.3673372126200e-04;   -4444533
1.3675369077200e-04;   -4444533
1.3677202279700e-04;   -4444534
1.3679199622700e-04;   -4444534
1.3681032413600e-04;   -4444535
1.3683029747200e-04;   -4444535
1.3684862552700e-04;   -4444535
1.3686859490400e-04;   -4444535
1.3688692691200e-04;   -4444536
1.3690690030800e-04;   -4444536
1.3692522846200e-04;   -4444538
1.3694519787000e-04;   -4444538
1.3696519526600e-04;   -4444539
1.3698350330200e-04;   -4444539
1.3700349667500e-04;   -4444541
1.3702180474900e-04;   -4444541
1.3704179801800e-04;   -4444541
1.3706010210200e-04;   -4444541
1.3708009942700e-04;   -4444541
1.3709840746300e-04;   -4444541
1.3711840085600e-04;   -4444540
1.3713837016100e-04;   -4444540
1.3715670215200e-04;   -4444540
1.3717667139700e-04;   -4444540
1.3719500372600e-04;   -4444538
1.3721497712400e-04;   -4444538
1.3723330524300e-04;   -4444537
1.3725327463500e-04;   -4444537
1.3727160667000e-04;   -4444534
1.3729157994400e-04;   -4444534
1.3730990798800e-04;   -4444531
1.3732988135800e-04;   -4444531
1.3734820938500e-04;   -4444529
1.3736817870700e-04;   -4444529
1.3738817607300e-04;   -4444528
1.3740648409000e-04;   -4444528
1.3742647743000e-04;   -4444528
1.3744478152000e-04;   -4444528
1.3746477894100e-04;   -4444529
1.3748308700800e-04;   -4444529
1.3750308039500e-04;   -4444531
1.3752138836300e-04;   -4444531
1.3754138166600e-04;   -4444534
1.3756135090400e-04;   -4444534
1.3757968312300e-04;   -4444537
1.3759965656000e-04;   -4444537
1.3761798447000e-04;   -4444539
1.3763795395400e-04;   -4444539
1.3765628595900e-04;   -4444541
1.3767625521500e-04;   -4444541
1.3769458715400e-04;   -4444543
1.3771456051200e-04;   -4444543
1.3773288842400e-04;   -4444543
1.3775285787600e-04;   -4444543
1.3777285522900e-04;   -4444541
1.3779116328700e-04;   -4444541
1.3781115649400e-04;   -4444539
1.3782946469800e-04;   -4444539
1.3784945805000e-04;   -4444538
1.3786776221700e-04;   -4444538
1.3788775938600e-04;   -4444537
1.3790606752000e-04;   -4444537
1.3792606092200e-04;   -4444536
1.3794603033500e-04;   -4444536
1.3796436240200e-04;   -4444537
1.3798433594200e-04;   -4444537
1.3800266394800e-04;   -4444539
1.3802263733400e-04;   -4444539
1.3804096537400e-04;   -4444541
1.3806093472500e-04;   -4444541
1.3807926680200e-04;   -4444544
1.3809924019600e-04;   -4444544
1.3811756820900e-04;   -4444545
1.3813753752500e-04;   -4444545
1.3815753471200e-04;   -4444547
1.3817583878900e-04;   -4444547
1.3819583596400e-04;   -4444547
1.3821414392000e-04;   -4444547
1.3823413735500e-04;   -4444547
1.3825244122400e-04;   -4444547
1.3827243855500e-04;   -4444545
1.3829074667300e-04;   -4444545
1.3831073988400e-04;   -4444542
1.3832904805200e-04;   -4444542
1.3834904146000e-04;   -4444538
1.3836901087400e-04;   -4444538
1.3838734280300e-04;   -4444534
1.3840731625900e-04;   -4444534
1.3842564423800e-04;   -4444531
1.3844561362600e-04;   -4444531
1.3846394573500e-04;   -4444528
1.3848391904500e-04;   -4444528
1.3850224732100e-04;   -4444526
1.3852222076500e-04;   -4444526
1.3854054884200e-04;   -4444524
1.3856051820400e-04;   -4444524
1.3858051555400e-04;   -4444522
1.3859882380700e-04;   -4444522
1.3861881724700e-04;   -4444521
1.3863712124000e-04;   -4444521
1.3865711866700e-04;   -4444520
1.3867542267500e-04;   -4444520
1.3869541998800e-04;   -4444519
1.3871372819800e-04;   -4444519
1.3873372156100e-04;   -4444518
1.3875369079700e-04;   -4444518
1.3877202305100e-04;   -4444517
1.3879199624200e-04;   -4444517
1.3881032437600e-04;   -4444515
1.3883029762300e-04;   -4444515
1.3884862572100e-04;   -4444512
1.3886859517700e-04;   -4444512
1.3888692729800e-04;   -4444510
1.3890690066900e-04;   -4444510
1.3892522868200e-04;   -4444509
1.3894519795000e-04;   -4444509
1.3896519532200e-04;   -4444509
1.3898350334500e-04;   -4444509
1.3900349676200e-04;   -4444511
1.3902180465400e-04;   -4444511
1.3904179802500e-04;   -4444513
1.3906010218000e-04;   -4444513
1.3908009960100e-04;   -4444516
1.3909840778400e-04;   -4444516
1.3911840115300e-04;   -4444519
1.3913837059500e-04;   -4444519
1.3915670272300e-04;   -4444522
1.3917667206700e-04;   -4444522
1.3919500412100e-04;   -4444524
1.3921497768800e-04;   -4444524
1.3923330566600e-04;   -4444526
1.3925327499400e-04;   -4444526
1.3927160704700e-04;   -4444526
1.3929158046200e-04;   -4444526
1.3930990843400e-04;   -4444525
1.3932988170400e-04;   -4444525
1.3934820988100e-04;   -4444522
1.3936817928200e-04;   -4444522
1.3938817657000e-04;   -4444518
1.3940648449800e-04;   -4444518
1.3942647794700e-04;   -4444514
1.3944478189100e-04;   -4444514
1.3946477928100e-04;   -4444510
1.3948308736300e-04;   -4444510
1.3950308071500e-04;   -4444507
1.3952138885600e-04;   -4444507
1.3954138243100e-04;   -4444504
1.3956135165900e-04;   -4444504
1.3957968394700e-04;   -4444502
1.3959965718400e-04;   -4444502
1.3961798530200e-04;   -4444501
1.3963795470900e-04;   -4444501
1.3965628680500e-04;   -4444501
1.3967625614600e-04;   -4444501
1.3969458818700e-04;   -4444501
1.3971456167700e-04;   -4444501
1.3973288972100e-04;   -4444501
1.3975285897200e-04;   -4444501
1.3977285637100e-04;   -4444500
1.3979116436400e-04;   -4444500
1.3981115778100e-04;   -4444501
1.3982946598800e-04;   -4444501
1.3984945939200e-04;   -4444501
1.3986776346900e-04;   -4444501
1.3988776065300e-04;   -4444503
1.3990606888100e-04;   -4444503
1.3992606230000e-04;   -4444506
1.3994603179900e-04;   -4444506
1.3996436369400e-04;   -4444509
1.3998433693600e-04;   -4444509
1.4000266503800e-04;   -4444512
1.4002263820400e-04;   -4444512
1.4004096632600e-04;   -4444515
1.4006093582400e-04;   -4444515
1.4007926785000e-04;   -4444517
1.4009924104500e-04;   -4444517
1.4011756901300e-04;   -4444519
1.4013753853300e-04;   -4444519
1.4015753590100e-04;   -4444521
1.4017583987700e-04;   -4444521
1.4019583722300e-04;   -4444522
1.4021414523000e-04;   -4444522
1.4023413848900e-04;   -4444522
1.4025244258600e-04;   -4444522
1.4027244005000e-04;   -4444521
1.4029074809900e-04;   -4444521
1.4031074142500e-04;   -4444521
1.4032904943800e-04;   -4444521
1.4034904261700e-04;   -4444520
1.4036901215000e-04;   -4444520
1.4038734416100e-04;   -4444520
1.4040731759700e-04;   -4444520
1.4042564567000e-04;   -4444522
1.4044561490400e-04;   -4444522
1.4046394693200e-04;   -4444523
1.4048392029800e-04;   -4444523
1.4050224841000e-04;   -4444525
1.4052222191400e-04;   -4444525
1.4054054989700e-04;   -4444526
1.4056051923200e-04;   -4444526
1.4058051653200e-04;   -4444527
1.4059882455500e-04;   -4444527
1.4061881800100e-04;   -4444528
1.4063712213600e-04;   -4444528
1.4065711949500e-04;   -4444528
1.4067542362800e-04;   -4444528
1.4069542102900e-04;   -4444528
1.4071372902600e-04;   -4444528
1.4073372251200e-04;   -4444527
1.4075369176600e-04;   -4444527
1.4077202393500e-04;   -4444526
1.4079199727700e-04;   -4444526
1.4081032531000e-04;   -4444524
1.4083029870600e-04;   -4444524
1.4084862688900e-04;   -4444521
1.4086859631800e-04;   -4444521
1.4088692838600e-04;   -4444518
1.4090690166300e-04;   -4444518
1.4092522966000e-04;   -4444516
1.4094519881900e-04;   -4444516
1.4096519606600e-04;   -4444515
1.4098350431000e-04;   -4444515
1.4100349763800e-04;   -4444514
1.4102180563600e-04;   -4444514
1.4104179895800e-04;   -4444514
1.4106010304100e-04;   -4444514
1.4108010027700e-04;   -4444513
1.4109840821300e-04;   -4444513
1.4111840166200e-04;   -4444513
1.4113837110500e-04;   -4444513
1.4115670314700e-04;   -4444514
1.4117667269900e-04;   -4444514
1.4119500463000e-04;   -4444514
1.4121497807100e-04;   -4444514
1.4123330601400e-04;   -4444514
1.4125327538200e-04;   -4444514
1.4127160747300e-04;   -4444513
1.4129158070500e-04;   -4444513
1.4130990879900e-04;   -4444512
1.4132988215500e-04;   -4444512
1.4134821032400e-04;   -4444510
1.4136817968100e-04;   -4444510
1.4138817700800e-04;   -4444508
1.4140648526300e-04;   -4444508
1.4142647857800e-04;   -4444508
1.4144478270800e-04;   -4444508
1.4146477970500e-04;   -4444508
1.4148308765800e-04;   -4444508
1.4150308102800e-04;   -4444510
1.4152138904000e-04;   -4444510
1.4154138225200e-04;   -4444513
1.4156135161600e-04;   -4444513
1.4157968391300e-04;   -4444516
1.4159965728200e-04;   -4444516
1.4161798538700e-04;   -4444519
1.4163795468000e-04;   -4444519
1.4165628699700e-04;   -4444522
1.4167625628900e-04;   -4444522
1.4169458840300e-04;   -4444525
1.4171456171800e-04;   -4444525
1.4173288984600e-04;   -4444526
1.4175285913400e-04;   -4444526
1.4177285657200e-04;   -4444527
1.4179116457400e-04;   -4444527
1.4181115791900e-04;   -4444526
1.4182946594700e-04;   -4444526
1.4184945929900e-04;   -4444523
1.4186776357300e-04;   -4444523
1.4188776076300e-04;   -4444519
1.4190606887300e-04;   -4444519
1.4192606219200e-04;   -4444515
1.4194603136600e-04;   -4444515
1.4196436336000e-04;   -4444512
1.4198433660700e-04;   -4444512
1.4200266474300e-04;   -4444511
1.4202263808800e-04;   -4444511
1.4204096622800e-04;   -4444511
1.4206093572400e-04;   -4444511
1.4207926772700e-04;   -4444511
1.4209924112200e-04;   -4444511
1.4211756908000e-04;   -4444512
1.4213753838700e-04;   -4444512
1.4215753567100e-04;   -4444514
1.4217583972000e-04;   -4444514
1.4219583724000e-04;   -4444516
1.4221414526600e-04;   -4444516
1.4223413859700e-04;   -4444517
1.4225244271500e-04;   -4444517
1.4227244013900e-04;   -4444517
1.4229074819700e-04;   -4444517
1.4231074162900e-04;   -4444516
1.4232904977900e-04;   -4444516
1.4234904309000e-04;   -4444515
1.4236901245200e-04;   -4444515
1.4238734451800e-04;   -4444513
1.4240731787100e-04;   -4444513
1.4242564606500e-04;   -4444513
1.4244561531300e-04;   -4444513
1.4246394737600e-04;   -4444512
1.4248392066900e-04;   -4444512
1.4250224889500e-04;   -4444512
1.4252222212000e-04;   -4444512
1.4254055035800e-04;   -4444512
1.4256051971300e-04;   -4444512
1.4258051710400e-04;   -4444513
1.4259882523900e-04;   -4444513
1.4261881870500e-04;   -4444513
1.4263712293200e-04;   -4444513
1.4265712041400e-04;   -4444513
1.4267542446400e-04;   -4444513
1.4269542178300e-04;   -4444514
1.4271373001400e-04;   -4444514
1.4273372333300e-04;   -4444514
1.4275369266600e-04;   -4444514
1.4277202477300e-04;   -4444514
1.4279199806100e-04;   -4444514
1.4281032619100e-04;   -4444512
1.4283029948100e-04;   -4444512
1.4284862768700e-04;   -4444510
1.4286859679600e-04;   -4444510
1.4288692907300e-04;   -4444506
1.4290690232900e-04;   -4444506
1.4292523055400e-04;   -4444503
1.4294519979400e-04;   -4444503
1.4296519712800e-04;   -4444501
1.4298350515800e-04;   -4444501
1.4300349848000e-04;   -4444501
1.4302180646000e-04;   -4444501
1.4304179981700e-04;   -4444502
1.4306010393300e-04;   -4444502
1.4308010127200e-04;   -4444503
1.4309840920600e-04;   -4444503
1.4311840259700e-04;   -4444505
1.4313837193900e-04;   -4444505
1.4315670400300e-04;   -4444508
1.4317667336800e-04;   -4444508
1.4319500542700e-04;   -4444510
1.4321497880100e-04;   -4444510
1.4323330695000e-04;   -4444512
1.4325327634600e-04;   -4444512
1.4327160838700e-04;   -4444513
1.4329158181500e-04;   -4444513
1.4330990980000e-04;   -4444513
1.4332988346100e-04;   -4444513
1.4334821144700e-04;   -4444511
1.4336818085500e-04;   -4444511
1.4338817817100e-04;   -4444507
1.4340648622900e-04;   -4444507
1.4342647950700e-04;   -4444503
1.4344478352300e-04;   -4444503
1.4346478088600e-04;   -4444498
1.4348308904200e-04;   -4444498
1.4350308241200e-04;   -4444493
1.4352139052600e-04;   -4444493
1.4354138374500e-04;   -4444489
1.4356135306600e-04;   -4444489
1.4357968512000e-04;   -4444486
1.4359965844200e-04;   -4444486
1.4361798657400e-04;   -4444484
1.4363795585600e-04;   -4444484
1.4365628790400e-04;   -4444483
1.4367625731600e-04;   -4444483
1.4369458931100e-04;   -4444484
1.4371456265300e-04;   -4444484
1.4373289083900e-04;   -4444484
1.4375286016600e-04;   -4444484
1.4377285745400e-04;   -4444485
1.4379116564700e-04;   -4444485
1.4381115888100e-04;   -4444486
1.4382946701100e-04;   -4444486
1.4384946038600e-04;   -4444487
1.4386776433600e-04;   -4444487
1.4388776162100e-04;   -4444488
1.4390606972000e-04;   -4444488
1.4392606317400e-04;   -4444490
1.4394603258300e-04;   -4444490
1.4396436451200e-04;   -4444492
1.4398433803200e-04;   -4444492
1.4400266580300e-04;   -4444494
1.4402263907300e-04;   -4444494
1.4404096731000e-04;   -4444496
1.4406093644600e-04;   -4444496
1.4407926839000e-04;   -4444498
1.4409924184800e-04;   -4444498
1.4411756994600e-04;   -4444500
1.4413753932700e-04;   -4444500
1.4415753665900e-04;   -4444502
1.4417584073500e-04;   -4444502
1.4419583821400e-04;   -4444504
1.4421414620500e-04;   -4444504
1.4423413962400e-04;   -4444505
1.4425244372100e-04;   -4444505
1.4427244110900e-04;   -4444506
1.4429074901200e-04;   -4444506
1.4431074237200e-04;   -4444505
1.4432905045600e-04;   -4444505
1.4434904371900e-04;   -4444505
1.4436901317100e-04;   -4444505
1.4438734519600e-04;   -4444504
1.4440731849100e-04;   -4444504
1.4442564659300e-04;   -4444504
1.4444561607900e-04;   -4444504
1.4446394811800e-04;   -4444505
1.4448392163300e-04;   -4444505
1.4450224957900e-04;   -4444504
1.4452222293100e-04;   -4444504
1.4454055106600e-04;   -4444503
1.4456052076100e-04;   -4444503
1.4458051810800e-04;   -4444502
1.4459882639200e-04;   -4444502
1.4461881982900e-04;   -4444501
1.4463712392100e-04;   -4444501
1.4465712139500e-04;   -4444499
1.4467542510900e-04;   -4444499
1.4469542229600e-04;   -4444499
1.4471373043800e-04;   -4444499
1.4473372385200e-04;   -4444498
1.4475369320000e-04;   -4444498
1.4477202532000e-04;   -4444497
1.4479199867000e-04;   -4444497
1.4481032665000e-04;   -4444496
1.4483029996000e-04;   -4444496
1.4484862804600e-04;   -4444493
1.4486859723600e-04;   -4444493
1.4488692928200e-04;   -4444491
1.4490690286600e-04;   -4444491
1.4492523089400e-04;   -4444488
1.4494520020300e-04;   -4444488
1.4496519754000e-04;   -4444487
1.4498350557600e-04;   -4444487
1.4500349896000e-04;   -4444485
1.4502180676500e-04;   -4444485
1.4504180014000e-04;   -4444483
1.4506010417000e-04;   -4444483
1.4508010170000e-04;   -4444480
1.4509840981500e-04;   -4444480
1.4511840332400e-04;   -4444479
1.4513837263500e-04;   -4444479
1.4515670455600e-04;   -4444478
1.4517667408800e-04;   -4444478
1.4519500634900e-04;   -4444478
1.4521497961400e-04;   -4444478
1.4523330756800e-04;   -4444478
1.4525327691700e-04;   -4444478
1.4527160890500e-04;   -4444479
1.4529158233700e-04;   -4444479
1.4530991030000e-04;   -4444479
1.4532988357400e-04;   -4444479
1.4534821156800e-04;   -4444478
1.4536818106100e-04;   -4444478
1.4538817839700e-04;   -4444476
1.4540648636400e-04;   -4444476
1.4542647967400e-04;   -4444474
1.4544478355100e-04;   -4444474
1.4546478093500e-04;   -4444471
1.4548308910500e-04;   -4444471
1.4550308242100e-04;   -4444469
1.4552139057000e-04;   -4444469
1.4554138384900e-04;   -4444467
1.4556135337200e-04;   -4444467
1.4557968536700e-04;   -4444466
1.4559965884800e-04;   -4444466
1.4561798680100e-04;   -4444467
1.4563795617700e-04;   -4444467
1.4565628815900e-04;   -4444468
1.4567625747600e-04;   -4444468
1.4569458950900e-04;   -4444471
1.4571456288400e-04;   -4444471
1.4573289092600e-04;   -4444473
1.4575286037700e-04;   -4444473
1.4577285766600e-04;   -4444476
1.4579116566500e-04;   -4444476
1.4581115900500e-04;   -4444477
1.4582946708000e-04;   -4444477
1.4584946047400e-04;   -4444479
1.4586776446300e-04;   -4444479
1.4588776196200e-04;   -4444481
1.4590607006500e-04;   -4444481
1.4592606339200e-04;   -4444483
1.4594603272800e-04;   -4444483
1.4596436477100e-04;   -4444486
1.4598433820200e-04;   -4444486
1.4600266634800e-04;   -4444489
1.4602263966900e-04;   -4444489
1.4604096759100e-04;   -4444492
1.4606093696200e-04;   -4444492
1.4607926900400e-04;   -4444495
1.4609924244500e-04;   -4444495
1.4611757051700e-04;   -4444498
1.4613754001500e-04;   -4444498
1.4615753734500e-04;   -4444501
1.4617584147200e-04;   -4444501
1.4619583882100e-04;   -4444504
1.4621414693600e-04;   -4444504
1.4623414026700e-04;   -4444506
1.4625244422400e-04;   -4444506
1.4627244148500e-04;   -4444507
1.4629074970000e-04;   -4444507
1.4631074304800e-04;   -4444507
1.4632905127500e-04;   -4444507
1.4634904448800e-04;   -4444505
1.4636901389200e-04;   -4444505
1.4638734612200e-04;   -4444502
1.4640731943800e-04;   -4444502
1.4642564767500e-04;   -4444498
1.4644561696900e-04;   -4444498
1.4646394903100e-04;   -4444493
1.4648392227400e-04;   -4444493
1.4650225036200e-04;   -4444489
1.4652222388900e-04;   -4444489
1.4654055188900e-04;   -4444485
1.4656052118500e-04;   -4444485
1.4658051859900e-04;   -4444483
1.4659882668000e-04;   -4444483
1.4661882014100e-04;   -4444481
1.4663712399100e-04;   -4444481
1.4665712147200e-04;   -4444481
1.4667542546700e-04;   -4444481
1.4669542280800e-04;   -4444482
1.4671373095900e-04;   -4444482
1.4673372425400e-04;   -4444483
1.4675369364900e-04;   -4444483
1.4677202572200e-04;   -4444484
1.4679199898600e-04;   -4444484
1.4681032706100e-04;   -4444485
1.4683030048900e-04;   -4444485
1.4684862851800e-04;   -4444484
1.4686859794300e-04;   -4444484
1.4688693001800e-04;   -4444482
1.4690690334400e-04;   -4444482
1.4692523132300e-04;   -4444480
1.4694520070500e-04;   -4444480
1.4696519796400e-04;   -4444477
1.4698350600200e-04;   -4444477
1.4700349946200e-04;   -4444475
1.4702180756300e-04;   -4444475
1.4704180095900e-04;   -4444473
1.4706010509700e-04;   -4444473
1.4708010229200e-04;   -4444472
1.4709841044400e-04;   -4444472
1.4711840368700e-04;   -4444472
1.4713837311000e-04;   -4444472
1.4715670522000e-04;   -4444473
1.4717667449800e-04;   -4444473
1.4719500674500e-04;   -4444475
1.4721497994100e-04;   -4444475
1.4723330803800e-04;   -4444477
1.4725327733600e-04;   -4444477
1.4727160925400e-04;   -4444479
1.4729158261200e-04;   -4444479
1.4730991075800e-04;   -4444480
1.4732988397000e-04;   -4444480
1.4734821193400e-04;   -4444481
1.4736818119200e-04;   -4444481
1.4738817849600e-04;   -4444479
1.4740648667900e-04;   -4444479
1.4742647999100e-04;   -4444477
1.4744478408700e-04;   -4444477
1.4746478143300e-04;   -4444475
1.4748308563600e-04;   -4444475
1.4750308302800e-04;   -4444473
1.4752139104300e-04;   -4444473
1.4754138439100e-04;   -4444471
1.4756135371200e-04;   -4444471
1.4757968592700e-04;   -4444470
1.4759965914300e-04;   -4444470
1.4761798744900e-04;   -4444468
1.4763795665600e-04;   -4444468
1.4765628878000e-04;   -4444467
1.4767625831700e-04;   -4444467
1.4769459027700e-04;   -4444467
1.4771456360000e-04;   -4444467
1.4773289166800e-04;   -4444466
1.4775286098700e-04;   -4444466
1.4777285842800e-04;   -4444466
1.4779116637200e-04;   -4444466
1.4781115966800e-04;   -4444466
1.4782946765700e-04;   -4444466
1.4784946114000e-04;   -4444466
1.4786776515300e-04;   -4444466
1.4788776248100e-04;   -4444464
1.4790607060500e-04;   -4444464
1.4792606396200e-04;   -4444462
1.4794603320300e-04;   -4444462
1.4796436514100e-04;   -4444460
1.4798433845000e-04;   -4444460
1.4800266661900e-04;   -4444459
1.4802263982500e-04;   -4444459
1.4804096796000e-04;   -4444458
1.4806093747300e-04;   -4444458
1.4807926936600e-04;   -4444459
1.4809924264400e-04;   -4444459
1.4811757072600e-04;   -4444460
1.4813754008300e-04;   -4444460
1.4815753741800e-04;   -4444462
1.4817584140400e-04;   -4444462
1.4819583878400e-04;   -4444466
1.4821414676800e-04;   -4444466
1.4823413997800e-04;   -4444469
1.4825244403800e-04;   -4444469
1.4827244142900e-04;   -4444472
1.4829074966400e-04;   -4444472
1.4831074289100e-04;   -4444474
1.4832905107400e-04;   -4444474
1.4834904441800e-04;   -4444476
1.4836901378900e-04;   -4444476
1.4838734571700e-04;   -4444476
1.4840731907500e-04;   -4444476
1.4842564709900e-04;   -4444477
1.4844561649800e-04;   -4444477
1.4846394861700e-04;   -4444477
1.4848392198100e-04;   -4444477
1.4850225004200e-04;   -4444478
1.4852222337900e-04;   -4444478
1.4854055145300e-04;   -4444480
1.4856052061200e-04;   -4444480
1.4858051812100e-04;   -4444481
1.4859882626600e-04;   -4444481
1.4861881951600e-04;   -4444484
1.4863712354100e-04;   -4444484
1.4865712093900e-04;   -4444486
1.4867542494400e-04;   -4444486
1.4869542232100e-04;   -4444489
1.4871373043300e-04;   -4444489
1.4873372379700e-04;   -4444491
1.4875369305800e-04;   -4444491
1.4877202505900e-04;   -4444493
1.4879199849800e-04;   -4444493
1.4881032668500e-04;   -4444494
1.4883029982900e-04;   -4444494
1.4884862791700e-04;   -4444494
1.4886859744900e-04;   -4444494
1.4888692943700e-04;   -4444492
1.4890690268000e-04;   -4444492
1.4892523068600e-04;   -4444489
1.4894520004900e-04;   -4444489
1.4896519732300e-04;   -4444485
1.4898350537500e-04;   -4444485
1.4900349860700e-04;   -4444482
1.4902180678600e-04;   -4444482
1.4904180001500e-04;   -4444480
1.4906010393800e-04;   -4444480
1.4908010136500e-04;   -4444478
1.4909840934800e-04;   -4444478
1.4911840275000e-04;   -4444477
1.4913837218800e-04;   -4444477
1.4915670418600e-04;   -4444478
1.4917667360200e-04;   -4444478
1.4919500569700e-04;   -4444479
1.4921497903200e-04;   -4444479
1.4923330701800e-04;   -4444481
1.4925327644100e-04;   -4444481
1.4927160847300e-04;   -4444483
1.4929158184000e-04;   -4444483
1.4930990997900e-04;   -4444484
1.4932988325400e-04;   -4444484
1.4934821140900e-04;   -4444484
1.4936818065700e-04;   -4444484
1.4938817803200e-04;   -4444483
1.4940648619400e-04;   -4444483
1.4942647949700e-04;   -4444483
1.4944478354600e-04;   -4444483
1.4946478088400e-04;   -4444482
1.4948308865800e-04;   -4444482
1.4950308207800e-04;   -4444483
1.4952139030900e-04;   -4444483
1.4954138360700e-04;   -4444483
1.4956135293000e-04;   -4444483
1.4957968506600e-04;   -4444485
1.4959965846600e-04;   -4444485
1.4961798649900e-04;   -4444486
1.4963795576700e-04;   -4444486
1.4965628784700e-04;   -4444488
1.4967625726700e-04;   -4444488
1.4969458939400e-04;   -4444491
1.4971456279600e-04;   -4444491
1.4973289094500e-04;   -4444493
1.4975286030000e-04;   -4444493
1.4977285765000e-04;   -4444495
1.4979116565800e-04;   -4444495
1.4981115904300e-04;   -4444496
1.4982946714300e-04;   -4444496
1.4984946054300e-04;   -4444495
1.4986776458000e-04;   -4444495
1.4988776207400e-04;   -4444494
1.4990607023000e-04;   -4444494
1.4992606359900e-04;   -4444493
1.4994603290300e-04;   -4444493
1.4996436507300e-04;   -4444491
1.4998433850000e-04;   -4444491
1.5000266644300e-04;   -4444491
1.5002263979800e-04;   -4444491
1.5004096766700e-04;   -4444491
1.5006093715300e-04;   -4444491
1.5007926909300e-04;   -4444491
1.5009924242800e-04;   -4444491
1.5011757060800e-04;   -4444492
1.5013753981900e-04;   -4444492
1.5015753702200e-04;   -4444493
1.5017584126400e-04;   -4444493
1.5019583872500e-04;   -4444495
1.5021414665300e-04;   -4444495
1.5023414004700e-04;   -4444497
1.5025244412600e-04;   -4444497
1.5027244138900e-04;   -4444498
1.5029074953400e-04;   -4444498
1.5031074295500e-04;   -4444498
1.5032905092800e-04;   -4444498
1.5034904425600e-04;   -4444497
1.5036901368900e-04;   -4444497
1.5038734571000e-04;   -4444496
1.5040731909400e-04;   -4444496
1.5042564728500e-04;   -4444494
1.5044561670900e-04;   -4444494
1.5046394863600e-04;   -4444493
1.5048392182900e-04;   -4444493
1.5050224978500e-04;   -4444492
1.5052222311200e-04;   -4444492
1.5054055110700e-04;   -4444492
1.5056052060600e-04;   -4444492
1.5058051791300e-04;   -4444492
1.5059882592000e-04;   -4444492
1.5061881924800e-04;   -4444493
1.5063712332100e-04;   -4444493
1.5065712057800e-04;   -4444494
1.5067542460000e-04;   -4444494
1.5069542200300e-04;   -4444496
1.5071373003000e-04;   -4444496
1.5073372340300e-04;   -4444497
1.5075369275700e-04;   -4444497
1.5077202486600e-04;   -4444499
1.5079199812100e-04;   -4444499
1.5081032614200e-04;   -4444499
1.5083029960900e-04;   -4444499
1.5084862757000e-04;   -4444498
1.5086859698500e-04;   -4444498
1.5088692908500e-04;   -4444495
1.5090690250600e-04;   -4444495
1.5092523060500e-04;   -4444492
1.5094519998400e-04;   -4444492
1.5096519743500e-04;   -4444488
1.5098350526400e-04;   -4444488
1.5100349866800e-04;   -4444485
1.5102180679300e-04;   -4444485
1.5104180029200e-04;   -4444482
1.5106010427000e-04;   -4444482
1.5108010167800e-04;   -4444480
1.5109840975400e-04;   -4444480
1.5111840292900e-04;   -4444479
1.5113837220800e-04;   -4444479
1.5115670429200e-04;   -4444480
1.5117667358700e-04;   -4444480
1.5119500568600e-04;   -4444481
1.5121497915800e-04;   -4444481
1.5123330738400e-04;   -4444482
1.5125327663100e-04;   -4444482
1.5127160871900e-04;   -4444484
1.5129158193700e-04;   -4444484
1.5130990990000e-04;   -4444485
1.5132988314400e-04;   -4444485
1.5134821115100e-04;   -4444485
1.5136818058600e-04;   -4444485
1.5138817798600e-04;   -4444484
1.5140648613300e-04;   -4444484
1.5142647940700e-04;   -4444484
1.5144478337500e-04;   -4444484
1.5146478081400e-04;   -4444483
1.5148308888300e-04;   -4444483
1.5150308232900e-04;   -4444484
1.5152139038400e-04;   -4444484
1.5154138364100e-04;   -4444484
1.5156135301500e-04;   -4444484
1.5157968523500e-04;   -4444486
1.5159965862300e-04;   -4444486
1.5161798669800e-04;   -4444487
1.5163795609700e-04;   -4444487
1.5165628826800e-04;   -4444489
1.5167625759600e-04;   -4444489
1.5169458957400e-04;   -4444492
1.5171456307800e-04;   -4444492
1.5173289133900e-04;   -4444494
1.5175286047800e-04;   -4444494
1.5177285776600e-04;   -4444496
1.5179116589000e-04;   -4444496
1.5181115924000e-04;   -4444497
1.5182946732900e-04;   -4444497
1.5184946084700e-04;   -4444496
1.5186776482900e-04;   -4444496
1.5188776229200e-04;   -4444494
1.5190607030900e-04;   -4444494
1.5192606382200e-04;   -4444491
1.5194603321200e-04;   -4444491
1.5196436528500e-04;   -4444487
1.5198433858000e-04;   -4444487
1.5200266681500e-04;   -4444484
1.5202264014600e-04;   -4444484
1.5204096821400e-04;   -4444481
1.5206093746000e-04;   -4444481
1.5207926935600e-04;   -4444480
1.5209924268000e-04;   -4444480
1.5211757080200e-04;   -4444479
1.5213754014000e-04;   -4444479
1.5215753732000e-04;   -4444480
1.5217584151100e-04;   -4444480
1.5219583881600e-04;   -4444481
1.5221414671500e-04;   -4444481
1.5223414010500e-04;   -4444483
1.5225244419200e-04;   -4444483
1.5227244149100e-04;   -4444484
1.5229074963100e-04;   -4444484
1.5231074300000e-04;   -4444485
1.5232905095600e-04;   -4444485
1.5234904437400e-04;   -4444485
1.5236901372700e-04;   -4444485
1.5238734585500e-04;   -4444484
1.5240731925500e-04;   -4444484
1.5242564726000e-04;   -4444484
1.5244561659300e-04;   -4444484
1.5246394872000e-04;   -4444484
1.5248392210300e-04;   -4444484
1.5250225032800e-04;   -4444483
1.5252222356600e-04;   -4444483
1.5254055165100e-04;   -4444482
1.5256052101700e-04;   -4444482
1.5258051827000e-04;   -4444481
1.5259882637000e-04;   -4444481
1.5261881967000e-04;   -4444480
1.5263712382100e-04;   -4444480
1.5265712111800e-04;   -4444480
1.5267542521300e-04;   -4444480
1.5269542278100e-04;   -4444480
1.5271373071700e-04;   -4444480
1.5273372400200e-04;   -4444481
1.5275369341700e-04;   -4444481
1.5277202563500e-04;   -4444482
1.5279199904900e-04;   -4444482
1.5281032720400e-04;   -4444482
1.5283030046600e-04;   -4444482
1.5284862857200e-04;   -4444481
1.5286859802300e-04;   -4444481
1.5288692990700e-04;   -4444480
1.5290690320700e-04;   -4444480
1.5292523113200e-04;   -4444480
1.5294520057600e-04;   -4444480
1.5296519804200e-04;   -4444480
1.5298350605400e-04;   -4444480
1.5300349930800e-04;   -4444480
1.5302180734800e-04;   -4444480
1.5304180070500e-04;   -4444481
1.5306010476800e-04;   -4444481
1.5308010194800e-04;   -4444482
1.5309841025100e-04;   -4444482
1.5311840359200e-04;   -4444484
1.5313837290300e-04;   -4444484
1.5315670509700e-04;   -4444487
1.5317667446600e-04;   -4444487
1.5319500649500e-04;   -4444490
1.5321497984900e-04;   -4444490
1.5323330795100e-04;   -4444492
1.5325327723600e-04;   -4444492
1.5327160931400e-04;   -4444494
1.5329158272400e-04;   -4444494
1.5330991069400e-04;   -4444495
1.5332988402200e-04;   -4444495
1.5334821197500e-04;   -4444495
1.5336818146600e-04;   -4444495
1.5338817879400e-04;   -4444494
1.5340648685600e-04;   -4444494
1.5342648022500e-04;   -4444493
1.5344478426300e-04;   -4444493
1.5346478161300e-04;   -4444492
1.5348308965000e-04;   -4444492
1.5350308306300e-04;   -4444492
1.5352139114400e-04;   -4444492
1.5354138441000e-04;   -4444492
1.5356135378300e-04;   -4444492
1.5357968581600e-04;   -4444492
1.5359965917200e-04;   -4444492
1.5361798714800e-04;   -4444493
1.5363795643000e-04;   -4444493
1.5365628842500e-04;   -4444495
1.5367625767800e-04;   -4444495
1.5369458979600e-04;   -4444497
1.5371456302700e-04;   -4444497
1.5373289112300e-04;   -4444498
1.5375286043200e-04;   -4444498
1.5377285792400e-04;   -4444500
1.5379116593900e-04;   -4444500
1.5381115931800e-04;   -4444500
1.5382946734700e-04;   -4444500
1.5384946058200e-04;   -4444499
1.5386776477500e-04;   -4444499
1.5388776212900e-04;   -4444496
1.5390607035600e-04;   -4444496
1.5392606388500e-04;   -4444493
1.5394603331100e-04;   -4444493
1.5396436540400e-04;   -4444489
1.5398433488400e-04;   -4444489
1.5400266692700e-04;   -4444485
1.5402264045800e-04;   -4444485
1.5404096854200e-04;   -4444480
1.5406093802900e-04;   -4444480
1.5407927004100e-04;   -4444475
1.5409924328500e-04;   -4444475
1.5411757145100e-04;   -4444470
1.5413754069800e-04;   -4444470
1.5415753820600e-04;   -4444466
1.5417584222000e-04;   -4444466
1.5419583959400e-04;   -4444462
1.5421414758900e-04;   -4444462
1.5423414094900e-04;   -4444460
1.5425244510000e-04;   -4444460
1.5427244236500e-04;   -4444458
1.5429075050900e-04;   -4444458
1.5431074372000e-04;   -4444457
1.5432905164900e-04;   -4444457
1.5434904496500e-04;   -4444456
1.5436901435700e-04;   -4444456
1.5438734638500e-04;   -4444455
1.5440731982300e-04;   -4444455
1.5442564790600e-04;   -4444453
1.5444561733300e-04;   -4444453
1.5446394941900e-04;   -4444452
1.5448391875500e-04;   -4444452
1.5450225076400e-04;   -4444450
1.5452222414100e-04;   -4444450
1.5454055227900e-04;   -4444448
1.5456052152600e-04;   -4444448
1.5458051899500e-04;   -4444446
1.5459882691100e-04;   -4444446
1.5461882038200e-04;   -4444444
1.5463712433900e-04;   -4444444
1.5465712154500e-04;   -4444443
1.5467542569500e-04;   -4444443
1.5469542298800e-04;   -4444442
1.5471373112900e-04;   -4444442
1.5473372452100e-04;   -4444443
1.5475369393400e-04;   -4444443
1.5477202591600e-04;   -4444443
1.5479199917800e-04;   -4444443
1.5481032738400e-04;   -4444444
1.5483030078300e-04;   -4444444
1.5484862867000e-04;   -4444446
1.5486859800800e-04;   -4444446
1.5488693013800e-04;   -4444448
1.5490690350000e-04;   -4444448
1.5492523143800e-04;   -4444450
1.5494520089500e-04;   -4444450
1.5496519824000e-04;   -4444453
1.5498350638100e-04;   -4444453
1.5500349965200e-04;   -4444455
1.5502180785400e-04;   -4444455
1.5504180109100e-04;   -4444456
1.5506010528100e-04;   -4444456
1.5508010244200e-04;   -4444457
1.5509841053300e-04;   -4444457
1.5511840390300e-04;   -4444459
1.5513837319200e-04;   -4444459
1.5515670528700e-04;   -4444461
1.5517667462500e-04;   -4444461
1.5519500659700e-04;   -4444463
1.5521497998000e-04;   -4444463
1.5523330806200e-04;   -4444466
1.5525327737500e-04;   -4444466
1.5527160959600e-04;   -4444469
1.5529158299500e-04;   -4444469
1.5530991117000e-04;   -4444471
1.5532988458300e-04;   -4444471
1.5534821261500e-04;   -4444472
1.5536818209700e-04;   -4444472
1.5538817949200e-04;   -4444471
1.5540648757900e-04;   -4444471
1.5542648088200e-04;   -4444470
1.5544478506400e-04;   -4444470
1.5546478236300e-04;   -4444469
1.5548308645000e-04;   -4444469
1.5550308386400e-04;   -4444467
1.5552139190700e-04;   -4444467
1.5554138503500e-04;   -4444464
1.5556135438500e-04;   -4444464
1.5557968647100e-04;   -4444461
1.5559965990600e-04;   -4444461
1.5561798793300e-04;   -4444458
1.5563795733100e-04;   -4444458
1.5565628926500e-04;   -4444455
1.5567625869500e-04;   -4444455
1.5569459072700e-04;   -4444453
1.5571456416900e-04;   -4444453
1.5573289217900e-04;   -4444452
1.5575286154000e-04;   -4444452
1.5577285899600e-04;   -4444452
1.5579116703600e-04;   -4444452
1.5581116030800e-04;   -4444452
1.5582946829300e-04;   -4444452
1.5584946168800e-04;   -4444452
1.5586776580900e-04;   -4444452
1.5588776302600e-04;   -4444451
1.5590607121900e-04;   -4444451
1.5592606476800e-04;   -4444450
1.5594603406700e-04;   -4444450
1.5596436609100e-04;   -4444449
1.5598433541100e-04;   -4444449
1.5600266734300e-04;   -4444448
1.5602264086600e-04;   -4444448
1.5604096890700e-04;   -4444447
1.5606093814100e-04;   -4444447
1.5607927033300e-04;   -4444445
1.5609924360500e-04;   -4444445
1.5611757169200e-04;   -4444444
1.5613754097800e-04;   -4444444
1.5615753834900e-04;   -4444442
1.5617584228700e-04;   -4444442
1.5619583969400e-04;   -4444442
1.5621414773000e-04;   -4444442
1.5623414118500e-04;   -4444442
1.5625244533300e-04;   -4444442
1.5627244272000e-04;   -4444443
1.5629075090200e-04;   -4444443
1.5631074416700e-04;   -4444445
1.5632905219600e-04;   -4444445
1.5634904545800e-04;   -4444446
1.5636901475100e-04;   -4444446
1.5638734690300e-04;   -4444446
1.5640732015800e-04;   -4444446
1.5642564812600e-04;   -4444446
1.5644561757700e-04;   -4444446
1.5646394958300e-04;   -4444446
1.5648391886800e-04;   -4444446
1.5650225094300e-04;   -4444445
1.5652222423600e-04;   -4444445
1.5654055222000e-04;   -4444444
1.5656052144100e-04;   -4444444
1.5658051890800e-04;   -4444443
1.5659882683600e-04;   -4444443
1.5661882018200e-04;   -4444442
1.5663712427100e-04;   -4444442
1.5665712155800e-04;   -4444441
1.5667542563800e-04;   -4444441
1.5669542282500e-04;   -4444441
1.5671373083900e-04;   -4444441
1.5673372423600e-04;   -4444442
1.5675369365700e-04;   -4444442
1.5677202568400e-04;   -4444443
1.5679199898000e-04;   -4444443
1.5681032695600e-04;   -4444444
1.5683030036700e-04;   -4444444
1.5684862839800e-04;   -4444445
1.5686859773200e-04;   -4444445
1.5688692978000e-04;   -4444445
1.5690690323000e-04;   -4444445
1.5692523134800e-04;   -4444445
1.5694520070200e-04;   -4444445
1.5696519790700e-04;   -4444446
1.5698350619200e-04;   -4444446
1.5700349944200e-04;   -4444445
1.5702180732400e-04;   -4444445
1.5704180058700e-04;   -4444445
1.5706010467500e-04;   -4444445
1.5708010194000e-04;   -4444444
1.5709841008500e-04;   -4444444
1.5711840338900e-04;   -4444445
1.5713837269100e-04;   -4444445
1.5715670471600e-04;   -4444446
1.5717667414300e-04;   -4444446
1.5719500609600e-04;   -4444449
1.5721497918800e-04;   -4444449
1.5723330739600e-04;   -4444452
1.5725327680800e-04;   -4444452
1.5727160882400e-04;   -4444455
1.5729158223000e-04;   -4444455
1.5730991037100e-04;   -4444458
1.5732988385600e-04;   -4444458
1.5734821192900e-04;   -4444460
1.5736818133500e-04;   -4444460
1.5738817878300e-04;   -4444462
1.5740648689600e-04;   -4444462
1.5742648039700e-04;   -4444464
1.5744478448900e-04;   -4444464
1.5746478168000e-04;   -4444466
1.5748308990800e-04;   -4444466
1.5750308290500e-04;   -4444468
1.5752139110400e-04;   -4444468
1.5754138441300e-04;   -4444471
1.5756135376800e-04;   -4444471
1.5757968595800e-04;   -4444474
1.5759965924900e-04;   -4444474
1.5761798724700e-04;   -4444478
1.5763795656200e-04;   -4444478
1.5765628849200e-04;   -4444482
1.5767625789800e-04;   -4444482
1.5769458990700e-04;   -4444486
1.5771456319200e-04;   -4444486
1.5773289122500e-04;   -4444489
1.5775286050700e-04;   -4444489
1.5777285779900e-04;   -4444492
1.5779116577400e-04;   -4444492
1.5781115913200e-04;   -4444494
1.5782946724500e-04;   -4444494
1.5784946071400e-04;   -4444494
1.5786776471900e-04;   -4444494
1.5788776207000e-04;   -4444493
1.5790607013300e-04;   -4444493
1.5792606343100e-04;   -4444490
1.5794603286700e-04;   -4444490
1.5796436486900e-04;   -4444487
1.5798433827000e-04;   -4444487
1.5800266634000e-04;   -4444484
1.5802263969900e-04;   -4444484
1.5804096777300e-04;   -4444480
1.5806093710100e-04;   -4444480
1.5807926921300e-04;   -4444476
1.5809924247000e-04;   -4444476
1.5811757060200e-04;   -4444473
1.5813753991400e-04;   -4444473
1.5815753725200e-04;   -4444471
1.5817584124300e-04;   -4444471
1.5819583860100e-04;   -4444471
1.5821414667500e-04;   -4444471
1.5823414007400e-04;   -4444471
1.5825244403400e-04;   -4444471
1.5827244142400e-04;   -4444472
1.5829074954800e-04;   -4444472
1.5831074295000e-04;   -4444472
1.5832905088600e-04;   -4444472
1.5834904415100e-04;   -4444472
1.5836901338800e-04;   -4444472
1.5838734556700e-04;   -4444471
1.5840731887000e-04;   -4444471
1.5842564701600e-04;   -4444470
1.5844561646200e-04;   -4444470
1.5846394848800e-04;   -4444468
1.5848392186500e-04;   -4444468
1.5850224983600e-04;   -4444467
1.5852222298700e-04;   -4444467
1.5854055109100e-04;   -4444466
1.5856052048300e-04;   -4444466
1.5858051774300e-04;   -4444467
1.5859882594200e-04;   -4444467
1.5861881938400e-04;   -4444468
1.5863712340000e-04;   -4444468
1.5865712068200e-04;   -4444470
1.5867542481700e-04;   -4444470
1.5869542229300e-04;   -4444473
1.5871373038300e-04;   -4444473
1.5873372387500e-04;   -4444476
1.5875369313700e-04;   -4444476
1.5877202536700e-04;   -4444479
1.5879199865400e-04;   -4444479
1.5881032670900e-04;   -4444481
1.5883030021200e-04;   -4444481
1.5884862834500e-04;   -4444483
1.5886859766100e-04;   -4444483
1.5888692988200e-04;   -4444485
1.5890690322600e-04;   -4444485
1.5892523121500e-04;   -4444488
1.5894520043900e-04;   -4444488
1.5896519763300e-04;   -4444491
1.5898350567500e-04;   -4444491
1.5900349912300e-04;   -4444495
1.5902180725100e-04;   -4444495
1.5904180060500e-04;   -4444498
1.5906010462000e-04;   -4444498
1.5908010191800e-04;   -4444501
1.5909840987500e-04;   -4444501
1.5911840326900e-04;   -4444504
1.5913837258500e-04;   -4444504
1.5915670468000e-04;   -4444507
1.5917667397800e-04;   -4444507
1.5919500610700e-04;   -4444510
1.5921497934500e-04;   -4444510
1.5923330758100e-04;   -4444512
1.5925327702300e-04;   -4444512
1.5927160889800e-04;   -4444513
1.5929158225100e-04;   -4444513
1.5930991036700e-04;   -4444513
1.5932988363600e-04;   -4444513
1.5934821172500e-04;   -4444512
1.5936818104000e-04;   -4444512
1.5938817847300e-04;   -4444512
1.5940648647000e-04;   -4444512
1.5942647989600e-04;   -4444512
1.5944478401700e-04;   -4444512
1.5946478131800e-04;   -4444513
1.5948308942900e-04;   -4444513
1.5950308278400e-04;   -4444513
1.5952139098800e-04;   -4444513
1.5954138431300e-04;   -4444514
1.5956135371200e-04;   -4444514
1.5957968574700e-04;   -4444515
1.5959965910600e-04;   -4444515
1.5961798713000e-04;   -4444516
1.5963795653500e-04;   -4444516
1.5965628862000e-04;   -4444518
1.5967625809300e-04;   -4444518
1.5969459016000e-04;   -4444519
1.5971456346500e-04;   -4444519
1.5973289137400e-04;   -4444520
1.5975286077000e-04;   -4444520
1.5977285799400e-04;   -4444520
1.5979116598700e-04;   -4444520
1.5981115928300e-04;   -4444519
1.5982946747900e-04;   -4444519
1.5984946070700e-04;   -4444516
1.5986776473400e-04;   -4444516
1.5988776199200e-04;   -4444512
1.5990607029200e-04;   -4444512
1.5992606353300e-04;   -4444508
1.5994603307300e-04;   -4444508
1.5996436509300e-04;   -4444503
1.5998433867900e-04;   -4444503
1.6000266677400e-04;   -4444497
1.6002264023300e-04;   -4444497
1.6004096800700e-04;   -4444491
1.6006093718900e-04;   -4444491
1.6007926915400e-04;   -4444486
1.6009924257100e-04;   -4444486
1.6011757079500e-04;   -4444482
1.6013754008300e-04;   -4444482
1.6015753754500e-04;   -4444479
1.6017584170100e-04;   -4444479
1.6019583898300e-04;   -4444477
1.6021414703800e-04;   -4444477
1.6023414039400e-04;   -4444477
1.6025244444100e-04;   -4444477
1.6027244182600e-04;   -4444477
1.6029074978500e-04;   -4444477
1.6031074339900e-04;   -4444477
1.6032905137300e-04;   -4444477
1.6034904487800e-04;   -4444476
1.6036901419000e-04;   -4444476
1.6038734625100e-04;   -4444474
1.6040731961800e-04;   -4444474
1.6042564789300e-04;   -4444473
1.6044561715300e-04;   -4444473
1.6046394917700e-04;   -4444471
1.6048392260000e-04;   -4444471
1.6050225045800e-04;   -4444469
1.6052222386100e-04;   -4444469
1.6054055206400e-04;   -4444468
1.6056052139000e-04;   -4444468
1.6058051869300e-04;   -4444468
1.6059882673200e-04;   -4444468
1.6061882013500e-04;   -4444470
1.6063712409400e-04;   -4444470
1.6065712153000e-04;   -4444472
1.6067542554400e-04;   -4444472
1.6069542284500e-04;   -4444475
1.6071373095500e-04;   -4444475
1.6073372417000e-04;   -4444478
1.6075369344500e-04;   -4444478
1.6077202557300e-04;   -4444481
1.6079199890200e-04;   -4444481
1.6081032708900e-04;   -4444483
1.6083030030900e-04;   -4444483
1.6084862835300e-04;   -4444484
1.6086859774600e-04;   -4444484
1.6088692983300e-04;   -4444483
1.6090690320800e-04;   -4444483
1.6092523104400e-04;   -4444481
1.6094520049900e-04;   -4444481
1.6096519770400e-04;   -4444480
1.6098350574900e-04;   -4444480
1.6100349908700e-04;   -4444478
1.6102180706200e-04;   -4444478
1.6104180053300e-04;   -4444476
1.6106010459200e-04;   -4444476
1.6108010176500e-04;   -4444476
1.6109840994300e-04;   -4444476
1.6111840317100e-04;   -4444477
1.6113837253700e-04;   -4444477
1.6115670462000e-04;   -4444478
1.6117667408200e-04;   -4444478
1.6119500618600e-04;   -4444480
1.6121497970100e-04;   -4444480
1.6123330774800e-04;   -4444483
1.6125327701800e-04;   -4444483
1.6127160916900e-04;   -4444485
1.6129158249000e-04;   -4444485
1.6130991054900e-04;   -4444487
1.6132988388400e-04;   -4444487
1.6134821187800e-04;   -4444487
1.6136818109500e-04;   -4444487
1.6138817849500e-04;   -4444487
1.6140648671100e-04;   -4444487
1.6142648003600e-04;   -4444487
1.6144478405100e-04;   -4444487
1.6146478140400e-04;   -4444487
1.6148308939700e-04;   -4444487
1.6150308286400e-04;   -4444486
1.6152139096200e-04;   -4444486
1.6154138448900e-04;   -4444486
1.6156135370000e-04;   -4444486
1.6157968592300e-04;   -4444485
1.6159965910600e-04;   -4444485
1.6161798719100e-04;   -4444484
1.6163795648500e-04;   -4444484
1.6165628852000e-04;   -4444484
1.6167625786100e-04;   -4444484
1.6169459003700e-04;   -4444484
1.6171456330100e-04;   -4444484
1.6173289148800e-04;   -4444485
1.6175286090100e-04;   -4444485
1.6177285823600e-04;   -4444486
1.6179116628600e-04;   -4444486
1.6181115958600e-04;   -4444486
1.6182946778300e-04;   -4444486
1.6184946105700e-04;   -4444486
1.6186776511500e-04;   -4444486
1.6188776249700e-04;   -4444484
1.6190607055000e-04;   -4444484
1.6192606374000e-04;   -4444481
1.6194603317000e-04;   -4444481
1.6196436530500e-04;   -4444479
1.6198433860400e-04;   -4444479
1.6200266678700e-04;   -4444477
1.6202264007900e-04;   -4444477
1.6204096826500e-04;   -4444475
1.6206093784600e-04;   -4444475
1.6207926985200e-04;   -4444475
1.6209924279100e-04;   -4444475
1.6211757094000e-04;   -4444475
1.6213754037700e-04;   -4444475
1.6215753762500e-04;   -4444477
1.6217584169600e-04;   -4444477
1.6219583894100e-04;   -4444479
1.6221414701200e-04;   -4444479
1.6223414025800e-04;   -4444482
1.6225244450700e-04;   -4444482
1.6227244187700e-04;   -4444484
1.6229074986100e-04;   -4444484
1.6231074320500e-04;   -4444486
1.6232905117000e-04;   -4444486
1.6234904451000e-04;   -4444486
1.6236901403500e-04;   -4444486
1.6238734610800e-04;   -4444485
1.6240731951400e-04;   -4444485
1.6242564766400e-04;   -4444484
1.6244561693700e-04;   -4444484
1.6246394918300e-04;   -4444481
1.6248392238800e-04;   -4444481
1.6250225045000e-04;   -4444479
1.6252222381700e-04;   -4444479
1.6254055171400e-04;   -4444478
1.6256052102500e-04;   -4444478
1.6258051844500e-04;   -4444477
1.6259882649900e-04;   -4444477
1.6261881988200e-04;   -4444478
1.6263712384900e-04;   -4444478
1.6265712120900e-04;   -4444479
1.6267542521500e-04;   -4444479
1.6269542263100e-04;   -4444481
1.6271373071100e-04;   -4444481
1.6273372418200e-04;   -4444484
1.6275369349600e-04;   -4444484
1.6277202557700e-04;   -4444486
1.6279199889700e-04;   -4444486
1.6281032691700e-04;   -4444488
1.6283030021500e-04;   -4444488
1.6284862825900e-04;   -4444488
1.6286859757600e-04;   -4444488
1.6288692953400e-04;   -4444487
1.6290690306000e-04;   -4444487
1.6292523107300e-04;   -4444485
1.6294520037200e-04;   -4444485
1.6296519764500e-04;   -4444483
1.6298350574100e-04;   -4444483
1.6300349887700e-04;   -4444480
1.6302180683500e-04;   -4444480
1.6304180012700e-04;   -4444476
1.6306010425900e-04;   -4444476
1.6308010141700e-04;   -4444473
1.6309840942100e-04;   -4444473
1.6311840282500e-04;   -4444471
1.6313837225200e-04;   -4444471
1.6315670434200e-04;   -4444470
1.6317667359800e-04;   -4444470
1.6319500577000e-04;   -4444470
1.6321497899300e-04;   -4444470
1.6323330706600e-04;   -4444471
1.6325327650300e-04;   -4444471
1.6327160850000e-04;   -4444472
1.6329158172400e-04;   -4444472
1.6330990994200e-04;   -4444473
1.6332988340000e-04;   -4444473
1.6334821147100e-04;   -4444473
1.6336818079200e-04;   -4444473
1.6338817810300e-04;   -4444473
1.6340648634700e-04;   -4444473
1.6342647996100e-04;   -4444474
1.6344478392200e-04;   -4444474
1.6346478114900e-04;   -4444475
1.6348308936500e-04;   -4444475
1.6350308266800e-04;   -4444476
1.6352139078000e-04;   -4444476
1.6354138420800e-04;   -4444478
1.6356135356900e-04;   -4444478
1.6357968570800e-04;   -4444481
1.6359965900100e-04;   -4444481
1.6361798708600e-04;   -4444484
1.6363795638200e-04;   -4444484
1.6365628839600e-04;   -4444487
1.6367625772800e-04;   -4444487
1.6369458983000e-04;   -4444491
1.6371456313400e-04;   -4444491
1.6373289123200e-04;   -4444494
1.6375286057900e-04;   -4444494
1.6377285797500e-04;   -4444496
1.6379116606400e-04;   -4444496
1.6381115927200e-04;   -4444498
1.6382946748100e-04;   -4444498
1.6384946081800e-04;   -4444498
1.6386776494300e-04;   -4444498
1.6388776237000e-04;   -4444496
1.6390607051900e-04;   -4444496
1.6392606401900e-04;   -4444494
1.6394603326800e-04;   -4444494
1.6396436546200e-04;   -4444491
1.6398433869100e-04;   -4444491
1.6400266674800e-04;   -4444487
1.6402264020500e-04;   -4444487
1.6404096824700e-04;   -4444483
1.6406093755300e-04;   -4444483
1.6407926967600e-04;   -4444479
1.6409924293900e-04;   -4444479
1.6411757109000e-04;   -4444476
1.6413754043600e-04;   -4444476
1.6415753765900e-04;   -4444474
1.6417584187200e-04;   -4444474
1.6419583919200e-04;   -4444474
1.6421414732900e-04;   -4444474
1.6423414047100e-04;   -4444474
1.6425244453300e-04;   -4444474
1.6427244175400e-04;   -4444475
1.6429074980300e-04;   -4444475
1.6431074329200e-04;   -4444476
1.6432905123300e-04;   -4444476
1.6434904462300e-04;   -4444475
1.6436901382500e-04;   -4444475
1.6438734591400e-04;   -4444475
1.6440731903800e-04;   -4444475
1.6442564711900e-04;   -4444476
1.6444561653000e-04;   -4444476
1.6446394854300e-04;   -4444476
1.6448392183600e-04;   -4444476
1.6450224996100e-04;   -4444478
1.6452222322200e-04;   -4444478
1.6454055129500e-04;   -4444480
1.6456052072600e-04;   -4444480
1.6458051808800e-04;   -4444482
1.6459882614300e-04;   -4444482
1.6461881941500e-04;   -4444485
1.6463712374400e-04;   -4444485
1.6465712093200e-04;   -4444488
1.6467542502900e-04;   -4444488
1.6469542252300e-04;   -4444492
1.6471373049800e-04;   -4444492
1.6473372386800e-04;   -4444495
1.6475369321700e-04;   -4444495
1.6477202521000e-04;   -4444497
1.6479199838800e-04;   -4444497
1.6481032630300e-04;   -4444499
1.6483029978900e-04;   -4444499
1.6484862783300e-04;   -4444499
1.6486859733400e-04;   -4444499
1.6488692931000e-04;   -4444498
1.6490690258900e-04;   -4444498
1.6492523077300e-04;   -4444497
1.6494520012200e-04;   -4444497
1.6496519756400e-04;   -4444497
1.6498350563600e-04;   -4444497
1.6500349900700e-04;   -4444496
1.6502180712600e-04;   -4444496
1.6504180044600e-04;   -4444497
1.6506010447000e-04;   -4444497
1.6508010200000e-04;   -4444497
1.6509840997500e-04;   -4444497
1.6511840330000e-04;   -4444498
1.6513837279300e-04;   -4444498
1.6515670484900e-04;   -4444500
1.6517667402200e-04;   -4444500
1.6519500600900e-04;   -4444502
1.6521497940800e-04;   -4444502
1.6523330767900e-04;   -4444504
1.6525327687700e-04;   -4444504
1.6527160897100e-04;   -4444505
1.6529158221900e-04;   -4444505
1.6530991022800e-04;   -4444505
1.6532988346000e-04;   -4444505
1.6534821167200e-04;   -4444504
1.6536818087700e-04;   -4444504
1.6538817820700e-04;   -4444502
1.6540648642700e-04;   -4444502
1.6542647964100e-04;   -4444499
1.6544478367900e-04;   -4444499
1.6546478095400e-04;   -4444495
1.6548308897000e-04;   -4444495
1.6550308240600e-04;   -4444491
1.6552139048400e-04;   -4444491
1.6554138384400e-04;   -4444486
1.6556135315200e-04;   -4444486
1.6557968532900e-04;   -4444482
1.6559965880000e-04;   -4444482
1.6561798670400e-04;   -4444479
1.6563795622400e-04;   -4444479
1.6565628834700e-04;   -4444477
1.6567625773100e-04;   -4444477
1.6569458978200e-04;   -4444476
1.6571456327000e-04;   -4444476
1.6573289124500e-04;   -4444476
1.6575286060800e-04;   -4444476
1.6577285787000e-04;   -4444476
1.6579116614900e-04;   -4444476
1.6581115953400e-04;   -4444477
1.6582946764100e-04;   -4444477
1.6584946091700e-04;   -4444477
1.6586776507400e-04;   -4444477
1.6588776239400e-04;   -4444475
1.6590607030100e-04;   -4444475
1.6592606374300e-04;   -4444474
1.6594603309900e-04;   -4444474
1.6596436503900e-04;   -4444472
1.6598433833000e-04;   -4444472
1.6600266652400e-04;   -4444470
1.6602263966400e-04;   -4444470
1.6604096769300e-04;   -4444467
1.6606093710200e-04;   -4444467
1.6607926915100e-04;   -4444465
1.6609924234400e-04;   -4444465
1.6611757044300e-04;   -4444464
1.6613753979100e-04;   -4444464
1.6615753719300e-04;   -4444464
1.6617584127700e-04;   -4444464
1.6619583866900e-04;   -4444465
1.6621414673900e-04;   -4444465
1.6623414000900e-04;   -4444466
1.6625244408500e-04;   -4444466
1.6627244153600e-04;   -4444468
1.6629074972100e-04;   -4444468
1.6631074285400e-04;   -4444470
1.6632905101600e-04;   -4444470
1.6634904435000e-04;   -4444471
1.6636901365300e-04;   -4444471
1.6638734567900e-04;   -4444471
1.6640731916900e-04;   -4444471
1.6642564741300e-04;   -4444470
1.6644561666600e-04;   -4444470
1.6646394877900e-04;   -4444469
1.6648392214300e-04;   -4444469
1.6650225029900e-04;   -4444468
1.6652222381500e-04;   -4444468
1.6654055168200e-04;   -4444468
1.6656052114900e-04;   -4444468
1.6658051838800e-04;   -4444469
1.6659882627500e-04;   -4444469
1.6661881967700e-04;   -4444470
1.6663712379900e-04;   -4444470
1.6665712111500e-04;   -4444473
1.6667542508700e-04;   -4444473
1.6669542243200e-04;   -4444476
1.6671373039700e-04;   -4444476
1.6673372381200e-04;   -4444479
1.6675369324700e-04;   -4444479
1.6677202524300e-04;   -4444483
1.6679199858200e-04;   -4444483
1.6681032670000e-04;   -4444485
1.6683029994600e-04;   -4444485
1.6684862787300e-04;   -4444486
1.6686859729300e-04;   -4444486
1.6688692940900e-04;   -4444485
1.6690690270100e-04;   -4444485
1.6692523075600e-04;   -4444484
1.6694519994200e-04;   -4444484
1.6696519742700e-04;   -4444482
1.6698350553800e-04;   -4444482
1.6700349894300e-04;   -4444480
1.6702180695800e-04;   -4444480
1.6704180041100e-04;   -4444479
1.6706010457000e-04;   -4444479
1.6708010178500e-04;   -4444479
1.6709840976300e-04;   -4444479
1.6711840314900e-04;   -4444479
1.6713837257000e-04;   -4444479
1.6715670468700e-04;   -4444481
1.6717667401900e-04;   -4444481
1.6719500617900e-04;   -4444483
1.6721497934400e-04;   -4444483
1.6723330726000e-04;   -4444486
1.6725327669400e-04;   -4444486
1.6727160892200e-04;   -4444488
1.6729158227200e-04;   -4444488
1.6730991051000e-04;   -4444490
1.6732988395300e-04;   -4444490
1.6734821200100e-04;   -4444490
1.6736818128800e-04;   -4444490
1.6738817868200e-04;   -4444490
1.6740648682100e-04;   -4444490
1.6742648010600e-04;   -4444490
1.6744478421500e-04;   -4444490
1.6746478176100e-04;   -4444490
1.6748308982300e-04;   -4444490
1.6750308323200e-04;   -4444490
1.6752139127000e-04;   -4444490
1.6754138455000e-04;   -4444491
1.6756135386300e-04;   -4444491
1.6757968587700e-04;   -4444493
1.6759965908700e-04;   -4444493
1.6761798739900e-04;   -4444495
1.6763795672100e-04;   -4444495
1.6765628885200e-04;   -4444497
1.6767625819700e-04;   -4444497
1.6769459025900e-04;   -4444499
1.6771456357000e-04;   -4444499
1.6773289159600e-04;   -4444502
1.6775286103900e-04;   -4444502
1.6777285831700e-04;   -4444504
1.6779116630200e-04;   -4444504
1.6781115960800e-04;   -4444504
1.6782946767800e-04;   -4444504
1.6784946108400e-04;   -4444504
1.6786776526900e-04;   -4444504
1.6788776253300e-04;   -4444502
1.6790607066900e-04;   -4444502
1.6792606395800e-04;   -4444499
1.6794603328700e-04;   -4444499
1.6796436546700e-04;   -4444495
1.6798433471100e-04;   -4444495
1.6800266682400e-04;   -4444492
1.6802264001100e-04;   -4444492
1.6804096818900e-04;   -4444489
1.6806093751300e-04;   -4444489
1.6807926970100e-04;   -4444487
1.6809924310800e-04;   -4444487
1.6811757123300e-04;   -4444484
1.6813754063500e-04;   -4444484
1.6815753793700e-04;   -4444482
1.6817584206900e-04;   -4444482
1.6819583943100e-04;   -4444481
1.6821414752800e-04;   -4444481
1.6823414081600e-04;   -4444480
1.6825244490600e-04;   -4444480
1.6827244216200e-04;   -4444480
1.6829075022100e-04;   -4444480
1.6831074348300e-04;   -4444479
1.6832905151200e-04;   -4444479
1.6834904479500e-04;   -4444478
1.6836901396400e-04;   -4444478
1.6838734609400e-04;   -4444476
1.6840731933700e-04;   -4444476
1.6842564732900e-04;   -4444474
1.6844561675600e-04;   -4444474
1.6846394860500e-04;   -4444472
1.6848392182900e-04;   -4444472
1.6850224996600e-04;   -4444469
1.6852222331000e-04;   -4444469
1.6854055116700e-04;   -4444467
1.6856052075300e-04;   -4444467
1.6858051808000e-04;   -4444464
1.6859882606700e-04;   -4444464
1.6861881939600e-04;   -4444463
1.6863712355100e-04;   -4444463
1.6865712069100e-04;   -4444463
1.6867542463400e-04;   -4444463
1.6869542191400e-04;   -4444464
1.6871372993400e-04;   -4444464
1.6873372324100e-04;   -4444466
1.6875369267700e-04;   -4444466
1.6877202458200e-04;   -4444468
1.6879199787400e-04;   -4444468
1.6881032592900e-04;   -4444470
1.6883029909600e-04;   -4444470
1.6884862717500e-04;   -4444471
1.6886859658300e-04;   -4444471
1.6888692868100e-04;   -4444471
1.6890690192900e-04;   -4444471
1.6892523007800e-04;   -4444470
1.6894519953200e-04;   -4444470
1.6896519702700e-04;   -4444469
1.6898350499200e-04;   -4444469
1.6900349835500e-04;   -4444469
1.6902180617800e-04;   -4444469
1.6904179967800e-04;   -4444469
1.6906010367100e-04;   -4444469
1.6908010117600e-04;   -4444469
1.6909840933600e-04;   -4444469
1.6911840262500e-04;   -4444471
1.6913837194800e-04;   -4444471
1.6915670408600e-04;   -4444474
1.6917667337900e-04;   -4444474
1.6919500548900e-04;   -4444477
1.6921497858900e-04;   -4444477
1.6923330668800e-04;   -4444480
1.6925327608400e-04;   -4444480
1.6927160805300e-04;   -4444484
1.6929158135200e-04;   -4444484
1.6930990946500e-04;   -4444486
1.6932988281400e-04;   -4444486
1.6934821074300e-04;   -4444488
1.6936818033000e-04;   -4444488
1.6938817778000e-04;   -4444490
1.6940648592000e-04;   -4444490
1.6942647911900e-04;   -4444493
1.6944478322000e-04;   -4444493
1.6946478052500e-04;   -4444496
1.6948308861400e-04;   -4444496
1.6950308196200e-04;   -4444500
1.6952138989700e-04;   -4444500
1.6954138322300e-04;   -4444503
1.6956135256200e-04;   -4444503
1.6957968461400e-04;   -4444506
1.6959965799900e-04;   -4444506
1.6961798601700e-04;   -4444509
1.6963795552500e-04;   -4444509
1.6965628756200e-04;   -4444512
1.6967625672400e-04;   -4444512
1.6969458893500e-04;   -4444515
1.6971456223800e-04;   -4444515
1.6973289016000e-04;   -4444517
1.6975285960000e-04;   -4444517
1.6977285697400e-04;   -4444518
1.6979116515100e-04;   -4444518
1.6981115875400e-04;   -4444518
1.6982946685300e-04;   -4444518
1.6984946034400e-04;   -4444517
1.6986776443300e-04;   -4444517
1.6988776169800e-04;   -4444514
1.6990606977200e-04;   -4444514
1.6992606317700e-04;   -4444512
1.6994603257700e-04;   -4444512
1.6996436459600e-04;   -4444510
1.6998433787300e-04;   -4444510
1.7000266582600e-04;   -4444508
1.7002263919400e-04;   -4444508
1.7004096718300e-04;   -4444507
1.7006093648100e-04;   -4444507
1.7007926874900e-04;   -4444507
1.7009924205800e-04;   -4444507
1.7011757016000e-04;   -4444507
1.7013753947900e-04;   -4444507
1.7015753674800e-04;   -4444508
1.7017584084100e-04;   -4444508
1.7019583823400e-04;   -4444509
1.7021414636500e-04;   -4444509
1.7023413979700e-04;   -4444510
1.7025244383900e-04;   -4444510
1.7027244118500e-04;   -4444511
1.7029074923400e-04;   -4444511
1.7031074253500e-04;   -4444511
1.7032905065300e-04;   -4444511
1.7034904408200e-04;   -4444509
1.7036901344300e-04;   -4444509
1.7038734553700e-04;   -4444507
1.7040731894100e-04;   -4444507
1.7042564697100e-04;   -4444506
1.7044561624100e-04;   -4444506
1.7046394836200e-04;   -4444504
1.7048392160100e-04;   -4444504
1.7050224970800e-04;   -4444502
1.7052222293500e-04;   -4444502
1.7054055113700e-04;   -4444500
1.7056052056500e-04;   -4444500
1.7058051796600e-04;   -4444497
1.7059882614300e-04;   -4444497
1.7061881948000e-04;   -4444495
1.7063712347800e-04;   -4444495
1.7065712102900e-04;   -4444494
1.7067542498000e-04;   -4444494
1.7069542232900e-04;   -4444494
1.7071373031700e-04;   -4444494
1.7073372367800e-04;   -4444494
1.7075369290700e-04;   -4444494
1.7077202502500e-04;   -4444494
1.7079199828900e-04;   -4444494
1.7081032650700e-04;   -4444494
1.7083029979200e-04;   -4444494
1.7084862780600e-04;   -4444493
1.7086859720100e-04;   -4444493
1.7088692914400e-04;   -4444490
1.7090690248900e-04;   -4444490
1.7092523068000e-04;   -4444488
1.7094519991800e-04;   -4444488
1.7096519716700e-04;   -4444485
1.7098350511800e-04;   -4444485
1.7100349852200e-04;   -4444482
1.7102180659100e-04;   -4444482
1.7104179986100e-04;   -4444481
1.7106010387100e-04;   -4444481
1.7108010126500e-04;   -4444480
1.7109840930400e-04;   -4444480
1.7111840258500e-04;   -4444480
1.7113837179500e-04;   -4444480
1.7115670390900e-04;   -4444482
1.7117667329300e-04;   -4444482
1.7119500523200e-04;   -4444484
1.7121497862200e-04;   -4444484
1.7123330670800e-04;   -4444486
1.7125327602600e-04;   -4444486
1.7127160806100e-04;   -4444489
1.7129158162500e-04;   -4444489
1.7130990961200e-04;   -4444490
1.7132988285400e-04;   -4444490
1.7134821097700e-04;   -4444491
1.7136818025700e-04;   -4444491
1.7138817751500e-04;   -4444490
1.7140648576400e-04;   -4444490
1.7142647915400e-04;   -4444488
1.7144478325700e-04;   -4444488
1.7146478055000e-04;   -4444486
1.7148308869400e-04;   -4444486
1.7150308196900e-04;   -4444484
1.7152139003700e-04;   -4444484
1.7154138346500e-04;   -4444483
1.7156135287400e-04;   -4444483
1.7157968496400e-04;   -4444482
1.7159965848300e-04;   -4444482
1.7161798659300e-04;   -4444482
1.7163795572900e-04;   -4444482
1.7165628777100e-04;   -4444484
1.7167625707200e-04;   -4444484
1.7169458924000e-04;   -4444486
1.7171456247400e-04;   -4444486
1.7173289060600e-04;   -4444488
1.7175286010800e-04;   -4444488
1.7177285748000e-04;   -4444490
1.7179116547400e-04;   -4444490
1.7181115883600e-04;   -4444492
1.7182946691800e-04;   -4444492
1.7184946009700e-04;   -4444493
1.7186776432800e-04;   -4444493
1.7188776156200e-04;   -4444495
1.7190606975200e-04;   -4444495
1.7192606307100e-04;   -4444497
1.7194603236900e-04;   -4444497
1.7196436449000e-04;   -4444500
1.7198433793900e-04;   -4444500
1.7200266602100e-04;   -4444503
1.7202263956100e-04;   -4444503
1.7204096757600e-04;   -4444506
1.7206093698700e-04;   -4444506
1.7207926893200e-04;   -4444509
1.7209924251300e-04;   -4444509
1.7211757046600e-04;   -4444512
1.7213753980800e-04;   -4444512
1.7215753727800e-04;   -4444514
1.7217584138900e-04;   -4444514
1.7219583884400e-04;   -4444517
1.7221414687000e-04;   -4444517
1.7223414015600e-04;   -4444519
1.7225244415400e-04;   -4444519
1.7227244157800e-04;   -4444520
1.7229074948900e-04;   -4444520
1.7231074305500e-04;   -4444520
1.7232905114200e-04;   -4444520
1.7234904463700e-04;   -4444518
1.7236901404000e-04;   -4444518
1.7238734602100e-04;   -4444515
1.7240731936000e-04;   -4444515
1.7242564747200e-04;   -4444511
1.7244561677900e-04;   -4444511
1.7246394872000e-04;   -4444506
1.7248392210700e-04;   -4444506
1.7250225013200e-04;   -4444502
1.7252222356500e-04;   -4444502
1.7254055156800e-04;   -4444498
1.7256052084900e-04;   -4444498
1.7258051819900e-04;   -4444496
1.7259882633000e-04;   -4444496
1.7261881972000e-04;   -4444494
1.7263712370200e-04;   -4444494
1.7265712108300e-04;   -4444494
1.7267542505000e-04;   -4444494
1.7269542227200e-04;   -4444495
1.7271373040000e-04;   -4444495
1.7273372393000e-04;   -4444496
1.7275369337500e-04;   -4444496
1.7277202541000e-04;   -4444497
1.7279199880400e-04;   -4444497
1.7281032677500e-04;   -4444498
1.7283030027700e-04;   -4444498
1.7284862830100e-04;   -4444497
1.7286859779800e-04;   -4444497
1.7288692965900e-04;   -4444495
1.7290690307400e-04;   -4444495
1.7292523114100e-04;   -4444493
1.7294520050200e-04;   -4444493
1.7296519777100e-04;   -4444490
1.7298350582300e-04;   -4444490
1.7300349908600e-04;   -4444488
1.7302180709800e-04;   -4444488
1.7304180044700e-04;   -4444486
1.7306010447800e-04;   -4444486
1.7308010188600e-04;   -4444485
1.7309841019100e-04;   -4444485
1.7311840346600e-04;   -4444485
1.7313837264600e-04;   -4444485
1.7315670479200e-04;   -4444486
1.7317667421400e-04;   -4444486
1.7319500637400e-04;   -4444488
1.7321497955800e-04;   -4444488
1.7323330770700e-04;   -4444490
1.7325327700300e-04;   -4444490
1.7327160912500e-04;   -4444492
1.7329158239700e-04;   -4444492
1.7330991058100e-04;   -4444493
1.7332988378600e-04;   -4444493
1.7334821178200e-04;   -4444494
1.7336818123000e-04;   -4444494
1.7338817857200e-04;   -4444492
1.7340648664900e-04;   -4444492
1.7342648018500e-04;   -4444490
1.7344478417800e-04;   -4444490
1.7346478162100e-04;   -4444488
1.7348308966900e-04;   -4444488
1.7350308312800e-04;   -4444486
1.7352139113400e-04;   -4444486
1.7354138464500e-04;   -4444484
1.7356135402700e-04;   -4444484
1.7357968614000e-04;   -4444484
1.7359965966000e-04;   -4444484
1.7361798770300e-04;   -4444484
1.7363795706400e-04;   -4444484
1.7365628922300e-04;   -4444485
1.7367625839700e-04;   -4444485
1.7369459051500e-04;   -4444487
1.7371456372600e-04;   -4444487
1.7373289180400e-04;   -4444490
1.7375286118500e-04;   -4444490
1.7377285870300e-04;   -4444492
1.7379116679300e-04;   -4444492
1.7381116015300e-04;   -4444493
1.7382946816600e-04;   -4444493
1.7384946149300e-04;   -4444494
1.7386776568700e-04;   -4444494
1.7388776287500e-04;   -4444492
1.7390607103000e-04;   -4444492
1.7392606449300e-04;   -4444490
1.7394603395800e-04;   -4444490
1.7396436602600e-04;   -4444488
1.7398433954200e-04;   -4444488
1.7400266760000e-04;   -4444485
1.7402264092600e-04;   -4444485
1.7404096904200e-04;   -4444482
1.7406093833900e-04;   -4444482
1.7407927041800e-04;   -4444479
1.7409924378300e-04;   -4444479
1.7411757188600e-04;   -4444476
1.7413754130100e-04;   -4444476
1.7415753857300e-04;   -4444475
1.7417584253500e-04;   -4444475
1.7419583978100e-04;   -4444475
1.7421414782100e-04;   -4444475
1.7423414094800e-04;   -4444476
1.7425244506400e-04;   -4444476
1.7427244236000e-04;   -4444477
1.7429075040500e-04;   -4444477
1.7431074360700e-04;   -4444478
1.7432905169100e-04;   -4444478
1.7434904505400e-04;   -4444479
1.7436901441000e-04;   -4444479
1.7438734658300e-04;   -4444478
1.7440731982900e-04;   -4444478
1.7442564798600e-04;   -4444477
1.7444561741500e-04;   -4444477
1.7446394956200e-04;   -4444475
1.7448391897100e-04;   -4444475
1.7450225098900e-04;   -4444473
1.7452222428700e-04;   -4444473
1.7454055215500e-04;   -4444470
1.7456052142700e-04;   -4444470
1.7458051888400e-04;   -4444465
1.7459882707900e-04;   -4444465
1.7461882034900e-04;   -4444460
1.7463712454000e-04;   -4444460
1.7465712167600e-04;   -4444455
1.7467542564200e-04;   -4444455
1.7469542295100e-04;   -4444451
1.7471373096700e-04;   -4444451
1.7473372435700e-04;   -4444448
1.7475369374800e-04;   -4444448
1.7477202592300e-04;   -4444446
1.7479199926700e-04;   -4444446
1.7481032729200e-04;   -4444446
1.7483030049600e-04;   -4444446
1.7484862858000e-04;   -4444445
1.7486859780800e-04;   -4444445
1.7488692993500e-04;   -4444444
1.7490690318100e-04;   -4444444
1.7492523121300e-04;   -4444444
1.7494520058900e-04;   -4444444
1.7496519796000e-04;   -4444444
1.7498350595800e-04;   -4444444
1.7500349913600e-04;   -4444445
1.7502180713500e-04;   -4444445
1.7504180033900e-04;   -4444447
1.7506010445100e-04;   -4444447
1.7508010174700e-04;   -4444449
1.7509840992400e-04;   -4444449
1.7511840329000e-04;   -4444453
1.7513837252800e-04;   -4444453
1.7515670452300e-04;   -4444458
1.7517667392000e-04;   -4444458
1.7519500591100e-04;   -4444464
1.7521497929000e-04;   -4444464
1.7523330746800e-04;   -4444469
1.7525327688400e-04;   -4444469
1.7527160897000e-04;   -4444474
1.7529158228800e-04;   -4444474
1.7530991047400e-04;   -4444478
1.7532988378300e-04;   -4444478
1.7534821192500e-04;   -4444481
1.7536818116100e-04;   -4444481
1.7538817861700e-04;   -4444481
1.7540648673100e-04;   -4444481
1.7542648004100e-04;   -4444481
1.7544478406300e-04;   -4444481
1.7546478124800e-04;   -4444481
1.7548308943600e-04;   -4444481
1.7550308277300e-04;   -4444480
1.7552139081700e-04;   -4444480
1.7554138400600e-04;   -4444479
1.7556135332100e-04;   -4444479
1.7557968543200e-04;   -4444480
1.7559965883900e-04;   -4444480
1.7561798686700e-04;   -4444481
1.7563795607100e-04;   -4444481
1.7565628817100e-04;   -4444483
1.7567625750900e-04;   -4444483
1.7569458967200e-04;   -4444486
1.7571456305600e-04;   -4444486
1.7573289109900e-04;   -4444488
1.7575286063800e-04;   -4444488
1.7577285778700e-04;   -4444491
1.7579116587500e-04;   -4444491
1.7581115934400e-04;   -4444493
1.7582946731500e-04;   -4444493
1.7584946064100e-04;   -4444493
1.7586776477400e-04;   -4444493
1.7588776214500e-04;   -4444492
1.7590607021100e-04;   -4444492
1.7592606352800e-04;   -4444491
1.7594603295200e-04;   -4444491
1.7596436500000e-04;   -4444488
1.7598433839900e-04;   -4444488
1.7600266658300e-04;   -4444486
1.7602263977900e-04;   -4444486
1.7604096784700e-04;   -4444485
1.7606093720100e-04;   -4444485
1.7607926920900e-04;   -4444484
1.7609924264600e-04;   -4444484
1.7611757078000e-04;   -4444485
1.7613754012400e-04;   -4444485
1.7615753747200e-04;   -4444486
1.7617584159600e-04;   -4444486
1.7619583894600e-04;   -4444488
1.7621414690100e-04;   -4444488
1.7623414014700e-04;   -4444491
1.7625244419100e-04;   -4444491
1.7627244169700e-04;   -4444493
1.7629074963600e-04;   -4444493
1.7631074301600e-04;   -4444494
1.7632905109900e-04;   -4444494
1.7634904439500e-04;   -4444495
1.7636901375000e-04;   -4444495
1.7638734584500e-04;   -4444494
1.7640731893200e-04;   -4444494
1.7642564711000e-04;   -4444494
1.7644561650000e-04;   -4444494
1.7646394841100e-04;   -4444495
1.7648392185800e-04;   -4444495
1.7650225001200e-04;   -4444495
1.7652222318500e-04;   -4444495
1.7654055131800e-04;   -4444496
1.7656052060500e-04;   -4444496
1.7658051793700e-04;   -4444497
1.7659882593700e-04;   -4444497
1.7661881928600e-04;   -4444499
1.7663712343000e-04;   -4444499
1.7665712072800e-04;   -4444501
1.7667542484000e-04;   -4444501
1.7669542211300e-04;   -4444504
1.7671373006800e-04;   -4444504
1.7673372352600e-04;   -4444506
1.7675369284300e-04;   -4444506
1.7677202477000e-04;   -4444508
1.7679199786300e-04;   -4444508
1.7681032605700e-04;   -4444509
1.7683029949600e-04;   -4444509
1.7684862775600e-04;   -4444508
1.7686859718200e-04;   -4444508
1.7688692908300e-04;   -4444507
1.7690690255500e-04;   -4444507
1.7692523059600e-04;   -4444506
1.7694520005400e-04;   -4444506
1.7696519738600e-04;   -4444505
1.7698350555500e-04;   -4444505
1.7700349902700e-04;   -4444504
1.7702180713900e-04;   -4444504
1.7704180059600e-04;   -4444504
1.7706010460400e-04;   -4444504
1.7708010199600e-04;   -4444504
1.7709840985200e-04;   -4444504
1.7711840312500e-04;   -4444505
1.7713837254300e-04;   -4444505
1.7715670458000e-04;   -4444507
1.7717667380900e-04;   -4444507
1.7719500596800e-04;   -4444509
1.7721497932300e-04;   -4444509
1.7723330741000e-04;   -4444510
1.7725327674900e-04;   -4444510
1.7727160876900e-04;   -4444512
1.7729158225600e-04;   -4444512
1.7730991031200e-04;   -4444512
1.7732988375800e-04;   -4444512
1.7734821195300e-04;   -4444511
1.7736818138000e-04;   -4444511
1.7738817880600e-04;   -4444509
1.7740648677500e-04;   -4444509
1.7742648029500e-04;   -4444508
1.7744478437300e-04;   -4444508
1.7746478173400e-04;   -4444506
1.7748308985500e-04;   -4444506
1.7750308318700e-04;   -4444505
1.7752139133100e-04;   -4444505
1.7754138467700e-04;   -4444502
1.7756135398300e-04;   -4444502
1.7757968611700e-04;   -4444500
1.7759965952100e-04;   -4444500
1.7761798776000e-04;   -4444498
1.7763795718800e-04;   -4444498
1.7765628925100e-04;   -4444497
1.7767625868000e-04;   -4444497
1.7769459060200e-04;   -4444497
1.7771456386800e-04;   -4444497
1.7773289191700e-04;   -4444497
1.7775286141800e-04;   -4444497
1.7777285869500e-04;   -4444497
1.7779116673500e-04;   -4444497
1.7781116019200e-04;   -4444497
1.7782946821900e-04;   -4444497
1.7784946152100e-04;   -4444496
1.7786776564800e-04;   -4444496
1.7788776294200e-04;   -4444494
1.7790607096600e-04;   -4444494
1.7792606409500e-04;   -4444491
1.7794603351000e-04;   -4444491
1.7796436550500e-04;   -4444488
1.7798433489200e-04;   -4444488
1.7800266691500e-04;   -4444485
1.7802264027800e-04;   -4444485
1.7804096844500e-04;   -4444481
1.7806093784900e-04;   -4444481
1.7807926980200e-04;   -4444477
1.7809924313200e-04;   -4444477
1.7811757137400e-04;   -4444473
1.7813754066400e-04;   -4444473
1.7815753808700e-04;   -4444470
1.7817584205100e-04;   -4444470
1.7819583949800e-04;   -4444467
1.7821414769000e-04;   -4444467
1.7823414102700e-04;   -4444466
1.7825244499000e-04;   -4444466
1.7827244233800e-04;   -4444465
1.7829075041700e-04;   -4444465
1.7831074379800e-04;   -4444465
1.7832905189400e-04;   -4444465
1.7834904522900e-04;   -4444464
1.7836901461300e-04;   -4444464
1.7838734659400e-04;   -4444463
1.7840731983100e-04;   -4444463
1.7842564790600e-04;   -4444462
1.7844561696700e-04;   -4444462
1.7846394903800e-04;   -4444461
1.7848392254700e-04;   -4444461
1.7850225073200e-04;   -4444460
1.7852222398600e-04;   -4444460
1.7854055197300e-04;   -4444459
1.7856052130400e-04;   -4444459
1.7858051867200e-04;   -4444458
1.7859882684200e-04;   -4444458
1.7861882006600e-04;   -4444458
1.7863712414000e-04;   -4444458
1.7865712129300e-04;   -4444459
1.7867542515600e-04;   -4444459
1.7869542263800e-04;   -4444461
1.7871373064900e-04;   -4444461
1.7873372424200e-04;   -4444464
1.7875369360200e-04;   -4444464
1.7877202555100e-04;   -4444467
1.7879199894600e-04;   -4444467
1.7881032694800e-04;   -4444470
1.7883030024300e-04;   -4444470
1.7884862827600e-04;   -4444472
1.7886859766400e-04;   -4444472
1.7888692976100e-04;   -4444472
1.7890690327200e-04;   -4444472
1.7892523120900e-04;   -4444472
1.7894520055000e-04;   -4444472
1.7896519784800e-04;   -4444472
1.7898350601100e-04;   -4444472
1.7900349920500e-04;   -4444472
1.7902180735400e-04;   -4444472
1.7904180068900e-04;   -4444472
1.7906010491800e-04;   -4444472
1.7908010208700e-04;   -4444473
1.7909841033200e-04;   -4444473
1.7911840356800e-04;   -4444475
1.7913837282600e-04;   -4444475
1.7915670484300e-04;   -4444478
1.7917667412500e-04;   -4444478
1.7919500620800e-04;   -4444481
1.7921497950800e-04;   -4444481
1.7923330763700e-04;   -4444485
1.7925327682200e-04;   -4444485
1.7927160874900e-04;   -4444488
1.7929158216000e-04;   -4444488
1.7930991026500e-04;   -4444491
1.7932988365300e-04;   -4444491
1.7934821167500e-04;   -4444492
1.7936818104700e-04;   -4444492
1.7938817816000e-04;   -4444491
1.7940648617600e-04;   -4444491
1.7942647944000e-04;   -4444490
1.7944478371200e-04;   -4444490
1.7946478100800e-04;   -4444488
1.7948308908800e-04;   -4444488
1.7950308261600e-04;   -4444487
1.7952139060400e-04;   -4444487
1.7954138397800e-04;   -4444485
1.7956135333600e-04;   -4444485
1.7957968534400e-04;   -4444485
1.7959965853000e-04;   -4444485
1.7961798650800e-04;   -4444486
1.7963795580000e-04;   -4444486
1.7965628785900e-04;   -4444487
1.7967625733300e-04;   -4444487
1.7969458938600e-04;   -4444489
1.7971456255400e-04;   -4444489
1.7973289057700e-04;   -4444492
1.7975285983700e-04;   -4444492
1.7977285731800e-04;   -4444494
1.7979116526700e-04;   -4444494
1.7981115860900e-04;   -4444496
1.7982946671400e-04;   -4444496
1.7984946011500e-04;   -4444496
1.7986776410600e-04;   -4444496
1.7988776151000e-04;   -4444496
1.7990606973300e-04;   -4444496
1.7992606300700e-04;   -4444496
1.7994603217300e-04;   -4444496
1.7996436434000e-04;   -4444497
1.7998433761400e-04;   -4444497
1.8000266567500e-04;   -4444499
1.8002263907600e-04;   -4444499
1.8004096714600e-04;   -4444503
1.8006093650400e-04;   -4444503
1.8007926855300e-04;   -4444507
1.8009924166600e-04;   -4444507
1.8011756982300e-04;   -4444511
1.8013753928700e-04;   -4444511
1.8015753660400e-04;   -4444515
1.8017584074400e-04;   -4444515
1.8019583802800e-04;   -4444520
1.8021414624500e-04;   -4444520
1.8023413966600e-04;   -4444523
1.8025244347500e-04;   -4444523
1.8027244084800e-04;   -4444525
1.8029074878700e-04;   -4444525
1.8031074221000e-04;   -4444526
1.8032905032900e-04;   -4444526
1.8034904374300e-04;   -4444526
1.8036901302300e-04;   -4444526
1.8038734522500e-04;   -4444526
1.8040731828100e-04;   -4444526
1.8042564618100e-04;   -4444526
1.8044561553800e-04;   -4444526
1.8046394766800e-04;   -4444527
1.8048392095800e-04;   -4444527
1.8050224911600e-04;   -4444527
1.8052222254300e-04;   -4444527
1.8054055048500e-04;   -4444528
1.8056051995300e-04;   -4444528
1.8058051722900e-04;   -4444529
1.8059882527500e-04;   -4444529
1.8061881860500e-04;   -4444530
1.8063712279900e-04;   -4444530
1.8065712010100e-04;   -4444531
1.8067542406300e-04;   -4444531
1.8069542149700e-04;   -4444532
1.8071372954600e-04;   -4444532
1.8073372295500e-04;   -4444532
1.8075369228600e-04;   -4444532
1.8077202443500e-04;   -4444532
1.8079199787300e-04;   -4444532
1.8081032608900e-04;   -4444531
1.8083029944500e-04;   -4444531
1.8084862748600e-04;   -4444528
1.8086859696900e-04;   -4444528
1.8088692921700e-04;   -4444525
1.8090690235500e-04;   -4444525
1.8092523041300e-04;   -4444522
1.8094519992000e-04;   -4444522
1.8096519726700e-04;   -4444519
1.8098350527000e-04;   -4444519
1.8100349866100e-04;   -4444517
1.8102180666100e-04;   -4444517
1.8104179990500e-04;   -4444515
1.8106010406200e-04;   -4444515
1.8108010138600e-04;   -4444514
1.8109840933400e-04;   -4444514
1.8111840282400e-04;   -4444514
1.8113837191800e-04;   -4444514
1.8115670412000e-04;   -4444515
1.8117667366100e-04;   -4444515
1.8119500572400e-04;   -4444516
1.8121497926500e-04;   -4444516
1.8123330737600e-04;   -4444516
1.8125327670800e-04;   -4444516
1.8127160895700e-04;   -4444517
1.8129158227600e-04;   -4444517
1.8130991037500e-04;   -4444517
1.8132988369600e-04;   -4444517
1.8134821177200e-04;   -4444515
1.8136818101300e-04;   -4444515
1.8138817848200e-04;   -4444513
1.8140648653500e-04;   -4444513
1.8142647989900e-04;   -4444511
1.8144478385600e-04;   -4444511
1.8146478112700e-04;   -4444510
1.8148308920800e-04;   -4444510
1.8150308246600e-04;   -4444509
1.8152139060400e-04;   -4444509
1.8154138405800e-04;   -4444508
1.8156135344300e-04;   -4444508
1.8157968546500e-04;   -4444508
1.8159965876100e-04;   -4444508
1.8161798666200e-04;   -4444509
1.8163795611100e-04;   -4444509
1.8165628812200e-04;   -4444510
1.8167625741900e-04;   -4444510
1.8169458953300e-04;   -4444512
1.8171456292800e-04;   -4444512
1.8173289084900e-04;   -4444513
1.8175286029600e-04;   -4444513
1.8177285756100e-04;   -4444514
1.8179116560000e-04;   -4444514
1.8181115898900e-04;   -4444515
1.8182946700400e-04;   -4444515
1.8184946043500e-04;   -4444513
1.8186776459200e-04;   -4444513
1.8188776205300e-04;   -4444511
1.8190607010000e-04;   -4444511
1.8192606333900e-04;   -4444507
1.8194603258900e-04;   -4444507
1.8196436461600e-04;   -4444504
1.8198433799900e-04;   -4444504
1.8200266594200e-04;   -4444500
1.8202263927600e-04;   -4444500
1.8204096737700e-04;   -4444497
1.8206093643300e-04;   -4444497
1.8207926863200e-04;   -4444496
1.8209924192800e-04;   -4444496
1.8211756997200e-04;   -4444495
1.8213753932600e-04;   -4444495
1.8215753674900e-04;   -4444495
1.8217584063500e-04;   -4444495
1.8219583805400e-04;   -4444496
1.8221414612500e-04;   -4444496
1.8223413934500e-04;   -4444498
1.8225244345800e-04;   -4444498
1.8227244079600e-04;   -4444499
1.8229074891300e-04;   -4444499
1.8231074210800e-04;   -4444500
1.8232905000300e-04;   -4444500
1.8234904349400e-04;   -4444500
1.8236901281100e-04;   -4444500
1.8238734504900e-04;   -4444500
1.8240731822300e-04;   -4444500
1.8242564637200e-04;   -4444499
1.8244561588500e-04;   -4444499
1.8246394779600e-04;   -4444499
1.8248392129000e-04;   -4444499
1.8250224946200e-04;   -4444499
1.8252222271700e-04;   -4444499
1.8254055098900e-04;   -4444500
1.8256052027400e-04;   -4444500
1.8258051759200e-04;   -4444501
1.8259882567200e-04;   -4444501
1.8261881898600e-04;   -4444503
1.8263712307100e-04;   -4444503
1.8265712033700e-04;   -4444505
1.8267542450300e-04;   -4444505
1.8269542175400e-04;   -4444507
1.8271372991400e-04;   -4444507
1.8273372315500e-04;   -4444510
1.8275369252300e-04;   -4444510
1.8277202464200e-04;   -4444511
1.8279199792900e-04;   -4444511
1.8281032594900e-04;   -4444512
1.8283029937700e-04;   -4444512
1.8284862733600e-04;   -4444511
1.8286859681300e-04;   -4444511
1.8288692883900e-04;   -4444510
1.8290690233400e-04;   -4444510
1.8292523038900e-04;   -4444509
1.8294519960900e-04;   -4444509
1.8296519703100e-04;   -4444508
1.8298350509400e-04;   -4444508
1.8300349852700e-04;   -4444507
1.8302180673900e-04;   -4444507
1.8304180017200e-04;   -4444507
1.8306010429900e-04;   -4444507
1.8308010151500e-04;   -4444508
1.8309840957100e-04;   -4444508
1.8311840273900e-04;   -4444508
1.8313837209300e-04;   -4444508
1.8315670429200e-04;   -4444510
1.8317667360000e-04;   -4444510
1.8319500574200e-04;   -4444512
1.8321497920200e-04;   -4444512
1.8323330721800e-04;   -4444513
1.8325327654200e-04;   -4444513
1.8327160863500e-04;   -4444515
1.8329158202100e-04;   -4444515
1.8330991024400e-04;   -4444515
1.8332988350900e-04;   -4444515
1.8334821165300e-04;   -4444515
1.8336818103000e-04;   -4444515
1.8338817841900e-04;   -4444515
1.8340648664000e-04;   -4444515
1.8342647983900e-04;   -4444516
1.8344478388500e-04;   -4444516
1.8346478118600e-04;   -4444517
1.8348308546500e-04;   -4444517
1.8350308285600e-04;   -4444519
1.8352139090900e-04;   -4444519
1.8354138427900e-04;   -4444520
1.8356135368000e-04;   -4444520
1.8357968576300e-04;   -4444521
1.8359965915000e-04;   -4444521
1.8361798711500e-04;   -4444521
1.8363795616600e-04;   -4444521
1.8365628810100e-04;   -4444521
1.8367625751600e-04;   -4444521
1.8369458960900e-04;   -4444520
1.8371456283700e-04;   -4444520
1.8373289086400e-04;   -4444519
1.8375286018400e-04;   -4444519
1.8377285777100e-04;   -4444517
1.8379116582400e-04;   -4444517
1.8381115906000e-04;   -4444516
1.8382946721700e-04;   -4444516
1.8384946037900e-04;   -4444515
1.8386776447400e-04;   -4444515
1.8388776193700e-04;   -4444516
1.8390606998000e-04;   -4444516
1.8392606338600e-04;   -4444516
1.8394603277000e-04;   -4444516
1.8396436489900e-04;   -4444517
1.8398433840100e-04;   -4444517
1.8400266648800e-04;   -4444516
1.8402263980400e-04;   -4444516
1.8404096787800e-04;   -4444515
1.8406093702500e-04;   -4444515
1.8407926904900e-04;   -4444514
1.8409924235700e-04;   -4444514
1.8411757030400e-04;   -4444512
1.8413753960300e-04;   -4444512
1.8415753692400e-04;   -4444511
1.8417584093000e-04;   -4444511
1.8419583833800e-04;   -4444510
1.8421414636600e-04;   -4444510
1.8423413967800e-04;   -4444509
1.8425244372800e-04;   -4444509
1.8427244103400e-04;   -4444509
1.8429074921300e-04;   -4444509
1.8431074256900e-04;   -4444508
1.8432905058100e-04;   -4444508
1.8434904409800e-04;   -4444507
1.8436901350000e-04;   -4444507
1.8438734553400e-04;   -4444507
1.8440731899700e-04;   -4444507
1.8442564703300e-04;   -4444508
1.8444561652000e-04;   -4444508
1.8446394849800e-04;   -4444509
1.8448392190800e-04;   -4444509
1.8450224985100e-04;   -4444511
1.8452222314900e-04;   -4444511
1.8454055110500e-04;   -4444513
1.8456052041100e-04;   -4444513
1.8458051763300e-04;   -4444516
1.8459882567700e-04;   -4444516
1.8461881899000e-04;   -4444518
1.8463712327200e-04;   -4444518
1.8465712061300e-04;   -4444521
1.8467542472800e-04;   -4444521
1.8469542193600e-04;   -4444523
1.8471373013300e-04;   -4444523
1.8473372361400e-04;   -4444525
1.8475369295600e-04;   -4444525
1.8477202501300e-04;   -4444526
1.8479199839300e-04;   -4444526
1.8481032658400e-04;   -4444526
1.8483030002900e-04;   -4444526
1.8484862782600e-04;   -4444524
1.8486859717100e-04;   -4444524
1.8488692915800e-04;   -4444521
1.8490690233200e-04;   -4444521
1.8492523027800e-04;   -4444517
1.8494519966600e-04;   -4444517
1.8496519697800e-04;   -4444512
1.8498350498500e-04;   -4444512
1.8500349828900e-04;   -4444508
1.8502180615800e-04;   -4444508
1.8504179967900e-04;   -4444504
1.8506010354100e-04;   -4444504
1.8508010094600e-04;   -4444502
1.8509840899500e-04;   -4444502
1.8511840213700e-04;   -4444501
1.8513837152600e-04;   -4444501
1.8515670349400e-04;   -4444500
1.8517667276100e-04;   -4444500
1.8519500502100e-04;   -4444501
1.8521497835700e-04;   -4444501
1.8523330647300e-04;   -4444502
1.8525327593200e-04;   -4444502
1.8527160783400e-04;   -4444503
1.8529158111200e-04;   -4444503
1.8530990913000e-04;   -4444504
1.8532988250500e-04;   -4444504
1.8534821059900e-04;   -4444503
1.8536817989500e-04;   -4444503
1.8538817720400e-04;   -4444502
1.8540648527500e-04;   -4444502
1.8542647875700e-04;   -4444502
1.8544478295400e-04;   -4444502
1.8546478035000e-04;   -4444501
1.8548308841800e-04;   -4444501
1.8550308175200e-04;   -4444502
1.8552138991300e-04;   -4444502
1.8554138318300e-04;   -4444502
1.8556135270300e-04;   -4444502
1.8557968456500e-04;   -4444503
1.8559965799100e-04;   -4444503
1.8561798599800e-04;   -4444505
1.8563795543700e-04;   -4444505
1.8565628747100e-04;   -4444507
1.8567625680100e-04;   -4444507
1.8569458890200e-04;   -4444509
1.8571456221600e-04;   -4444509
1.8573289036800e-04;   -4444511
1.8575285966900e-04;   -4444511
1.8577285702100e-04;   -4444513
1.8579116497200e-04;   -4444513
1.8581115844000e-04;   -4444514
1.8582946647900e-04;   -4444514
1.8584945990600e-04;   -4444514
1.8586776392000e-04;   -4444514
1.8588776113100e-04;   -4444515
1.8590606911000e-04;   -4444515
1.8592606245300e-04;   -4444516
1.8594603160200e-04;   -4444516
1.8596436380700e-04;   -4444517
1.8598433722900e-04;   -4444517
1.8600266526700e-04;   -4444519
1.8602263857600e-04;   -4444519
1.8604096667900e-04;   -4444521
1.8606093598800e-04;   -4444521
1.8607926825000e-04;   -4444523
1.8609924139500e-04;   -4444523
1.8611756964200e-04;   -4444525
1.8613753878400e-04;   -4444525
1.8615753621400e-04;   -4444527
1.8617584033800e-04;   -4444527
1.8619583763400e-04;   -4444528
1.8621414567300e-04;   -4444528
1.8623413912600e-04;   -4444530
1.8625244321200e-04;   -4444530
1.8627244060800e-04;   -4444530
1.8629074856100e-04;   -4444530
1.8631074190300e-04;   -4444530
1.8632905000900e-04;   -4444530
1.8634904344100e-04;   -4444528
1.8636901274200e-04;   -4444528
1.8638734502800e-04;   -4444525
1.8640731840600e-04;   -4444525
1.8642564642200e-04;   -4444522
1.8644561588700e-04;   -4444522
1.8646394796400e-04;   -4444520
1.8648392120400e-04;   -4444520
1.8650224921200e-04;   -4444517
1.8652222279800e-04;   -4444517
1.8654055089400e-04;   -4444514
1.8656052027400e-04;   -4444514
1.8658051756000e-04;   -4444511
1.8659882563900e-04;   -4444511
1.8661881892300e-04;   -4444508
1.8663712302200e-04;   -4444508
1.8665712035600e-04;   -4444506
1.8667542438300e-04;   -4444506
1.8669542169800e-04;   -4444505
1.8671372985000e-04;   -4444505
1.8673372311800e-04;   -4444505
1.8675369238600e-04;   -4444505
1.8677202450000e-04;   -4444504
1.8679199777100e-04;   -4444504
1.8681032596200e-04;   -4444504
1.8683029942200e-04;   -4444504
1.8684862757500e-04;   -4444503
1.8686859695000e-04;   -4444503
1.8688692888900e-04;   -4444504
1.8690690222700e-04;   -4444504
1.8692523034500e-04;   -4444505
1.8694519967900e-04;   -4444505
1.8696519701500e-04;   -4444507
1.8698350515400e-04;   -4444507
1.8700349851100e-04;   -4444509
1.8702180664800e-04;   -4444509
1.8704179996000e-04;   -4444512
1.8706010400800e-04;   -4444512
1.8708010134800e-04;   -4444515
1.8709840941700e-04;   -4444515
1.8711840267500e-04;   -4444517
1.8713837206400e-04;   -4444517
1.8715670405100e-04;   -4444520
1.8717667338000e-04;   -4444520
1.8719500547200e-04;   -4444523
1.8721497880700e-04;   -4444523
1.8723330680000e-04;   -4444525
1.8725327623000e-04;   -4444525
1.8727160847300e-04;   -4444526
1.8729158173000e-04;   -4444526
1.8730990982500e-04;   -4444526
1.8732988315400e-04;   -4444526
1.8734821125900e-04;   -4444525
1.8736818068900e-04;   -4444525
1.8738817816900e-04;   -4444522
1.8740648621500e-04;   -4444522
1.8742647964000e-04;   -4444520
1.8744478373000e-04;   -4444520
1.8746478088800e-04;   -4444518
1.8748308898700e-04;   -4444518
1.8750308240200e-04;   -4444517
1.8752139034500e-04;   -4444517
1.8754138358700e-04;   -4444516
1.8756135294400e-04;   -4444516
1.8757968505600e-04;   -4444515
1.8759965841700e-04;   -4444515
1.8761798671300e-04;   -4444515
1.8763795603500e-04;   -4444515
1.8765628818200e-04;   -4444516
1.8767625749400e-04;   -4444516
1.8769458957100e-04;   -4444517
1.8771456277000e-04;   -4444517
1.8773289085300e-04;   -4444519
1.8775286019700e-04;   -4444519
1.8777285762400e-04;   -4444519
1.8779116560300e-04;   -4444519
1.8781115891200e-04;   -4444519
1.8782946708800e-04;   -4444519
1.8784946034000e-04;   -4444518
1.8786776435700e-04;   -4444518
1.8788776166000e-04;   -4444515
1.8790606970300e-04;   -4444515
1.8792606293200e-04;   -4444511
1.8794603229600e-04;   -4444511
1.8796436437600e-04;   -4444508
1.8798433369200e-04;   -4444508
1.8800266585600e-04;   -4444504
1.8802263918500e-04;   -4444504
1.8804096713000e-04;   -4444501
1.8806093645700e-04;   -4444501
1.8807926849800e-04;   -4444498
1.8809924190700e-04;   -4444498
1.8811757026700e-04;   -4444495
1.8813753927700e-04;   -4444495
1.8815753665300e-04;   -4444493
1.8817584062200e-04;   -4444493
1.8819583813700e-04;   -4444492
1.8821414598100e-04;   -4444492
1.8823413938700e-04;   -4444491
1.8825244331500e-04;   -4444491
1.8827244085000e-04;   -4444490
1.8829074892100e-04;   -4444490
1.8831074216500e-04;   -4444490
1.8832905022000e-04;   -4444490
1.8834904354100e-04;   -4444489
1.8836901295800e-04;   -4444489
1.8838734506300e-04;   -4444487
1.8840731845300e-04;   -4444487
1.8842564649200e-04;   -4444487
1.8844561575900e-04;   -4444487
1.8846394782600e-04;   -4444487
1.8848392121800e-04;   -4444487
1.8850224923700e-04;   -4444487
1.8852222270600e-04;   -4444487
1.8854055083400e-04;   -4444487
1.8856052014300e-04;   -4444487
1.8858051745300e-04;   -4444487
1.8859882546800e-04;   -4444487
1.8861881877200e-04;   -4444487
1.8863712291600e-04;   -4444487
1.8865712035600e-04;   -4444488
1.8867542452200e-04;   -4444488
1.8869542205500e-04;   -4444489
1.8871373025000e-04;   -4444489
1.8873372366100e-04;   -4444491
1.8875369291200e-04;   -4444491
1.8877202501900e-04;   -4444493
1.8879199837200e-04;   -4444493
1.8881032649400e-04;   -4444494
1.8883029970800e-04;   -4444494
1.8884862789900e-04;   -4444494
1.8886859725100e-04;   -4444494
1.8888692940700e-04;   -4444494
1.8890690267600e-04;   -4444494
1.8892523069700e-04;   -4444494
1.8894519994300e-04;   -4444494
1.8896519732100e-04;   -4444494
1.8898350530700e-04;   -4444494
1.8900349876900e-04;   -4444495
1.8902180682100e-04;   -4444495
1.8904180007600e-04;   -4444497
1.8906010428900e-04;   -4444497
1.8908010160800e-04;   -4444499
1.8909840971100e-04;   -4444499
1.8911840319200e-04;   -4444501
1.8913837256600e-04;   -4444501
1.8915670458900e-04;   -4444504
1.8917667390100e-04;   -4444504
1.8919500594900e-04;   -4444507
1.8921497941900e-04;   -4444507
1.8923330749900e-04;   -4444509
1.8925327684200e-04;   -4444509
1.8927160892600e-04;   -4444512
1.8929158231900e-04;   -4444512
1.8930991035300e-04;   -4444513
1.8932988372400e-04;   -4444513
1.8934821196100e-04;   -4444513
1.8936818155800e-04;   -4444513
1.8938817874300e-04;   -4444512
1.8940648679100e-04;   -4444512
1.8942648016600e-04;   -4444511
1.8944478428000e-04;   -4444511
1.8946478150500e-04;   -4444510
1.8948308936900e-04;   -4444510
1.8950308254800e-04;   -4444509
1.8952139068400e-04;   -4444509
1.8954138397900e-04;   -4444509
1.8956135349300e-04;   -4444509
1.8957968562700e-04;   -4444510
1.8959965901000e-04;   -4444510
1.8961798714700e-04;   -4444511
1.8963795662100e-04;   -4444511
1.8965628859000e-04;   -4444513
1.8967625803500e-04;   -4444513
1.8969458996200e-04;   -4444515
1.8971456336100e-04;   -4444515
1.8973289142800e-04;   -4444516
1.8975286071900e-04;   -4444516
1.8977285819600e-04;   -4444517
1.8979116631000e-04;   -4444517
1.8981115976400e-04;   -4444518
1.8982946779000e-04;   -4444518
1.8984946131100e-04;   -4444517
1.8986776530100e-04;   -4444517
1.8988776269500e-04;   -4444514
1.8990607069500e-04;   -4444514
1.8992606408000e-04;   -4444511
1.8994603349300e-04;   -4444511
1.8996436564000e-04;   -4444507
1.8998433484000e-04;   -4444507
1.9000266699300e-04;   -4444504
1.9002264031100e-04;   -4444504
1.9004096815900e-04;   -4444501
1.9006093753800e-04;   -4444501
1.9007926963200e-04;   -4444498
1.9009924303600e-04;   -4444498
1.9011757122000e-04;   -4444496
1.9013754036800e-04;   -4444496
1.9015753781100e-04;   -4444494
1.9017584191000e-04;   -4444494
1.9019583919700e-04;   -4444493
1.9021414736200e-04;   -4444493
1.9023414081300e-04;   -4444492
1.9025244477900e-04;   -4444492
1.9027244213400e-04;   -4444491
1.9029075022400e-04;   -4444491
1.9031074359900e-04;   -4444491
1.9032905164300e-04;   -4444491
1.9034904499800e-04;   -4444489
1.9036901426000e-04;   -4444489
1.9038734641200e-04;   -4444487
1.9040731979000e-04;   -4444487
1.9042564783400e-04;   -4444485
1.9044561728000e-04;   -4444485
1.9046394956300e-04;   -4444483
1.9048392303800e-04;   -4444483
1.9050225119000e-04;   -4444481
1.9052222425400e-04;   -4444481
1.9054055230100e-04;   -4444480
1.9056052171300e-04;   -4444480
1.9058051906100e-04;   -4444481
1.9059882722000e-04;   -4444481
1.9061882057000e-04;   -4444482
1.9063712465900e-04;   -4444482
1.9065712185100e-04;   -4444484
1.9067542613500e-04;   -4444484
1.9069542329800e-04;   -4444487
1.9071373137900e-04;   -4444487
1.9073372471000e-04;   -4444491
1.9075369395700e-04;   -4444491
1.9077202593400e-04;   -4444494
1.9079199926800e-04;   -4444494
1.9081032728900e-04;   -4444496
1.9083030058200e-04;   -4444496
1.9084862866000e-04;   -4444497
1.9086859797200e-04;   -4444497
1.9088693008500e-04;   -4444497
1.9090690335200e-04;   -4444497
1.9092523141200e-04;   -4444495
1.9094520055400e-04;   -4444495
1.9096519788200e-04;   -4444494
1.9098350586100e-04;   -4444494
1.9100349913600e-04;   -4444491
1.9102180704900e-04;   -4444491
1.9104180043400e-04;   -4444488
1.9106010449800e-04;   -4444488
1.9108010192500e-04;   -4444485
1.9109840990100e-04;   -4444485
1.9111840325800e-04;   -4444483
1.9113837255100e-04;   -4444483
1.9115670460700e-04;   -4444482
1.9117667390700e-04;   -4444482
1.9119500594400e-04;   -4444483
1.9121497925300e-04;   -4444483
1.9123330732900e-04;   -4444484
1.9125327654200e-04;   -4444484
1.9127160846700e-04;   -4444485
1.9129158178500e-04;   -4444485
1.9130990989600e-04;   -4444486
1.9132988318400e-04;   -4444486
1.9134821120700e-04;   -4444487
1.9136818061900e-04;   -4444487
1.9138817810000e-04;   -4444486
1.9140648601200e-04;   -4444486
1.9142647940400e-04;   -4444485
1.9144478352000e-04;   -4444485
1.9146478086200e-04;   -4444483
1.9148308879700e-04;   -4444483
1.9150308212600e-04;   -4444482
1.9152139035700e-04;   -4444482
1.9154138360200e-04;   -4444482
1.9156135295000e-04;   -4444482
1.9157968501500e-04;   -4444482
1.9159965835700e-04;   -4444482
1.9161798628600e-04;   -4444484
1.9163795558600e-04;   -4444484
1.9165628752900e-04;   -4444486
1.9167625674100e-04;   -4444486
1.9169458889500e-04;   -4444489
1.9171456227600e-04;   -4444489
1.9173289035400e-04;   -4444493
1.9175285949200e-04;   -4444493
1.9177285685200e-04;   -4444495
1.9179116499400e-04;   -4444495
1.9181115850600e-04;   -4444498
1.9182946650100e-04;   -4444498
1.9184945984800e-04;   -4444499
1.9186776375900e-04;   -4444499
1.9188776117700e-04;   -4444498
1.9190606926800e-04;   -4444498
1.9192606261600e-04;   -4444497
1.9194603194500e-04;   -4444497
1.9196436399200e-04;   -4444495
1.9198433730900e-04;   -4444495
1.9200266545500e-04;   -4444493
1.9202263881300e-04;   -4444493
1.9204096698100e-04;   -4444492
1.9206093622400e-04;   -4444492
1.9207926845200e-04;   -4444491
1.9209924158400e-04;   -4444491
1.9211756953000e-04;   -4444492
1.9213753898500e-04;   -4444492
1.9215753628200e-04;   -4444493
1.9217584040600e-04;   -4444493
1.9219583782200e-04;   -4444496
1.9221414588800e-04;   -4444496
1.9223413910900e-04;   -4444498
1.9225244316800e-04;   -4444498
1.9227244050700e-04;   -4444500
1.9229074839300e-04;   -4444500
1.9231074183500e-04;   -4444502
1.9232904983400e-04;   -4444502
1.9234904320200e-04;   -4444502
1.9236901246400e-04;   -4444502
1.9238734440600e-04;   -4444502
1.9240731787900e-04;   -4444502
1.9242564611600e-04;   -4444502
1.9244561546100e-04;   -4444502
1.9246394759600e-04;   -4444502
1.9248392102800e-04;   -4444502
1.9250224894200e-04;   -4444502
1.9252222232300e-04;   -4444502
1.9254055036500e-04;   -4444501
1.9256051954200e-04;   -4444501
1.9258051699200e-04;   -4444500
1.9259882501700e-04;   -4444500
1.9261881841300e-04;   -4444499
1.9263712247800e-04;   -4444499
1.9265711990300e-04;   -4444499
1.9267542383900e-04;   -4444499
1.9269542127900e-04;   -4444500
1.9271372940700e-04;   -4444500
1.9273372279300e-04;   -4444501
1.9275369213000e-04;   -4444501
1.9277202429800e-04;   -4444501
1.9279199770200e-04;   -4444501
1.9281032586800e-04;   -4444502
1.9283029905700e-04;   -4444502
1.9284862701900e-04;   -4444502
1.9286859625900e-04;   -4444502
1.9288692830700e-04;   -4444502
1.9290690142700e-04;   -4444502
1.9292522969800e-04;   -4444502
1.9294519900100e-04;   -4444502
1.9296519626000e-04;   -4444502
1.9298350440400e-04;   -4444502
1.9300349753000e-04;   -4444502
1.9302180568200e-04;   -4444502
1.9304179903200e-04;   -4444503
1.9306010312400e-04;   -4444503
1.9308010062900e-04;   -4444504
1.9309840873200e-04;   -4444504
1.9311840200200e-04;   -4444505
1.9313837137000e-04;   -4444505
1.9315670342400e-04;   -4444507
1.9317667280100e-04;   -4444507
1.9319500486800e-04;   -4444510
1.9321497844500e-04;   -4444510
1.9323330646900e-04;   -4444512
1.9325327594500e-04;   -4444512
1.9327160809800e-04;   -4444514
1.9329158140600e-04;   -4444514
1.9330990944800e-04;   -4444515
1.9332988274800e-04;   -4444515
1.9334821092600e-04;   -4444514
1.9336818032900e-04;   -4444514
1.9338817773300e-04;   -4444513
1.9340648575400e-04;   -4444513
1.9342647918600e-04;   -4444512
1.9344478320400e-04;   -4444512
1.9346478059100e-04;   -4444511
1.9348308862600e-04;   -4444511
1.9350308200000e-04;   -4444511
1.9352139000800e-04;   -4444511
1.9354138326100e-04;   -4444511
1.9356135271600e-04;   -4444511
1.9357968462600e-04;   -4444511
1.9359965805400e-04;   -4444511
1.9361798610500e-04;   -4444512
1.9363795542200e-04;   -4444512
1.9365628739100e-04;   -4444514
1.9367625674900e-04;   -4444514
1.9369458874200e-04;   -4444516
1.9371456205200e-04;   -4444516
1.9373289016200e-04;   -4444518
1.9375285931200e-04;   -4444518
1.9377285676300e-04;   -4444519
1.9379116469800e-04;   -4444519
1.9381115807000e-04;   -4444519
1.9382946621000e-04;   -4444519
1.9384945945600e-04;   -4444519
1.9386776333200e-04;   -4444519
1.9388776073100e-04;   -4444517
1.9390606872800e-04;   -4444517
1.9392606198900e-04;   -4444516
1.9394603146200e-04;   -4444516
1.9396436362500e-04;   -4444515
1.9398433684000e-04;   -4444515
1.9400266495800e-04;   -4444516
1.9402263838900e-04;   -4444516
1.9404096651000e-04;   -4444518
1.9406093588500e-04;   -4444518
1.9407926786900e-04;   -4444521
1.9409924138400e-04;   -4444521
1.9411756950900e-04;   -4444525
1.9413753893700e-04;   -4444525
1.9415753612500e-04;   -4444528
1.9417584023600e-04;   -4444528
1.9419583765700e-04;   -4444531
1.9421414556300e-04;   -4444531
1.9423413901800e-04;   -4444534
1.9425244305200e-04;   -4444534
1.9427244045300e-04;   -4444535
1.9429074837200e-04;   -4444535
1.9431074179700e-04;   -4444536
1.9432904991600e-04;   -4444536
1.9434904309400e-04;   -4444534
1.9436901247500e-04;   -4444534
1.9438734455800e-04;   -4444532
1.9440731805000e-04;   -4444532
1.9442564613800e-04;   -4444530
1.9444561557800e-04;   -4444530
1.9446394753300e-04;   -4444527
1.9448392098400e-04;   -4444527
1.9450224910200e-04;   -4444525
1.9452222242900e-04;   -4444525
1.9454055055900e-04;   -4444524
1.9456051993800e-04;   -4444524
1.9458051713900e-04;   -4444523
1.9459882520700e-04;   -4444523
1.9461881863600e-04;   -4444523
1.9463712249700e-04;   -4444523
1.9465711977500e-04;   -4444523
1.9467542387800e-04;   -4444523
1.9469542104200e-04;   -4444524
1.9471372911700e-04;   -4444524
1.9473372253900e-04;   -4444525
1.9475369180700e-04;   -4444525
1.9477202374900e-04;   -4444525
1.9479199714700e-04;   -4444525
1.9481032525400e-04;   -4444525
1.9483029849100e-04;   -4444525
1.9484862662900e-04;   -4444524
1.9486859615400e-04;   -4444524
1.9488692828900e-04;   -4444523
1.9490690160600e-04;   -4444523
1.9492522974400e-04;   -4444521
1.9494519916400e-04;   -4444521
1.9496519644200e-04;   -4444520
1.9498350457200e-04;   -4444520
1.9500349788400e-04;   -4444518
1.9502180591900e-04;   -4444518
1.9504179935000e-04;   -4444517
1.9506010328500e-04;   -4444517
1.9508010071700e-04;   -4444517
1.9509840876000e-04;   -4444517
1.9511840192900e-04;   -4444517
1.9513837112700e-04;   -4444517
1.9515670311900e-04;   -4444518
1.9517667259300e-04;   -4444518
1.9519500461400e-04;   -4444519
1.9521497790300e-04;   -4444519
1.9523330610000e-04;   -4444520
1.9525327543500e-04;   -4444520
1.9527160751100e-04;   -4444521
1.9529158075700e-04;   -4444521
1.9530990878300e-04;   -4444521
1.9532988218400e-04;   -4444521
1.9534821009600e-04;   -4444520
1.9536817919700e-04;   -4444520
1.9538817649300e-04;   -4444519
1.9540648464400e-04;   -4444519
1.9542647790000e-04;   -4444518
1.9544478188100e-04;   -4444518
1.9546477924100e-04;   -4444517
1.9548308727000e-04;   -4444517
1.9550308047800e-04;   -4444516
1.9552138865400e-04;   -4444516
1.9554138202900e-04;   -4444515
1.9556135147000e-04;   -4444515
1.9557968359800e-04;   -4444515
1.9559965704900e-04;   -4444515
1.9561798505400e-04;   -4444515
1.9563795432000e-04;   -4444515
1.9565628633100e-04;   -4444516
1.9567625583100e-04;   -4444516
1.9569458791000e-04;   -4444518
1.9571456132000e-04;   -4444518
1.9573288943900e-04;   -4444519
1.9575285871700e-04;   -4444519
1.9577285608600e-04;   -4444520
1.9579116436300e-04;   -4444520
1.9581115768200e-04;   -4444520
1.9582946575400e-04;   -4444520
1.9584945905900e-04;   -4444520
1.9586776305800e-04;   -4444520
1.9588776050200e-04;   -4444520
1.9590606875500e-04;   -4444520
1.9592606186200e-04;   -4444521
1.9594603111500e-04;   -4444521
1.9596436318900e-04;   -4444522
1.9598433651700e-04;   -4444522
1.9600266461500e-04;   -4444524
1.9602263793400e-04;   -4444524
1.9604096601000e-04;   -4444526
1.9606093532000e-04;   -4444526
1.9607926730600e-04;   -4444528
1.9609924057100e-04;   -4444528
1.9611756858100e-04;   -4444529
1.9613753796300e-04;   -4444529
1.9615753539400e-04;   -4444531
1.9617583945900e-04;   -4444531
1.9619583676900e-04;   -4444533
1.9621414476700e-04;   -4444533
1.9623413808500e-04;   -4444534
1.9625244225700e-04;   -4444534
1.9627243961800e-04;   -4444536
1.9629074775500e-04;   -4444536
1.9631074110900e-04;   -4444538
1.9632904917300e-04;   -4444538
1.9634904245000e-04;   -4444541
1.9636901185700e-04;   -4444541
1.9638734388800e-04;   -4444544
1.9640731728400e-04;   -4444544
1.9642564548100e-04;   -4444548
1.9644561482600e-04;   -4444548
1.9646394692500e-04;   -4444551
1.9648392027200e-04;   -4444551
1.9650224832500e-04;   -4444554
1.9652222167000e-04;   -4444554
1.9654054963000e-04;   -4444557
1.9656051889800e-04;   -4444557
1.9658051619800e-04;   -4444560
1.9659882451400e-04;   -4444560
1.9661881778400e-04;   -4444563
1.9663712181300e-04;   -4444563
1.9665711910200e-04;   -4444564
1.9667542336700e-04;   -4444564
1.9669542057700e-04;   -4444565
1.9671372870100e-04;   -4444565
1.9673372217700e-04;   -4444565
1.9675369158800e-04;   -4444565
1.9677202354900e-04;   -4444564
1.9679199680100e-04;   -4444564
1.9681032498500e-04;   -4444563
1.9683029841600e-04;   -4444563
1.9684862634500e-04;   -4444561
1.9686859574900e-04;   -4444561
1.9688692794000e-04;   -4444561
1.9690690131600e-04;   -4444561
1.9692522943100e-04;   -4444561
1.9694519880600e-04;   -4444561
1.9696519618100e-04;   -4444561
1.9698350427200e-04;   -4444561
1.9700349758200e-04;   -4444562
1.9702180571700e-04;   -4444562
1.9704179908200e-04;   -4444562
1.9706010325900e-04;   -4444562
1.9708010063600e-04;   -4444562
1.9709840874900e-04;   -4444562
1.9711840201700e-04;   -4444562
1.9713837130500e-04;   -4444562
1.9715670334100e-04;   -4444561
1.9717667269800e-04;   -4444561
1.9719500471400e-04;   -4444561
1.9721497811900e-04;   -4444561
1.9723330620400e-04;   -4444560
1.9725327565600e-04;   -4444560
1.9727160777600e-04;   -4444558
1.9729158108000e-04;   -4444558
1.9730990922000e-04;   -4444555
1.9732988264000e-04;   -4444555
1.9734821077100e-04;   -4444551
1.9736817999100e-04;   -4444551
1.9738817739000e-04;   -4444547
1.9740648551300e-04;   -4444547
1.9742647884900e-04;   -4444543
1.9744478296700e-04;   -4444543
1.9746478027500e-04;   -4444539
1.9748308841100e-04;   -4444539
1.9750308179200e-04;   -4444536
1.9752138984800e-04;   -4444536
1.9754138324100e-04;   -4444533
1.9756135238000e-04;   -4444533
1.9757968461700e-04;   -4444530
1.9759965786700e-04;   -4444530
1.9761798611400e-04;   -4444528
1.9763795533000e-04;   -4444528
1.9765628732400e-04;   -4444528
1.9767625689400e-04;   -4444528
1.9769458891600e-04;   -4444527
1.9771456234500e-04;   -4444527
1.9773289047800e-04;   -4444527
1.9775285987800e-04;   -4444527
1.9777285736300e-04;   -4444527
1.9779116567800e-04;   -4444527
1.9781115887700e-04;   -4444526
1.9782946705100e-04;   -4444526
1.9784946032800e-04;   -4444524
1.9786776444500e-04;   -4444524
1.9788776179300e-04;   -4444521
1.9790606992100e-04;   -4444521
1.9792606323300e-04;   -4444517
1.9794603251300e-04;   -4444517
1.9796436433600e-04;   -4444513
1.9798433772900e-04;   -4444513
1.9800266582000e-04;   -4444509
1.9802263917200e-04;   -4444509
1.9804096707200e-04;   -4444506
1.9806093640400e-04;   -4444506
1.9807926841900e-04;   -4444504
1.9809924180200e-04;   -4444504
1.9811756980900e-04;   -4444503
1.9813753925900e-04;   -4444503
1.9815753659200e-04;   -4444503
1.9817584071500e-04;   -4444503
1.9819583799900e-04;   -4444504
1.9821414622900e-04;   -4444504
1.9823413947000e-04;   -4444506
1.9825244345100e-04;   -4444506
1.9827244087500e-04;   -4444507
1.9829074890900e-04;   -4444507
1.9831074228600e-04;   -4444508
1.9832905037500e-04;   -4444508
1.9834904363900e-04;   -4444508
1.9836901285700e-04;   -4444508
1.9838734500800e-04;   -4444507
1.9840731830700e-04;   -4444507
1.9842564642700e-04;   -4444507
1.9844561584600e-04;   -4444507
1.9846394782400e-04;   -4444507
1.9848392120200e-04;   -4444507
1.9850224927200e-04;   -4444507
1.9852222250700e-04;   -4444507
1.9854055050100e-04;   -4444508
1.9856051993300e-04;   -4444508
1.9858051724800e-04;   -4444509
1.9859882543800e-04;   -4444509
1.9861881857900e-04;   -4444511
1.9863712262300e-04;   -4444511
1.9865712012800e-04;   -4444513
1.9867542428300e-04;   -4444513
1.9869542153500e-04;   -4444515
1.9871372947400e-04;   -4444515
1.9873372296900e-04;   -4444518
1.9875369211600e-04;   -4444518
1.9877202420800e-04;   -4444519
1.9879199779600e-04;   -4444519
1.9881032594000e-04;   -4444521
1.9883029910200e-04;   -4444521
1.9884862711600e-04;   -4444522
1.9886859636300e-04;   -4444522
1.9888692857400e-04;   -4444523
1.9890690175800e-04;   -4444523
1.9892523003700e-04;   -4444525
1.9894519915900e-04;   -4444525
1.9896519653500e-04;   -4444526
1.9898350468300e-04;   -4444526
1.9900349810300e-04;   -4444527
1.9902180622400e-04;   -4444527
1.9904179954800e-04;   -4444526
1.9906010361400e-04;   -4444526
1.9908010097800e-04;   -4444525
1.9909840903400e-04;   -4444525
1.9911840239000e-04;   -4444524
1.9913837182200e-04;   -4444524
1.9915670385800e-04;   -4444523
1.9917667323600e-04;   -4444523
1.9919500535900e-04;   -4444522
1.9921497867700e-04;   -4444522
1.9923330665200e-04;   -4444522
1.9925327608200e-04;   -4444522
1.9927160803100e-04;   -4444521
1.9929158141200e-04;   -4444521
1.9930990941500e-04;   -4444520
1.9932988281600e-04;   -4444520
1.9934821084600e-04;   -4444518
1.9936818022900e-04;   -4444518
1.9938817750400e-04;   -4444515
1.9940648561400e-04;   -4444515
1.9942647889700e-04;   -4444514
1.9944478292200e-04;   -4444514
1.9946478040100e-04;   -4444512
1.9948308840600e-04;   -4444512
1.9950308185300e-04;   -4444511
1.9952138989000e-04;   -4444511
1.9954138322800e-04;   -4444511
1.9956135273900e-04;   -4444511
1.9957968484300e-04;   -4444512
1.9959965809100e-04;   -4444512
1.9961798620500e-04;   -4444513
1.9963795562800e-04;   -4444513
1.9965628764300e-04;   -4444514
1.9967625714100e-04;   -4444514
1.9969458913000e-04;   -4444517
1.9971456243700e-04;   -4444517
1.9973289053700e-04;   -4444519
1.9975285980300e-04;   -4444519
1.9977285721000e-04;   -4444520
1.9979116538100e-04;   -4444520
1.9981115860500e-04;   -4444521
1.9982946668700e-04;   -4444521
1.9984946015600e-04;   -4444521
1.9986776411100e-04;   -4444521
1.9988776151600e-04;   -4444521
1.9990606964200e-04;   -4444521
1.9992606280300e-04;   -4444523
1.9994603217300e-04;   -4444523
1.9996436415200e-04;   -4444524
1.9998433756000e-04;   -4444524
2.0000266550400e-04;   -4444526
2.0002263889100e-04;   -4444526
2.0004096704700e-04;   -4444528
2.0006093641200e-04;   -4444528
2.0007926844300e-04;   -4444530
2.0009924184600e-04;   -4444530
2.0011756997100e-04;   -4444532
2.0013753934600e-04;   -4444532
2.0015753660800e-04;   -4444534
2.0017584081000e-04;   -4444534
2.0019583815400e-04;   -4444535
2.0021414635400e-04;   -4444535
2.0023413967500e-04;   -4444537
2.0025244373500e-04;   -4444537
2.0027244101400e-04;   -4444537
2.0029074924800e-04;   -4444537
2.0031074253000e-04;   -4444537
2.0032905045800e-04;   -4444537
2.0034904391400e-04;   -4444535
2.0036901334300e-04;   -4444535
2.0038734538100e-04;   -4444532
2.0040731870200e-04;   -4444532
2.0042564678700e-04;   -4444529
2.0044561608400e-04;   -4444529
2.0046394828500e-04;   -4444527
2.0048392161300e-04;   -4444527
2.0050224957800e-04;   -4444525
2.0052222287600e-04;   -4444525
2.0054055100700e-04;   -4444524
2.0056052034600e-04;   -4444524
2.0058051773000e-04;   -4444523
2.0059882573900e-04;   -4444523
2.0061881908200e-04;   -4444523
2.0063712312700e-04;   -4444523
2.0065712046700e-04;   -4444524
2.0067542457000e-04;   -4444524
2.0069542190700e-04;   -4444525
2.0071372975900e-04;   -4444525
2.0073372314800e-04;   -4444526
2.0075369246200e-04;   -4444526
2.0077202452500e-04;   -4444526
2.0079199787700e-04;   -4444526
2.0081032611100e-04;   -4444527
2.0083029956900e-04;   -4444527
2.0084862764100e-04;   -4444528
2.0086859702500e-04;   -4444528
2.0088692900900e-04;   -4444531
2.0090690232400e-04;   -4444531
2.0092523041500e-04;   -4444534
2.0094519983200e-04;   -4444534
2.0096519720300e-04;   -4444537
2.0098350531600e-04;   -4444537
2.0100349868400e-04;   -4444541
2.0102180657700e-04;   -4444541
2.0104179979300e-04;   -4444544
2.0106010402800e-04;   -4444544
2.0108010132900e-04;   -4444546
2.0109840927900e-04;   -4444546
2.0111840254400e-04;   -4444548
2.0113837186900e-04;   -4444548
2.0115670393900e-04;   -4444550
2.0117667346600e-04;   -4444550
2.0119500545700e-04;   -4444552
2.0121497892600e-04;   -4444552
2.0123330701300e-04;   -4444552
2.0125327635500e-04;   -4444552
2.0127160847500e-04;   -4444551
2.0129158177900e-04;   -4444551
2.0130990993400e-04;   -4444550
2.0132988335400e-04;   -4444550
2.0134821131900e-04;   -4444547
2.0136818073300e-04;   -4444547
2.0138817805800e-04;   -4444542
2.0140648611500e-04;   -4444542
2.0142647939600e-04;   -4444536
2.0144478357500e-04;   -4444536
2.0146478087300e-04;   -4444530
2.0148308887800e-04;   -4444530
2.0150308230100e-04;   -4444525
2.0152139056000e-04;   -4444525
2.0154138377100e-04;   -4444520
2.0156135305000e-04;   -4444520
2.0157968515400e-04;   -4444516
2.0159965841400e-04;   -4444516
2.0161798657600e-04;   -4444514
2.0163795601300e-04;   -4444514
2.0165628790800e-04;   -4444513
2.0167625720800e-04;   -4444513
2.0169458933900e-04;   -4444513
2.0171456267900e-04;   -4444513
2.0173289071500e-04;   -4444514
2.0175286009200e-04;   -4444514
2.0177285741000e-04;   -4444514
2.0179116544200e-04;   -4444514
2.0181115881000e-04;   -4444514
2.0182946691300e-04;   -4444514
2.0184946036400e-04;   -4444514
2.0186776435300e-04;   -4444514
2.0188776182700e-04;   -4444515
2.0190606998300e-04;   -4444515
2.0192606334300e-04;   -4444517
2.0194603257700e-04;   -4444517
2.0196436448400e-04;   -4444519
2.0198433783500e-04;   -4444519
2.0200266587400e-04;   -4444524
2.0202263925400e-04;   -4444524
2.0204096733900e-04;   -4444528
2.0206093654400e-04;   -4444528
2.0207926833100e-04;   -4444534
2.0209924184200e-04;   -4444534
2.0211756994700e-04;   -4444538
2.0213753933700e-04;   -4444538
2.0215753671400e-04;   -4444543
2.0217584090100e-04;   -4444543
2.0219583844400e-04;   -4444547
2.0221414637900e-04;   -4444547
2.0223413978600e-04;   -4444550
2.0225244381800e-04;   -4444550
2.0227244128800e-04;   -4444551
2.0229074943400e-04;   -4444551
2.0231074291900e-04;   -4444551
2.0232905105700e-04;   -4444551
2.0234904454200e-04;   -4444550
2.0236901374500e-04;   -4444550
2.0238734582200e-04;   -4444548
2.0240731920800e-04;   -4444548
2.0242564728800e-04;   -4444547
2.0244561678900e-04;   -4444547
2.0246394894800e-04;   -4444547
2.0248392225600e-04;   -4444547
2.0250225036000e-04;   -4444546
2.0252222371900e-04;   -4444546
2.0254055170300e-04;   -4444543
2.0256052100400e-04;   -4444543
2.0258051838300e-04;   -4444541
2.0259882666500e-04;   -4444541
2.0261881997300e-04;   -4444538
2.0263712398600e-04;   -4444538
2.0265712141100e-04;   -4444536
2.0267542542200e-04;   -4444536
2.0269542267900e-04;   -4444534
2.0271373090700e-04;   -4444534
2.0273372415600e-04;   -4444533
2.0275369359400e-04;   -4444533
2.0277202563700e-04;   -4444531
2.0279199892500e-04;   -4444531
2.0281032694700e-04;   -4444529
2.0283030037300e-04;   -4444529
2.0284862847500e-04;   -4444526
2.0286859793000e-04;   -4444526
2.0288692990700e-04;   -4444522
2.0290690317200e-04;   -4444522
2.0292523134900e-04;   -4444517
2.0294520063700e-04;   -4444517
2.0296519820800e-04;   -4444513
2.0298350617700e-04;   -4444513
2.0300349946600e-04;   -4444508
2.0302180760800e-04;   -4444508
2.0304180102000e-04;   -4444503
2.0306010506500e-04;   -4444503
2.0308010251400e-04;   -4444498
2.0309841053500e-04;   -4444498
2.0311840386000e-04;   -4444495
2.0313837307700e-04;   -4444495
2.0315670524400e-04;   -4444493
2.0317667456600e-04;   -4444493
2.0319500668600e-04;   -4444492
2.0321497993000e-04;   -4444492
2.0323330804400e-04;   -4444493
2.0325327726800e-04;   -4444493
2.0327160950100e-04;   -4444493
2.0329158274400e-04;   -4444493
2.0330991083300e-04;   -4444494
2.0332988423400e-04;   -4444494
2.0334821226600e-04;   -4444494
2.0336818164600e-04;   -4444494
2.0338817902800e-04;   -4444493
2.0340648714600e-04;   -4444493
2.0342648056100e-04;   -4444492
2.0344478454900e-04;   -4444492
2.0346478188700e-04;   -4444490
2.0348308988100e-04;   -4444490
2.0350308320000e-04;   -4444488
2.0352139125500e-04;   -4444488
2.0354138480200e-04;   -4444485
2.0356135406900e-04;   -4444485
2.0357968623400e-04;   -4444483
2.0359965962300e-04;   -4444483
2.0361798773800e-04;   -4444482
2.0363795713300e-04;   -4444482
2.0365628921000e-04;   -4444482
2.0367625858600e-04;   -4444482
2.0369459060500e-04;   -4444483
2.0371456383000e-04;   -4444483
2.0373289180300e-04;   -4444485
2.0375286090900e-04;   -4444485
2.0377285825300e-04;   -4444487
2.0379116619800e-04;   -4444487
2.0381115941800e-04;   -4444489
2.0382946747100e-04;   -4444489
2.0384946092000e-04;   -4444489
2.0386776498100e-04;   -4444489
2.0388776237400e-04;   -4444489
2.0390607041500e-04;   -4444489
2.0392606380300e-04;   -4444489
2.0394603308400e-04;   -4444489
2.0396436507900e-04;   -4444488
2.0398433842600e-04;   -4444488
2.0400266659300e-04;   -4444487
2.0402264014300e-04;   -4444487
2.0404096826700e-04;   -4444487
2.0406093740100e-04;   -4444487
2.0407926942000e-04;   -4444487
2.0409924292000e-04;   -4444487
2.0411757090800e-04;   -4444489
2.0413754035000e-04;   -4444489
2.0415753771600e-04;   -4444492
2.0417584172400e-04;   -4444492
2.0419583915000e-04;   -4444495
2.0421414717200e-04;   -4444495
2.0423414030000e-04;   -4444498
2.0425244436100e-04;   -4444498
2.0427244172300e-04;   -4444501
2.0429074984600e-04;   -4444501
2.0431074332500e-04;   -4444504
2.0432905134700e-04;   -4444504
2.0434904461800e-04;   -4444505
2.0436901409600e-04;   -4444505
2.0438734614600e-04;   -4444504
2.0440731954200e-04;   -4444504
2.0442564766000e-04;   -4444503
2.0444561701000e-04;   -4444503
2.0446394891700e-04;   -4444501
2.0448392226300e-04;   -4444501
2.0450225043700e-04;   -4444499
2.0452222362000e-04;   -4444499
2.0454055180500e-04;   -4444498
2.0456052135500e-04;   -4444498
2.0458051873800e-04;   -4444498
2.0459882683600e-04;   -4444498
2.0461882023500e-04;   -4444498
2.0463712432700e-04;   -4444498
2.0465712179800e-04;   -4444500
2.0467542585700e-04;   -4444500
2.0469542298700e-04;   -4444502
2.0471373102600e-04;   -4444502
2.0473372441600e-04;   -4444504
2.0475369376500e-04;   -4444504
2.0477202584500e-04;   -4444507
2.0479199924800e-04;   -4444507
2.0481032742400e-04;   -4444508
2.0483030070100e-04;   -4444508
2.0484862887000e-04;   -4444509
2.0486859810800e-04;   -4444509
2.0488693018100e-04;   -4444508
2.0490690338100e-04;   -4444508
2.0492523147700e-04;   -4444506
2.0494520089500e-04;   -4444506
2.0496519824400e-04;   -4444503
2.0498350233900e-04;   -4444503
2.0500349973000e-04;   -4444501
2.0502180779500e-04;   -4444501
2.0504180112300e-04;   -4444500
2.0506010506900e-04;   -4444500
2.0508010257700e-04;   -4444498
2.0509841071200e-04;   -4444498
2.0511840411800e-04;   -4444497
2.0513837338200e-04;   -4444497
2.0515670557000e-04;   -4444496
2.0517667492900e-04;   -4444496
2.0519500679200e-04;   -4444495
2.0521498013800e-04;   -4444495
2.0523330837100e-04;   -4444495
2.0525327771200e-04;   -4444495
2.0527160971800e-04;   -4444495
2.0529158303100e-04;   -4444495
2.0530991115000e-04;   -4444495
2.0532988461100e-04;   -4444495
2.0534821269600e-04;   -4444494
2.0536818194100e-04;   -4444494
2.0538817936000e-04;   -4444493
2.0540648744900e-04;   -4444493
2.0542648081300e-04;   -4444491
2.0544478482000e-04;   -4444491
2.0546478232300e-04;   -4444489
2.0548308648500e-04;   -4444489
2.0550308396600e-04;   -4444488
2.0552139202400e-04;   -4444488
2.0554138535000e-04;   -4444487
2.0556135458700e-04;   -4444487
2.0557968667700e-04;   -4444486
2.0559965980500e-04;   -4444486
2.0561798792500e-04;   -4444486
2.0563795726600e-04;   -4444486
2.0565628935200e-04;   -4444486
2.0567625879000e-04;   -4444486
2.0569459079600e-04;   -4444487
2.0571456416900e-04;   -4444487
2.0573289248400e-04;   -4444487
2.0575286175200e-04;   -4444487
2.0577285905400e-04;   -4444489
2.0579116712900e-04;   -4444489
2.0581116045200e-04;   -4444489
2.0582946858500e-04;   -4444489
2.0584946196100e-04;   -4444490
2.0586776593900e-04;   -4444490
2.0588776310400e-04;   -4444489
2.0590607111300e-04;   -4444489
2.0592606437400e-04;   -4444487
2.0594603370500e-04;   -4444487
2.0596436564800e-04;   -4444486
2.0598433908400e-04;   -4444486
2.0600266717300e-04;   -4444484
2.0602264068300e-04;   -4444484
2.0604096871100e-04;   -4444482
2.0606093802100e-04;   -4444482
2.0607927023800e-04;   -4444480
2.0609924354800e-04;   -4444480
2.0611757169600e-04;   -4444480
2.0613754105900e-04;   -4444480
2.0615753841000e-04;   -4444480
2.0617584240900e-04;   -4444480
2.0619583994500e-04;   -4444481
2.0621414788000e-04;   -4444481
2.0623414124100e-04;   -4444483
2.0625244527700e-04;   -4444483
2.0627244271500e-04;   -4444486
2.0629075054600e-04;   -4444486
2.0631074398600e-04;   -4444488
2.0632905195600e-04;   -4444488
2.0634904513300e-04;   -4444489
2.0636901465200e-04;   -4444489
2.0638734673500e-04;   -4444489
2.0640732000700e-04;   -4444489
2.0642564792000e-04;   -4444488
2.0644561732900e-04;   -4444488
2.0646394937400e-04;   -4444488
2.0648392277300e-04;   -4444488
2.0650225103700e-04;   -4444486
2.0652222441800e-04;   -4444486
2.0654055253400e-04;   -4444484
2.0656052185500e-04;   -4444484
2.0658051918200e-04;   -4444483
2.0659882731700e-04;   -4444483
2.0661882054000e-04;   -4444482
2.0663712461400e-04;   -4444482
2.0665712193200e-04;   -4444482
2.0667542616500e-04;   -4444482
2.0669542351400e-04;   -4444483
2.0671373151000e-04;   -4444483
2.0673372481500e-04;   -4444485
2.0675369419200e-04;   -4444485
2.0677202621900e-04;   -4444487
2.0679199952800e-04;   -4444487
2.0681032765800e-04;   -4444489
2.0683030095200e-04;   -4444489
2.0684862901100e-04;   -4444490
2.0686859834700e-04;   -4444490
2.0688693030400e-04;   -4444490
2.0690690364700e-04;   -4444490
2.0692523164500e-04;   -4444490
2.0694520106500e-04;   -4444490
2.0696519853000e-04;   -4444489
2.0698350660600e-04;   -4444489
2.0700349993600e-04;   -4444488
2.0702180803100e-04;   -4444488
2.0704180135600e-04;   -4444488
2.0706010545900e-04;   -4444488
2.0708010282600e-04;   -4444489
2.0709841089900e-04;   -4444489
2.0711840429500e-04;   -4444490
2.0713837351600e-04;   -4444490
2.0715670552900e-04;   -4444493
2.0717667503800e-04;   -4444493
2.0719500705900e-04;   -4444496
2.0721498024300e-04;   -4444496
2.0723330839100e-04;   -4444500
2.0725327784200e-04;   -4444500
2.0727160986800e-04;   -4444503
2.0729158330800e-04;   -4444503
2.0730991149100e-04;   -4444505
2.0732988489500e-04;   -4444505
2.0734821281400e-04;   -4444507
2.0736818218600e-04;   -4444507
2.0738817960500e-04;   -4444508
2.0740648763900e-04;   -4444508
2.0742648085300e-04;   -4444509
2.0744478487000e-04;   -4444509
2.0746478222000e-04;   -4444510
2.0748309028600e-04;   -4444510
2.0750308365800e-04;   -4444511
2.0752139172600e-04;   -4444511
2.0754138504300e-04;   -4444512
2.0756135453800e-04;   -4444512
2.0757968666900e-04;   -4444513
2.0759965994000e-04;   -4444513
2.0761798809300e-04;   -4444514
2.0763795743500e-04;   -4444514
2.0765628937600e-04;   -4444516
2.0767625879600e-04;   -4444516
2.0769459096000e-04;   -4444519
2.0771456437700e-04;   -4444519
2.0773289242300e-04;   -4444521
2.0775286177000e-04;   -4444521
2.0777285918800e-04;   -4444522
2.0779116715400e-04;   -4444522
2.0781116045500e-04;   -4444523
2.0782946853200e-04;   -4444523
2.0784946187700e-04;   -4444522
2.0786776598500e-04;   -4444522
2.0788776337400e-04;   -4444520
2.0790607144700e-04;   -4444520
2.0792606488600e-04;   -4444517
2.0794603389700e-04;   -4444517
2.0796436607600e-04;   -4444514
2.0798433550700e-04;   -4444514
2.0800266769400e-04;   -4444510
2.0802264116300e-04;   -4444510
2.0804096921800e-04;   -4444505
2.0806093877200e-04;   -4444505
2.0807927074700e-04;   -4444501
2.0809924410700e-04;   -4444501
2.0811757210000e-04;   -4444496
2.0813754162800e-04;   -4444496
2.0815753902900e-04;   -4444491
2.0817584310500e-04;   -4444491
2.0819584059900e-04;   -4444488
2.0821414870800e-04;   -4444488
2.0823414193300e-04;   -4444486
2.0825244598500e-04;   -4444486
2.0827244338200e-04;   -4444485
2.0829075145600e-04;   -4444485
2.0831074481500e-04;   -4444484
2.0832905283800e-04;   -4444484
2.0834904596000e-04;   -4444483
2.0836901528500e-04;   -4444483
2.0838734740000e-04;   -4444481
2.0840732070900e-04;   -4444481
2.0842564865700e-04;   -4444480
2.0844561804100e-04;   -4444480
2.0846395008000e-04;   -4444478
2.0848391941100e-04;   -4444478
2.0850225147200e-04;   -4444477
2.0852222482000e-04;   -4444477
2.0854055305900e-04;   -4444475
2.0856052263000e-04;   -4444475
2.0858052007400e-04;   -4444473
2.0859882815300e-04;   -4444473
2.0861882161300e-04;   -4444471
2.0863712558400e-04;   -4444471
2.0865712289100e-04;   -4444470
2.0867542685600e-04;   -4444470
2.0869542418900e-04;   -4444469
2.0871373231300e-04;   -4444469
2.0873372577200e-04;   -4444469
2.0875369514300e-04;   -4444469
2.0877202727000e-04;   -4444470
2.0879200048200e-04;   -4444470
2.0881032852200e-04;   -4444471
2.0883030184600e-04;   -4444471
2.0884862993800e-04;   -4444472
2.0886859921200e-04;   -4444472
2.0888693124000e-04;   -4444472
2.0890690454200e-04;   -4444472
2.0892523257000e-04;   -4444471
2.0894520177900e-04;   -4444471
2.0896519914300e-04;   -4444469
2.0898350700000e-04;   -4444469
2.0900350042600e-04;   -4444466
2.0902180866000e-04;   -4444466
2.0904180206400e-04;   -4444463
2.0906010593400e-04;   -4444463
2.0908010337100e-04;   -4444460
2.0909841150200e-04;   -4444460
2.0911840481000e-04;   -4444459
2.0913837417000e-04;   -4444459
2.0915670607200e-04;   -4444459
2.0917667537800e-04;   -4444459
2.0919500757800e-04;   -4444460
2.0921498107000e-04;   -4444460
2.0923330909100e-04;   -4444463
2.0925327849800e-04;   -4444463
2.0927161044300e-04;   -4444466
2.0929158374800e-04;   -4444466
2.0930991168300e-04;   -4444469
2.0932988508500e-04;   -4444469
2.0934821307200e-04;   -4444472
2.0936818249300e-04;   -4444472
2.0938817987200e-04;   -4444474
2.0940648795000e-04;   -4444474
2.0942648131700e-04;   -4444475
2.0944478538900e-04;   -4444475
2.0946478274900e-04;   -4444475
2.0948308691200e-04;   -4444475
2.0950308423100e-04;   -4444476
2.0952139225500e-04;   -4444476
2.0954138559400e-04;   -4444478
2.0956135502700e-04;   -4444478
2.0957968714000e-04;   -4444479
2.0959966050500e-04;   -4444479
2.0961798840500e-04;   -4444480
2.0963795769900e-04;   -4444480
2.0965628972700e-04;   -4444482
2.0967625909500e-04;   -4444482
2.0969459093500e-04;   -4444483
2.0971456435300e-04;   -4444483
2.0973289255800e-04;   -4444485
2.0975286193900e-04;   -4444485
2.0977285925300e-04;   -4444487
2.0979116742700e-04;   -4444487
2.0981116075400e-04;   -4444489
2.0982946883800e-04;   -4444489
2.0984946217500e-04;   -4444489
2.0986776623800e-04;   -4444489
2.0988776360000e-04;   -4444489
2.0990607174100e-04;   -4444489
2.0992606517500e-04;   -4444488
2.0994603446800e-04;   -4444488
2.0996436648200e-04;   -4444487
2.0998433972000e-04;   -4444487
2.1000266747700e-04;   -4444485
2.1002264102000e-04;   -4444485
2.1004096905900e-04;   -4444483
2.1006093831400e-04;   -4444483
2.1007927037900e-04;   -4444482
2.1009924377600e-04;   -4444482
2.1011757176500e-04;   -4444481
2.1013754112700e-04;   -4444481
2.1015753859600e-04;   -4444481
2.1017584270700e-04;   -4444481
2.1019583992000e-04;   -4444483
2.1021414803300e-04;   -4444483
2.1023414135200e-04;   -4444485
2.1025244543900e-04;   -4444485
2.1027244270900e-04;   -4444487
2.1029075075900e-04;   -4444487
2.1031074440800e-04;   -4444489
2.1032905255100e-04;   -4444489
2.1034904582800e-04;   -4444491
2.1036901526100e-04;   -4444491
2.1038734728000e-04;   -4444491
2.1040732055300e-04;   -4444491
2.1042564857900e-04;   -4444490
2.1044561781600e-04;   -4444490
2.1046394990500e-04;   -4444490
2.1048391923200e-04;   -4444490
2.1050225131600e-04;   -4444488
2.1052222464200e-04;   -4444488
2.1054055261900e-04;   -4444486
2.1056052198700e-04;   -4444486
2.1058051944700e-04;   -4444484
2.1059882746300e-04;   -4444484
2.1061882084700e-04;   -4444481
2.1063712496100e-04;   -4444481
2.1065712235800e-04;   -4444479
2.1067542634400e-04;   -4444479
2.1069542375400e-04;   -4444478
2.1071373186300e-04;   -4444478
2.1073372522900e-04;   -4444477
2.1075369450700e-04;   -4444477
2.1077202651600e-04;   -4444477
2.1079199992700e-04;   -4444477
2.1081032794700e-04;   -4444478
2.1083030129300e-04;   -4444478
2.1084862929800e-04;   -4444478
2.1086859864600e-04;   -4444478
2.1088693063300e-04;   -4444477
2.1090690398300e-04;   -4444477
2.1092523205800e-04;   -4444477
2.1094520131500e-04;   -4444477
2.1096519864000e-04;   -4444476
2.1098350679400e-04;   -4444476
2.1100350013200e-04;   -4444475
2.1102180812600e-04;   -4444475
2.1104180137000e-04;   -4444474
2.1106010568700e-04;   -4444474
2.1108010308300e-04;   -4444473
2.1109841123600e-04;   -4444473
2.1111840439000e-04;   -4444473
2.1113837382600e-04;   -4444473
2.1115670580200e-04;   -4444475
2.1117667523200e-04;   -4444475
2.1119500721300e-04;   -4444477
2.1121498051300e-04;   -4444477
2.1123330864800e-04;   -4444480
2.1125327806600e-04;   -4444480
2.1127161019600e-04;   -4444483
2.1129158359600e-04;   -4444483
2.1130991156300e-04;   -4444486
2.1132988482700e-04;   -4444486
2.1134821277300e-04;   -4444488
2.1136818214800e-04;   -4444488
2.1138817943300e-04;   -4444488
2.1140648751100e-04;   -4444488
2.1142648087900e-04;   -4444488
2.1144478508100e-04;   -4444488
2.1146478236600e-04;   -4444488
2.1148308658200e-04;   -4444488
2.1150308386600e-04;   -4444488
2.1152139199800e-04;   -4444488
2.1154138537900e-04;   -4444488
2.1156135460400e-04;   -4444488
2.1157968673800e-04;   -4444488
2.1159966022000e-04;   -4444488
2.1161798820500e-04;   -4444488
2.1163795721000e-04;   -4444488
2.1165628930000e-04;   -4444489
2.1167625864700e-04;   -4444489
2.1169459059800e-04;   -4444490
2.1171456399400e-04;   -4444490
2.1173289192700e-04;   -4444491
2.1175286126100e-04;   -4444491
2.1177285867900e-04;   -4444492
2.1179116683900e-04;   -4444492
2.1181116020200e-04;   -4444493
2.1182946815800e-04;   -4444493
2.1184946141900e-04;   -4444493
2.1186776547800e-04;   -4444493
2.1188776270000e-04;   -4444492
2.1190607087900e-04;   -4444492
2.1192606432600e-04;   -4444491
2.1194603347500e-04;   -4444491
2.1196436560800e-04;   -4444490
2.1198433888600e-04;   -4444490
2.1200266685400e-04;   -4444488
2.1202264035000e-04;   -4444488
2.1204096847900e-04;   -4444485
2.1206093782900e-04;   -4444485
2.1207926974500e-04;   -4444484
2.1209924296100e-04;   -4444484
2.1211757119200e-04;   -4444483
2.1213754051400e-04;   -4444483
2.1215753765900e-04;   -4444483
2.1217584168200e-04;   -4444483
2.1219583899600e-04;   -4444484
2.1221414709700e-04;   -4444484
2.1223414040500e-04;   -4444486
2.1225244444500e-04;   -4444486
2.1227244156100e-04;   -4444489
2.1229074973200e-04;   -4444489
2.1231074304700e-04;   -4444491
2.1232905103900e-04;   -4444491
2.1234904442100e-04;   -4444492
2.1236901379900e-04;   -4444492
2.1238734576900e-04;   -4444492
2.1240731897100e-04;   -4444492
2.1242564712300e-04;   -4444491
2.1244561639800e-04;   -4444491
2.1246394833600e-04;   -4444491
2.1248392188800e-04;   -4444491
2.1250224984900e-04;   -4444489
2.1252222328300e-04;   -4444489
2.1254055130000e-04;   -4444487
2.1256052068200e-04;   -4444487
2.1258051800200e-04;   -4444486
2.1259882615200e-04;   -4444486
2.1261881950400e-04;   -4444485
2.1263712362800e-04;   -4444485
2.1265712092400e-04;   -4444485
2.1267542501800e-04;   -4444485
2.1269542233000e-04;   -4444486
2.1271373027000e-04;   -4444486
2.1273372375300e-04;   -4444488
2.1275369305800e-04;   -4444488
2.1277202507200e-04;   -4444490
2.1279199830500e-04;   -4444490
2.1281032630100e-04;   -4444492
2.1283029967600e-04;   -4444492
2.1284862766500e-04;   -4444493
2.1286859709600e-04;   -4444493
2.1288692925100e-04;   -4444493
2.1290690257500e-04;   -4444493
2.1292523062500e-04;   -4444493
2.1294520011200e-04;   -4444493
2.1296519752400e-04;   -4444492
2.1298350551000e-04;   -4444492
2.1300349882700e-04;   -4444491
2.1302180686400e-04;   -4444491
2.1304180021000e-04;   -4444491
2.1306010436300e-04;   -4444491
2.1308010179500e-04;   -4444492
2.1309840983100e-04;   -4444492
2.1311840306500e-04;   -4444493
2.1313837253600e-04;   -4444493
2.1315670474600e-04;   -4444496
2.1317667390100e-04;   -4444496
2.1319500594100e-04;   -4444499
2.1321497930700e-04;   -4444499
2.1323330728600e-04;   -4444503
2.1325327664600e-04;   -4444503
2.1327160845800e-04;   -4444506
2.1329158182700e-04;   -4444506
2.1330990998600e-04;   -4444508
2.1332988337100e-04;   -4444508
2.1334821145000e-04;   -4444509
2.1336818071200e-04;   -4444509
2.1338817813900e-04;   -4444509
2.1340648617500e-04;   -4444509
2.1342647942200e-04;   -4444507
2.1344478345600e-04;   -4444507
2.1346478094300e-04;   -4444505
2.1348308890500e-04;   -4444505
2.1350308233800e-04;   -4444504
2.1352139047800e-04;   -4444504
2.1354138373900e-04;   -4444502
2.1356135312800e-04;   -4444502
2.1357968532100e-04;   -4444502
2.1359965869800e-04;   -4444502
2.1361798657800e-04;   -4444503
2.1363795597600e-04;   -4444503
2.1365628806100e-04;   -4444504
2.1367625744700e-04;   -4444504
2.1369458944200e-04;   -4444506
2.1371456267700e-04;   -4444506
2.1373289061600e-04;   -4444509
2.1375286017400e-04;   -4444509
2.1377285745000e-04;   -4444511
2.1379116540400e-04;   -4444511
2.1381115896200e-04;   -4444513
2.1382946709500e-04;   -4444513
2.1384946053600e-04;   -4444514
2.1386776456200e-04;   -4444514
2.1388776191400e-04;   -4444516
2.1390607008000e-04;   -4444516
2.1392606351300e-04;   -4444518
2.1394603283100e-04;   -4444518
2.1396436498300e-04;   -4444521
2.1398433843400e-04;   -4444521
2.1400266663100e-04;   -4444524
2.1402263998200e-04;   -4444524
2.1404096810500e-04;   -4444527
2.1406093747500e-04;   -4444527
2.1407926959600e-04;   -4444530
2.1409924289900e-04;   -4444530
2.1411757091100e-04;   -4444533
2.1413754032000e-04;   -4444533
2.1415753768300e-04;   -4444535
2.1417584190400e-04;   -4444535
2.1419583936100e-04;   -4444538
2.1421414743200e-04;   -4444538
2.1423414063900e-04;   -4444540
2.1425244485100e-04;   -4444540
2.1427244216800e-04;   -4444541
2.1429075024800e-04;   -4444541
2.1431074348600e-04;   -4444541
2.1432905160700e-04;   -4444541
2.1434904502200e-04;   -4444539
2.1436901437600e-04;   -4444539
2.1438734665800e-04;   -4444536
2.1440732008300e-04;   -4444536
2.1442564833400e-04;   -4444532
2.1444561777400e-04;   -4444532
2.1446394989500e-04;   -4444527
2.1448391927300e-04;   -4444527
2.1450225143300e-04;   -4444523
2.1452222488400e-04;   -4444523
2.1454055269500e-04;   -4444519
2.1456052209300e-04;   -4444519
2.1458051949600e-04;   -4444516
2.1459882765600e-04;   -4444516
2.1461882114700e-04;   -4444513
2.1463712512600e-04;   -4444513
2.1465712262000e-04;   -4444510
2.1467542663900e-04;   -4444510
2.1469542404300e-04;   -4444508
2.1471373195900e-04;   -4444508
2.1473372546300e-04;   -4444507
2.1475369486300e-04;   -4444507
2.1477202704300e-04;   -4444506
2.1479200026100e-04;   -4444506
2.1481032849900e-04;   -4444505
2.1483030182600e-04;   -4444505
2.1484863000600e-04;   -4444503
2.1486859936800e-04;   -4444503
2.1488693144700e-04;   -4444501
2.1490690479300e-04;   -4444501
2.1492523281200e-04;   -4444499
2.1494520229100e-04;   -4444499
2.1496519945500e-04;   -4444496
2.1498350363800e-04;   -4444496
2.1500350107200e-04;   -4444493
2.1502180906900e-04;   -4444493
2.1504180254700e-04;   -4444490
2.1506010673700e-04;   -4444490
2.1508010431800e-04;   -4444487
2.1509841224900e-04;   -4444487
2.1511840552700e-04;   -4444484
2.1513837489300e-04;   -4444484
2.1515670695600e-04;   -4444481
2.1517667635500e-04;   -4444481
2.1519500846300e-04;   -4444480
2.1521498179200e-04;   -4444480
2.1523330991900e-04;   -4444479
2.1525327913000e-04;   -4444479
2.1527161112600e-04;   -4444479
2.1529158453900e-04;   -4444479
2.1530991254500e-04;   -4444479
2.1532988593900e-04;   -4444479
2.1534821405000e-04;   -4444479
2.1536818319900e-04;   -4444479
2.1538818049300e-04;   -4444479
2.1540648864200e-04;   -4444479
2.1542648189500e-04;   -4444478
2.1544478610900e-04;   -4444478
2.1546478354400e-04;   -4444478
2.1548309170600e-04;   -4444478
2.1550308496400e-04;   -4444477
2.1552139287500e-04;   -4444477
2.1554138638600e-04;   -4444476
2.1556135554200e-04;   -4444476
2.1557968764900e-04;   -4444475
2.1559966102100e-04;   -4444475
2.1561798901300e-04;   -4444475
2.1563795836000e-04;   -4444475
2.1565629031500e-04;   -4444477
2.1567625966900e-04;   -4444477
2.1569459164600e-04;   -4444479
2.1571456494700e-04;   -4444479
2.1573289293600e-04;   -4444482
2.1575286237700e-04;   -4444482
2.1577285964800e-04;   -4444485
2.1579116781300e-04;   -4444485
2.1581116106800e-04;   -4444488
2.1582946916200e-04;   -4444488
2.1584946262400e-04;   -4444490
2.1586776661700e-04;   -4444490
2.1588776403700e-04;   -4444490
2.1590607203700e-04;   -4444490
2.1592606540400e-04;   -4444490
2.1594603484500e-04;   -4444490
2.1596436694500e-04;   -4444490
2.1598433660500e-04;   -4444490
2.1600266865500e-04;   -4444489
2.1602264200000e-04;   -4444489
2.1604097012700e-04;   -4444487
2.1606093930800e-04;   -4444487
2.1607927144200e-04;   -4444483
2.1609924470600e-04;   -4444483
2.1611757278900e-04;   -4444478
2.1613754217800e-04;   -4444478
2.1615753962200e-04;   -4444473
2.1617584373700e-04;   -4444473
2.1619584108800e-04;   -4444470
2.1621414907400e-04;   -4444470
2.1623414237300e-04;   -4444467
2.1625244651400e-04;   -4444467
2.1627244390600e-04;   -4444466
2.1629075191100e-04;   -4444466
2.1631074529600e-04;   -4444465
2.1632905344200e-04;   -4444465
2.1634904662400e-04;   -4444465
2.1636901588300e-04;   -4444465
2.1638734797800e-04;   -4444464
2.1640732125900e-04;   -4444464
2.1642564930600e-04;   -4444464
2.1644561860000e-04;   -4444464
2.1646395063100e-04;   -4444464
2.1648391986800e-04;   -4444464
2.1650225213800e-04;   -4444464
2.1652222544300e-04;   -4444464
2.1654055345300e-04;   -4444463
2.1656052281600e-04;   -4444463
2.1658052030200e-04;   -4444461
2.1659882833500e-04;   -4444461
2.1661882163400e-04;   -4444458
2.1663712577400e-04;   -4444458
2.1665712300100e-04;   -4444455
2.1667542691100e-04;   -4444455
2.1669542445400e-04;   -4444454
2.1671373245700e-04;   -4444454
2.1673372593200e-04;   -4444453
2.1675369523100e-04;   -4444453
2.1677202730100e-04;   -4444454
2.1679200074000e-04;   -4444454
2.1681032878000e-04;   -4444455
2.1683030206900e-04;   -4444455
2.1684863009800e-04;   -4444456
2.1686859955000e-04;   -4444456
2.1688693151500e-04;   -4444457
2.1690690486600e-04;   -4444457
2.1692523286500e-04;   -4444458
2.1694520216200e-04;   -4444458
2.1696519947500e-04;   -4444459
2.1698350354500e-04;   -4444459
2.1700350095900e-04;   -4444460
2.1702180876300e-04;   -4444460
2.1704180205600e-04;   -4444461
2.1706010624100e-04;   -4444461
2.1708010360000e-04;   -4444461
2.1709841187000e-04;   -4444461
2.1711840513500e-04;   -4444461
2.1713837455500e-04;   -4444461
2.1715670662100e-04;   -4444461
2.1717667595400e-04;   -4444461
2.1719500806300e-04;   -4444462
2.1721498136500e-04;   -4444462
2.1723330935600e-04;   -4444464
2.1725327886200e-04;   -4444464
2.1727161081200e-04;   -4444466
2.1729158413000e-04;   -4444466
2.1730991200400e-04;   -4444469
2.1732988541300e-04;   -4444469
2.1734821353000e-04;   -4444471
2.1736818290800e-04;   -4444471
2.1738818019600e-04;   -4444472
2.1740648824300e-04;   -4444472
2.1742648165100e-04;   -4444472
2.1744478562500e-04;   -4444472
2.1746478294600e-04;   -4444473
2.1748309100300e-04;   -4444473
2.1750308424600e-04;   -4444473
2.1752139228000e-04;   -4444473
2.1754138570400e-04;   -4444473
2.1756135505500e-04;   -4444473
2.1757968710500e-04;   -4444473
2.1759966051600e-04;   -4444473
2.1761798876400e-04;   -4444474
2.1763795801200e-04;   -4444474
2.1765629010200e-04;   -4444475
2.1767625928200e-04;   -4444475
2.1769459129300e-04;   -4444478
2.1771456460200e-04;   -4444478
2.1773289260400e-04;   -4444481
2.1775286194300e-04;   -4444481
2.1777285920400e-04;   -4444485
2.1779116722500e-04;   -4444485
2.1781116050900e-04;   -4444488
2.1782946879500e-04;   -4444488
2.1784946209500e-04;   -4444490
2.1786776622400e-04;   -4444490
2.1788776363700e-04;   -4444491
2.1790607190500e-04;   -4444491
2.1792606528400e-04;   -4444491
2.1794603449500e-04;   -4444491
2.1796436660700e-04;   -4444491
2.1798433601400e-04;   -4444491
2.1800266826100e-04;   -4444490
2.1802264159100e-04;   -4444490
2.1804096966500e-04;   -4444487
2.1806093905400e-04;   -4444487
2.1807927117000e-04;   -4444483
2.1809924446900e-04;   -4444483
2.1811757241800e-04;   -4444478
2.1813754183600e-04;   -4444478
2.1815753900100e-04;   -4444474
2.1817584302000e-04;   -4444474
2.1819584050500e-04;   -4444470
2.1821414865800e-04;   -4444470
2.1823414182700e-04;   -4444468
2.1825244588100e-04;   -4444468
2.1827244331700e-04;   -4444467
2.1829075153200e-04;   -4444467
2.1831074486200e-04;   -4444466
2.1832905288500e-04;   -4444466
2.1834904617200e-04;   -4444466
2.1836901539800e-04;   -4444466
2.1838734748100e-04;   -4444465
2.1840732072300e-04;   -4444465
2.1842564871400e-04;   -4444465
2.1844561817600e-04;   -4444465
2.1846395027200e-04;   -4444465
2.1848392366000e-04;   -4444465
2.1850225161800e-04;   -4444465
2.1852222506700e-04;   -4444465
2.1854055312900e-04;   -4444465
2.1856052259700e-04;   -4444465
2.1858051985900e-04;   -4444466
2.1859882765900e-04;   -4444466
2.1861882098500e-04;   -4444467
2.1863712493300e-04;   -4444467
2.1865712232700e-04;   -4444469
2.1867542624600e-04;   -4444469
2.1869542353600e-04;   -4444473
2.1871373142200e-04;   -4444473
2.1873372479300e-04;   -4444477
2.1875369404800e-04;   -4444477
2.1877202624700e-04;   -4444481
2.1879199959200e-04;   -4444481
2.1881032768700e-04;   -4444484
2.1883030105200e-04;   -4444484
2.1884862912800e-04;   -4444488
2.1886859853100e-04;   -4444488
2.1888693056100e-04;   -4444492
2.1890690412300e-04;   -4444492
2.1892523206500e-04;   -4444497
2.1894520141900e-04;   -4444497
2.1896519868900e-04;   -4444502
2.1898350277100e-04;   -4444502
2.1900350008600e-04;   -4444506
2.1902180828800e-04;   -4444506
2.1904180150800e-04;   -4444510
2.1906010565000e-04;   -4444510
2.1908010298400e-04;   -4444511
2.1909841105100e-04;   -4444511
2.1911840444700e-04;   -4444512
2.1913837389300e-04;   -4444512
2.1915670597700e-04;   -4444511
2.1917667542000e-04;   -4444511
2.1919500747000e-04;   -4444511
2.1921498101300e-04;   -4444511
2.1923330903100e-04;   -4444510
2.1925327844100e-04;   -4444510
2.1927161048000e-04;   -4444509
2.1929158380700e-04;   -4444509
2.1930991180000e-04;   -4444508
2.1932988514000e-04;   -4444508
2.1934821328000e-04;   -4444507
2.1936818270700e-04;   -4444507
2.1938818023400e-04;   -4444504
2.1940648814400e-04;   -4444504
2.1942648154600e-04;   -4444501
2.1944478561800e-04;   -4444501
2.1946478286800e-04;   -4444499
2.1948308711500e-04;   -4444499
2.1950308444400e-04;   -4444496
2.1952139245600e-04;   -4444496
2.1954138590900e-04;   -4444492
2.1956135520300e-04;   -4444492
2.1957968723500e-04;   -4444487
2.1959966060200e-04;   -4444487
2.1961798855300e-04;   -4444481
2.1963795799100e-04;   -4444481
2.1965629013300e-04;   -4444476
2.1967625953900e-04;   -4444476
2.1969459153100e-04;   -4444471
2.1971456486400e-04;   -4444471
2.1973289294700e-04;   -4444469
2.1975286231400e-04;   -4444469
2.1977285955700e-04;   -4444467
2.1979116765900e-04;   -4444467
2.1981116103800e-04;   -4444466
2.1982946911200e-04;   -4444466
2.1984946252300e-04;   -4444466
2.1986776675000e-04;   -4444466
2.1988776408700e-04;   -4444466
2.1990607212000e-04;   -4444466
2.1992606564900e-04;   -4444465
2.1994603489900e-04;   -4444465
2.1996436685800e-04;   -4444466
2.1998434022200e-04;   -4444466
2.2000266829700e-04;   -4444466
2.2002264166100e-04;   -4444466
2.2004096973000e-04;   -4444466
2.2006093899300e-04;   -4444466
2.2007927099000e-04;   -4444466
2.2009924445700e-04;   -4444466
2.2011757259900e-04;   -4444467
2.2013754187600e-04;   -4444467
2.2015753929100e-04;   -4444470
2.2017584318600e-04;   -4444470
2.2019584053000e-04;   -4444473
2.2021414856500e-04;   -4444473
2.2023414197100e-04;   -4444477
2.2025244616400e-04;   -4444477
2.2027244354200e-04;   -4444481
2.2029075146300e-04;   -4444481
2.2031074492900e-04;   -4444485
2.2032905296000e-04;   -4444485
2.2034904642300e-04;   -4444488
2.2036901582900e-04;   -4444488
2.2038734767900e-04;   -4444489
2.2040732111500e-04;   -4444489
2.2042564928800e-04;   -4444489
2.2044561847900e-04;   -4444489
2.2046395046800e-04;   -4444490
2.2048391963300e-04;   -4444490
2.2050225161400e-04;   -4444489
2.2052222503800e-04;   -4444489
2.2054055306200e-04;   -4444488
2.2056052247600e-04;   -4444488
2.2058051971800e-04;   -4444486
2.2059882766700e-04;   -4444486
2.2061882125000e-04;   -4444484
2.2063712532500e-04;   -4444484
2.2065712284700e-04;   -4444482
2.2067542695300e-04;   -4444482
2.2069542429800e-04;   -4444481
2.2071373226100e-04;   -4444481
2.2073372552100e-04;   -4444481
2.2075369499800e-04;   -4444481
2.2077202695000e-04;   -4444481
2.2079200021800e-04;   -4444481
2.2081032842600e-04;   -4444482
2.2083030190200e-04;   -4444482
2.2084862975700e-04;   -4444482
2.2086859918800e-04;   -4444482
2.2088693117700e-04;   -4444482
2.2090690454500e-04;   -4444482
2.2092523269500e-04;   -4444481
2.2094520194600e-04;   -4444481
2.2096519923400e-04;   -4444481
2.2098350340300e-04;   -4444481
2.2100350065700e-04;   -4444480
2.2102180882500e-04;   -4444480
2.2104180225400e-04;   -4444479
2.2106010633900e-04;   -4444479
2.2108010369700e-04;   -4444477
2.2109841172800e-04;   -4444477
2.2111840516700e-04;   -4444476
2.2113837444700e-04;   -4444476
2.2115670657900e-04;   -4444474
2.2117667586100e-04;   -4444474
2.2119500790100e-04;   -4444474
2.2121498096000e-04;   -4444474
2.2123330904900e-04;   -4444475
2.2125327844800e-04;   -4444475
2.2127161034300e-04;   -4444476
2.2129158373700e-04;   -4444476
2.2130991165700e-04;   -4444477
2.2132988507500e-04;   -4444477
2.2134821313400e-04;   -4444478
2.2136818246000e-04;   -4444478
2.2138817982100e-04;   -4444478
2.2140648775300e-04;   -4444478
2.2142648127400e-04;   -4444478
2.2144478535300e-04;   -4444478
2.2146478294700e-04;   -4444478
2.2148308697800e-04;   -4444478
2.2150308417300e-04;   -4444478
2.2152139211200e-04;   -4444478
2.2154138550700e-04;   -4444476
2.2156135476500e-04;   -4444476
2.2157968682900e-04;   -4444473
2.2159966019200e-04;   -4444473
2.2161798828300e-04;   -4444469
2.2163795765400e-04;   -4444469
2.2165628964100e-04;   -4444466
2.2167625886500e-04;   -4444466
2.2169459086000e-04;   -4444463
2.2171456429100e-04;   -4444463
2.2173289229000e-04;   -4444462
2.2175286161500e-04;   -4444462
2.2177285887100e-04;   -4444461
2.2179116699000e-04;   -4444461
2.2181116034500e-04;   -4444462
2.2182946834700e-04;   -4444462
2.2184946167300e-04;   -4444462
2.2186776575300e-04;   -4444462
2.2188776320000e-04;   -4444463
2.2190607138100e-04;   -4444463
2.2192606479600e-04;   -4444463
2.2194603403000e-04;   -4444463
2.2196436625900e-04;   -4444464
2.2198433554000e-04;   -4444464
2.2200266756400e-04;   -4444465
2.2202264103200e-04;   -4444465
2.2204096900400e-04;   -4444468
2.2206093831100e-04;   -4444468
2.2207927028500e-04;   -4444470
2.2209924365500e-04;   -4444470
2.2211757164300e-04;   -4444472
2.2213754100600e-04;   -4444472
2.2215753832800e-04;   -4444475
2.2217584245800e-04;   -4444475
2.2219583965200e-04;   -4444478
2.2221414788300e-04;   -4444478
2.2223414141800e-04;   -4444481
2.2225244543100e-04;   -4444481
2.2227244271500e-04;   -4444484
2.2229075078900e-04;   -4444484
2.2231074423400e-04;   -4444487
2.2232905221000e-04;   -4444487
2.2234904551500e-04;   -4444489
2.2236901488600e-04;   -4444489
2.2238734713900e-04;   -4444489
2.2240732048300e-04;   -4444489
2.2242564847600e-04;   -4444489
2.2244561780800e-04;   -4444489
2.2246394998700e-04;   -4444489
2.2248392336400e-04;   -4444489
2.2250225146700e-04;   -4444488
2.2252222485600e-04;   -4444488
2.2254055284300e-04;   -4444487
2.2256052215600e-04;   -4444487
2.2258051943000e-04;   -4444486
2.2259882746200e-04;   -4444486
2.2261882097400e-04;   -4444485
2.2263712504100e-04;   -4444485
2.2265712221600e-04;   -4444486
2.2267542647700e-04;   -4444486
2.2269542381400e-04;   -4444488
2.2271373194300e-04;   -4444488
2.2273372535200e-04;   -4444490
2.2275369475200e-04;   -4444490
2.2277202691400e-04;   -4444493
2.2279200007400e-04;   -4444493
2.2281032805400e-04;   -4444495
2.2283030146400e-04;   -4444495
2.2284862965500e-04;   -4444496
2.2286859903100e-04;   -4444496
2.2288693100800e-04;   -4444497
2.2290690434700e-04;   -4444497
2.2292523253500e-04;   -4444496
2.2294520202200e-04;   -4444496
2.2296519952000e-04;   -4444495
2.2298350758700e-04;   -4444495
2.2300350101900e-04;   -4444494
2.2302180914900e-04;   -4444494
2.2304180247500e-04;   -4444492
2.2306010654100e-04;   -4444492
2.2308010395400e-04;   -4444491
2.2309841216900e-04;   -4444491
2.2311840548900e-04;   -4444490
2.2313837464100e-04;   -4444490
2.2315670688600e-04;   -4444490
2.2317667617400e-04;   -4444490
2.2319500827100e-04;   -4444492
2.2321498143200e-04;   -4444492
2.2323330949300e-04;   -4444494
2.2325327874400e-04;   -4444494
2.2327161082100e-04;   -4444496
2.2329158421800e-04;   -4444496
2.2330991232200e-04;   -4444498
2.2332988573800e-04;   -4444498
2.2334821376900e-04;   -4444499
2.2336818315500e-04;   -4444499
2.2338818046100e-04;   -4444499
2.2340648871100e-04;   -4444499
2.2342648200200e-04;   -4444498
2.2344478600300e-04;   -4444498
2.2346478330600e-04;   -4444497
2.2348309143800e-04;   -4444497
2.2350308467600e-04;   -4444495
2.2352139274200e-04;   -4444495
2.2354138596900e-04;   -4444493
2.2356135521800e-04;   -4444493
2.2357968742400e-04;   -4444492
2.2359966079000e-04;   -4444492
2.2361798893900e-04;   -4444491
2.2363795838200e-04;   -4444491
2.2365629042200e-04;   -4444491
2.2367625965000e-04;   -4444491
2.2369459177600e-04;   -4444492
2.2371456511700e-04;   -4444492
2.2373289328000e-04;   -4444494
2.2375286261900e-04;   -4444494
2.2377286002400e-04;   -4444496
2.2379116826300e-04;   -4444496
2.2381116134000e-04;   -4444498
2.2382946938700e-04;   -4444498
2.2384946273000e-04;   -4444499
2.2386776692300e-04;   -4444499
2.2388776438200e-04;   -4444499
2.2390607245000e-04;   -4444499
2.2392606575400e-04;   -4444498
2.2394603540100e-04;   -4444498
2.2396436738400e-04;   -4444497
2.2398433675100e-04;   -4444497
2.2400266877100e-04;   -4444496
2.2402264211300e-04;   -4444496
2.2404097030500e-04;   -4444494
2.2406093958600e-04;   -4444494
2.2407927166600e-04;   -4444491
2.2409924497900e-04;   -4444491
2.2411757297000e-04;   -4444488
2.2413754200900e-04;   -4444488
2.2415753941100e-04;   -4444486
2.2417584350900e-04;   -4444486
2.2419584083200e-04;   -4444485
2.2421414878500e-04;   -4444485
2.2423414191800e-04;   -4444484
2.2425244607400e-04;   -4444484
2.2427244340000e-04;   -4444484
2.2429075150600e-04;   -4444484
2.2431074491200e-04;   -4444485
2.2432905274800e-04;   -4444485
2.2434904606000e-04;   -4444485
2.2436901531900e-04;   -4444485
2.2438734729300e-04;   -4444484
2.2440732075000e-04;   -4444484
2.2442564867400e-04;   -4444483
2.2444561800800e-04;   -4444483
2.2446395001400e-04;   -4444483
2.2448391916200e-04;   -4444483
2.2450225125700e-04;   -4444482
2.2452222452700e-04;   -4444482
2.2454055244700e-04;   -4444481
2.2456052177700e-04;   -4444481
2.2458051925100e-04;   -4444479
2.2459882719600e-04;   -4444479
2.2461882054700e-04;   -4444477
2.2463712447500e-04;   -4444477
2.2465712186400e-04;   -4444476
2.2467542593100e-04;   -4444476
2.2469542346600e-04;   -4444476
2.2471373142800e-04;   -4444476
2.2473372488000e-04;   -4444477
2.2475369413000e-04;   -4444477
2.2477202619900e-04;   -4444478
2.2479199964900e-04;   -4444478
2.2481032776300e-04;   -4444479
2.2483030107900e-04;   -4444479
2.2484862926900e-04;   -4444480
2.2486859866800e-04;   -4444480
2.2488693074100e-04;   -4444480
2.2490690410200e-04;   -4444480
2.2492523216800e-04;   -4444480
2.2494520160500e-04;   -4444480
2.2496519891900e-04;   -4444480
2.2498350297400e-04;   -4444480
2.2500350038100e-04;   -4444479
2.2502180844300e-04;   -4444479
2.2504180185000e-04;   -4444478
2.2506010586000e-04;   -4444478
2.2508010326400e-04;   -4444475
2.2509841142100e-04;   -4444475
2.2511840457500e-04;   -4444471
2.2513837393600e-04;   -4444471
2.2515670608400e-04;   -4444467
2.2517667525200e-04;   -4444467
2.2519500715000e-04;   -4444465
2.2521498061500e-04;   -4444465
2.2523330865600e-04;   -4444464
2.2525327819600e-04;   -4444464
2.2527161024500e-04;   -4444463
2.2529158350000e-04;   -4444463
2.2530991143700e-04;   -4444464
2.2532988483800e-04;   -4444464
2.2534821286900e-04;   -4444464
2.2536818235800e-04;   -4444464
2.2538817970700e-04;   -4444464
2.2540648767400e-04;   -4444464
2.2542648097700e-04;   -4444465
2.2544478495700e-04;   -4444465
2.2546478230800e-04;   -4444466
2.2548309048100e-04;   -4444466
2.2550308374700e-04;   -4444467
2.2552139185400e-04;   -4444467
2.2554138519600e-04;   -4444469
2.2556135432700e-04;   -4444469
2.2557968645800e-04;   -4444473
2.2559965962400e-04;   -4444473
2.2561798778000e-04;   -4444477
2.2563795717100e-04;   -4444477
2.2565628932200e-04;   -4444482
2.2567625866000e-04;   -4444482
2.2569459059900e-04;   -4444488
2.2571456403800e-04;   -4444488
2.2573289228300e-04;   -4444493
2.2575286140900e-04;   -4444493
2.2577285880800e-04;   -4444498
2.2579116695500e-04;   -4444498
2.2581116039100e-04;   -4444503
2.2582946854200e-04;   -4444503
2.2584946192300e-04;   -4444505
2.2586776604000e-04;   -4444505
2.2588776352100e-04;   -4444506
2.2590607169000e-04;   -4444506
2.2592606490100e-04;   -4444506
2.2594603428400e-04;   -4444506
2.2596436623000e-04;   -4444505
2.2598433959700e-04;   -4444505
2.2600266767600e-04;   -4444504
2.2602264104200e-04;   -4444504
2.2604096918200e-04;   -4444502
2.2606093854200e-04;   -4444502
2.2607927054200e-04;   -4444500
2.2609924402200e-04;   -4444500
2.2611757209800e-04;   -4444498
2.2613754143900e-04;   -4444498
2.2615753879000e-04;   -4444498
2.2617584297600e-04;   -4444498
2.2619584023700e-04;   -4444498
2.2621414838000e-04;   -4444498
2.2623414183200e-04;   -4444500
2.2625244586400e-04;   -4444500
2.2627244319800e-04;   -4444501
2.2629075136600e-04;   -4444501
2.2631074487300e-04;   -4444503
2.2632905288000e-04;   -4444503
2.2634904617300e-04;   -4444503
2.2636901546600e-04;   -4444503
2.2638734734200e-04;   -4444503
2.2640732090100e-04;   -4444503
2.2642564909100e-04;   -4444502
2.2644561828500e-04;   -4444502
2.2646395043300e-04;   -4444500
2.2648391970300e-04;   -4444500
2.2650225174000e-04;   -4444499
2.2652222514500e-04;   -4444499
2.2654055332800e-04;   -4444495
2.2656052260700e-04;   -4444495
2.2658052000200e-04;   -4444491
2.2659882809500e-04;   -4444491
2.2661882139500e-04;   -4444485
2.2663712550200e-04;   -4444485
2.2665712284600e-04;   -4444480
2.2667542679100e-04;   -4444480
2.2669542411800e-04;   -4444476
2.2671373219900e-04;   -4444476
2.2673372558900e-04;   -4444474
2.2675369493200e-04;   -4444474
2.2677202707300e-04;   -4444472
2.2679200042600e-04;   -4444472
2.2681032843300e-04;   -4444471
2.2683030155400e-04;   -4444471
2.2684862964300e-04;   -4444471
2.2686859885100e-04;   -4444471
2.2688693119200e-04;   -4444470
2.2690690436400e-04;   -4444470
2.2692523250700e-04;   -4444470
2.2694520168100e-04;   -4444470
2.2696519900900e-04;   -4444470
2.2698350304600e-04;   -4444470
2.2700350041300e-04;   -4444470
2.2702180846300e-04;   -4444470
2.2704180184900e-04;   -4444470
2.2706010603000e-04;   -4444470
2.2708010318400e-04;   -4444469
2.2709841133500e-04;   -4444469
2.2711840461900e-04;   -4444469
2.2713837384000e-04;   -4444469
2.2715670584200e-04;   -4444469
2.2717667521900e-04;   -4444469
2.2719500729000e-04;   -4444469
2.2721498079500e-04;   -4444469
2.2723330876900e-04;   -4444471
2.2725327796800e-04;   -4444471
2.2727161010500e-04;   -4444473
2.2729158352400e-04;   -4444473
2.2730991158600e-04;   -4444475
2.2732988505500e-04;   -4444475
2.2734821284700e-04;   -4444477
2.2736818236700e-04;   -4444477
2.2738817975500e-04;   -4444477
2.2740648789000e-04;   -4444477
2.2742648116300e-04;   -4444478
2.2744478514200e-04;   -4444478
2.2746478238900e-04;   -4444478
2.2748309036900e-04;   -4444478
2.2750308370000e-04;   -4444478
2.2752139175100e-04;   -4444478
2.2754138497300e-04;   -4444478
2.2756135432300e-04;   -4444478
2.2757968646100e-04;   -4444478
2.2759965983700e-04;   -4444478
2.2761798788600e-04;   -4444479
2.2763795725500e-04;   -4444479
2.2765628927900e-04;   -4444481
2.2767625856500e-04;   -4444481
2.2769459054800e-04;   -4444483
2.2771456406100e-04;   -4444483
2.2773289196600e-04;   -4444487
2.2775286139500e-04;   -4444487
2.2777285870400e-04;   -4444490
2.2779116694800e-04;   -4444490
2.2781116022500e-04;   -4444493
2.2782946838000e-04;   -4444493
2.2784946164800e-04;   -4444495
2.2786776577400e-04;   -4444495
2.2788776309500e-04;   -4444496
2.2790607111300e-04;   -4444496
2.2792606452600e-04;   -4444496
2.2794603396900e-04;   -4444496
2.2796436593700e-04;   -4444496
2.2798433535600e-04;   -4444496
2.2800266735300e-04;   -4444495
2.2802264068900e-04;   -4444495
2.2804096884800e-04;   -4444493
2.2806093824400e-04;   -4444493
2.2807927031200e-04;   -4444491
2.2809924347600e-04;   -4444491
2.2811757166400e-04;   -4444489
2.2813754099100e-04;   -4444489
2.2815753809700e-04;   -4444487
2.2817584219700e-04;   -4444487
2.2819583964800e-04;   -4444486
2.2821414777100e-04;   -4444486
2.2823414114500e-04;   -4444485
2.2825244525800e-04;   -4444485
2.2827244272300e-04;   -4444485
2.2829075072000e-04;   -4444485
2.2831074411600e-04;   -4444486
2.2832905229400e-04;   -4444486
2.2834904552600e-04;   -4444486
2.2836901472100e-04;   -4444486
2.2838734687700e-04;   -4444486
2.2840732014700e-04;   -4444486
2.2842564817200e-04;   -4444485
2.2844561751500e-04;   -4444485
2.2846394972800e-04;   -4444484
2.2848392311600e-04;   -4444484
2.2850225109700e-04;   -4444484
2.2852222453700e-04;   -4444484
2.2854055258400e-04;   -4444483
2.2856052184800e-04;   -4444483
2.2858051905500e-04;   -4444482
2.2859882709400e-04;   -4444482
2.2861882034500e-04;   -4444482
2.2863712447700e-04;   -4444482
2.2865712162100e-04;   -4444483
2.2867542574000e-04;   -4444483
2.2869542311500e-04;   -4444486
2.2871373117800e-04;   -4444486
2.2873372447000e-04;   -4444489
2.2875369383700e-04;   -4444489
2.2877202585600e-04;   -4444492
2.2879199917900e-04;   -4444492
2.2881032715600e-04;   -4444495
2.2883030052100e-04;   -4444495
2.2884862869600e-04;   -4444496
2.2886859802200e-04;   -4444496
2.2888693016700e-04;   -4444498
2.2890690339700e-04;   -4444498
2.2892523139700e-04;   -4444500
2.2894520076300e-04;   -4444500
2.2896519795800e-04;   -4444502
2.2898350209100e-04;   -4444502
2.2900349942600e-04;   -4444504
2.2902180762500e-04;   -4444504
2.2904180087200e-04;   -4444507
2.2906010499000e-04;   -4444507
2.2908010220900e-04;   -4444509
2.2909841024400e-04;   -4444509
2.2911840373100e-04;   -4444511
2.2913837305000e-04;   -4444511
2.2915670516300e-04;   -4444512
2.2917667457100e-04;   -4444512
2.2919500659900e-04;   -4444514
2.2921497992800e-04;   -4444514
2.2923330816800e-04;   -4444515
2.2925327726300e-04;   -4444515
2.2927160947500e-04;   -4444516
2.2929158288100e-04;   -4444516
2.2930991098700e-04;   -4444516
2.2932988434400e-04;   -4444516
2.2934821245900e-04;   -4444515
2.2936818193900e-04;   -4444515
2.2938817919500e-04;   -4444513
2.2940648726100e-04;   -4444513
2.2942648063900e-04;   -4444511
2.2944478476300e-04;   -4444511
2.2946478220600e-04;   -4444508
2.2948309035000e-04;   -4444508
2.2950308376200e-04;   -4444506
2.2952139160900e-04;   -4444506
2.2954138496600e-04;   -4444505
2.2956135454900e-04;   -4444505
2.2957968670900e-04;   -4444505
2.2959966006500e-04;   -4444505
2.2961798817300e-04;   -4444505
2.2963795761100e-04;   -4444505
2.2965628959100e-04;   -4444507
2.2967625902200e-04;   -4444507
2.2969459101800e-04;   -4444510
2.2971456419500e-04;   -4444510
2.2973289215500e-04;   -4444513
2.2975286136000e-04;   -4444513
2.2977285876000e-04;   -4444515
2.2979116676000e-04;   -4444515
2.2981116019100e-04;   -4444517
2.2982946821300e-04;   -4444517
2.2984946154300e-04;   -4444518
2.2986776575800e-04;   -4444518
2.2988776315800e-04;   -4444517
2.2990607120200e-04;   -4444517
2.2992606444700e-04;   -4444516
2.2994603373900e-04;   -4444516
2.2996436584100e-04;   -4444514
2.2998433502500e-04;   -4444514
2.3000266715200e-04;   -4444512
2.3002264059500e-04;   -4444512
2.3004096874900e-04;   -4444511
2.3006093799700e-04;   -4444511
2.3007927017500e-04;   -4444510
2.3009924361500e-04;   -4444510
2.3011757155600e-04;   -4444508
2.3013754079100e-04;   -4444508
2.3015753826500e-04;   -4444507
2.3017584218900e-04;   -4444507
2.3019583956800e-04;   -4444507
2.3021414756400e-04;   -4444507
2.3023414097800e-04;   -4444507
2.3025244506900e-04;   -4444507
2.3027244251300e-04;   -4444507
2.3029075067800e-04;   -4444507
2.3031074394000e-04;   -4444507
2.3032905199100e-04;   -4444507
2.3034904539000e-04;   -4444507
2.3036901471500e-04;   -4444507
2.3038734669700e-04;   -4444505
2.3040731993100e-04;   -4444505
2.3042564795900e-04;   -4444503
2.3044561734300e-04;   -4444503
2.3046394933900e-04;   -4444501
2.3048391870000e-04;   -4444501
2.3050225079100e-04;   -4444500
2.3052222398900e-04;   -4444500
2.3054055205400e-04;   -4444499
2.3056052150100e-04;   -4444499
2.3058051891300e-04;   -4444499
2.3059882691900e-04;   -4444499
2.3061882023800e-04;   -4444498
2.3063712451100e-04;   -4444498
2.3065712174500e-04;   -4444498
2.3067542575500e-04;   -4444498
2.3069542298400e-04;   -4444499
2.3071373120900e-04;   -4444499
2.3073372455700e-04;   -4444500
2.3075369381900e-04;   -4444500
2.3077202589600e-04;   -4444501
2.3079199918700e-04;   -4444501
2.3081032722300e-04;   -4444502
2.3083030040100e-04;   -4444502
2.3084862843100e-04;   -4444502
2.3086859771400e-04;   -4444502
2.3088692969900e-04;   -4444502
2.3090690307400e-04;   -4444502
2.3092523105300e-04;   -4444503
2.3094520052200e-04;   -4444503
2.3096519784300e-04;   -4444504
2.3098350564300e-04;   -4444504
2.3100349894000e-04;   -4444504
2.3102180702200e-04;   -4444504
2.3104180042500e-04;   -4444505
2.3106010448400e-04;   -4444505
2.3108010176500e-04;   -4444505
2.3109840989100e-04;   -4444505
2.3111840335300e-04;   -4444506
2.3113837267900e-04;   -4444506
2.3115670461600e-04;   -4444507
2.3117667396500e-04;   -4444507
2.3119500610400e-04;   -4444509
2.3121497939800e-04;   -4444509
2.3123330759200e-04;   -4444511
2.3125327689300e-04;   -4444511
2.3127160901200e-04;   -4444513
2.3129158220700e-04;   -4444513
2.3130991021000e-04;   -4444514
2.3132988364400e-04;   -4444514
2.3134821171900e-04;   -4444515
2.3136818117000e-04;   -4444515
2.3138817846200e-04;   -4444515
2.3140648655700e-04;   -4444515
2.3142647990700e-04;   -4444515
2.3144478387700e-04;   -4444515
2.3146478123200e-04;   -4444515
2.3148308929400e-04;   -4444515
2.3150308264400e-04;   -4444516
2.3152139077800e-04;   -4444516
2.3154138403500e-04;   -4444518
2.3156135343300e-04;   -4444518
2.3157968558700e-04;   -4444520
2.3159965887300e-04;   -4444520
2.3161798699800e-04;   -4444522
2.3163795636800e-04;   -4444522
2.3165628839600e-04;   -4444525
2.3167625778200e-04;   -4444525
2.3169458991900e-04;   -4444528
2.3171456322000e-04;   -4444528
2.3173289132100e-04;   -4444531
2.3175286067200e-04;   -4444531
2.3177285795200e-04;   -4444533
2.3179116605500e-04;   -4444533
2.3181115942300e-04;   -4444534
2.3182946757700e-04;   -4444534
2.3184946096100e-04;   -4444534
2.3186776509800e-04;   -4444534
2.3188776245000e-04;   -4444532
2.3190607059400e-04;   -4444532
2.3192606385300e-04;   -4444529
2.3194603316300e-04;   -4444529
2.3196436518100e-04;   -4444526
2.3198433862300e-04;   -4444526
2.3200266668800e-04;   -4444522
2.3202264014300e-04;   -4444522
2.3204096816900e-04;   -4444518
2.3206093741100e-04;   -4444518
2.3207926950300e-04;   -4444514
2.3209924268400e-04;   -4444514
2.3211757065700e-04;   -4444511
2.3213754004500e-04;   -4444511
2.3215753736300e-04;   -4444509
2.3217584141600e-04;   -4444509
2.3219583879800e-04;   -4444508
2.3221414686900e-04;   -4444508
2.3223414022100e-04;   -4444508
2.3225244423200e-04;   -4444508
2.3227244165000e-04;   -4444509
2.3229074974000e-04;   -4444509
2.3231074308900e-04;   -4444510
2.3232905099600e-04;   -4444510
2.3234904443200e-04;   -4444510
2.3236901351900e-04;   -4444510
2.3238734570100e-04;   -4444508
2.3240731912500e-04;   -4444508
2.3242564712000e-04;   -4444507
2.3244561654600e-04;   -4444507
2.3246394871100e-04;   -4444505
2.3248392207700e-04;   -4444505
2.3250225016000e-04;   -4444504
2.3252222340000e-04;   -4444504
2.3254055145000e-04;   -4444503
2.3256052089700e-04;   -4444503
2.3258051828200e-04;   -4444504
2.3259882632000e-04;   -4444504
2.3261881977100e-04;   -4444505
2.3263712379300e-04;   -4444505
2.3265712126200e-04;   -4444507
2.3267542521100e-04;   -4444507
2.3269542269500e-04;   -4444510
2.3271373086100e-04;   -4444510
2.3273372409800e-04;   -4444513
2.3275369357900e-04;   -4444513
2.3277202567200e-04;   -4444516
2.3279199897300e-04;   -4444516
2.3281032727400e-04;   -4444518
2.3283030063800e-04;   -4444518
2.3284862883900e-04;   -4444519
2.3286859811900e-04;   -4444519
2.3288693020900e-04;   -4444519
2.3290690373300e-04;   -4444519
2.3292523169800e-04;   -4444517
2.3294520104100e-04;   -4444517
2.3296519840400e-04;   -4444515
2.3298350654500e-04;   -4444515
2.3300350001000e-04;   -4444514
2.3302180799900e-04;   -4444514
2.3304180153200e-04;   -4444512
2.3306010563500e-04;   -4444512
2.3308010296600e-04;   -4444512
2.3309841106700e-04;   -4444512
2.3311840422900e-04;   -4444513
2.3313837363600e-04;   -4444513
2.3315670568300e-04;   -4444514
2.3317667511100e-04;   -4444514
2.3319500737400e-04;   -4444516
2.3321498066800e-04;   -4444516
2.3323330881400e-04;   -4444519
2.3325327809100e-04;   -4444519
2.3327161027300e-04;   -4444521
2.3329158366500e-04;   -4444521
2.3330991167000e-04;   -4444523
2.3332988484800e-04;   -4444523
2.3334821275500e-04;   -4444523
2.3336818203300e-04;   -4444523
2.3338817948400e-04;   -4444522
2.3340648758000e-04;   -4444522
2.3342648082200e-04;   -4444520
2.3344478493700e-04;   -4444520
2.3346478230100e-04;   -4444518
2.3348309040100e-04;   -4444518
2.3350308353000e-04;   -4444516
2.3352139164400e-04;   -4444516
2.3354138508900e-04;   -4444514
2.3356135443000e-04;   -4444514
2.3357968651000e-04;   -4444513
2.3359965990200e-04;   -4444513
2.3361798804700e-04;   -4444514
2.3363795740400e-04;   -4444514
2.3365628930900e-04;   -4444515
2.3367625885300e-04;   -4444515
2.3369459102800e-04;   -4444517
2.3371456450000e-04;   -4444517
2.3373289248900e-04;   -4444520
2.3375286188700e-04;   -4444520
2.3377285926500e-04;   -4444522
2.3379116724700e-04;   -4444522
2.3381116055500e-04;   -4444523
2.3382946870800e-04;   -4444523
2.3384946191500e-04;   -4444524
2.3386776574700e-04;   -4444524
2.3388776309900e-04;   -4444522
2.3390607107300e-04;   -4444522
2.3392606452900e-04;   -4444520
2.3394603389100e-04;   -4444520
2.3396436599600e-04;   -4444518
2.3398433938900e-04;   -4444518
2.3400266747000e-04;   -4444515
2.3402264084700e-04;   -4444515
2.3404096888500e-04;   -4444512
2.3406093840100e-04;   -4444512
2.3407927035100e-04;   -4444509
2.3409924386200e-04;   -4444509
2.3411757179000e-04;   -4444506
2.3413754116200e-04;   -4444506
2.3415753848000e-04;   -4444505
2.3417584277200e-04;   -4444505
2.3419584017100e-04;   -4444505
2.3421414815500e-04;   -4444505
2.3423414161500e-04;   -4444506
2.3425244566800e-04;   -4444506
2.3427244308800e-04;   -4444507
2.3429075121000e-04;   -4444507
2.3431074458000e-04;   -4444508
2.3432905270200e-04;   -4444508
2.3434904603700e-04;   -4444509
2.3436901542600e-04;   -4444509
2.3438734726300e-04;   -4444508
2.3440732064900e-04;   -4444508
2.3442564864100e-04;   -4444507
2.3444561803000e-04;   -4444507
2.3446395005500e-04;   -4444505
2.3448392348200e-04;   -4444505
2.3450225164400e-04;   -4444503
2.3452222500300e-04;   -4444503
2.3454055300200e-04;   -4444501
2.3456052226800e-04;   -4444501
2.3458051959700e-04;   -4444499
2.3459882769700e-04;   -4444499
2.3461882104000e-04;   -4444498
2.3463712506200e-04;   -4444498
2.3465712216400e-04;   -4444498
2.3467542621900e-04;   -4444498
2.3469542362000e-04;   -4444499
2.3471373179200e-04;   -4444499
2.3473372526200e-04;   -4444500
2.3475369461300e-04;   -4444500
2.3477202654400e-04;   -4444502
2.3479199996900e-04;   -4444502
2.3481032809700e-04;   -4444504
2.3483030146200e-04;   -4444504
2.3484862959500e-04;   -4444505
2.3486859899100e-04;   -4444505
2.3488693091500e-04;   -4444505
2.3490690420300e-04;   -4444505
2.3492523224700e-04;   -4444503
2.3494520156500e-04;   -4444503
2.3496519879300e-04;   -4444500
2.3498350683000e-04;   -4444500
2.3500350018100e-04;   -4444496
2.3502180807700e-04;   -4444496
2.3504180135700e-04;   -4444492
2.3506010536100e-04;   -4444492
2.3508010281000e-04;   -4444487
2.3509841089400e-04;   -4444487
2.3511840412300e-04;   -4444484
2.3513837341800e-04;   -4444484
2.3515670566300e-04;   -4444483
2.3517667490800e-04;   -4444483
2.3519500707500e-04;   -4444483
2.3521498058400e-04;   -4444483
2.3523330857800e-04;   -4444485
2.3525327797000e-04;   -4444485
2.3527161003500e-04;   -4444487
2.3529158339000e-04;   -4444487
2.3530991142500e-04;   -4444489
2.3532988481100e-04;   -4444489
2.3534821275900e-04;   -4444491
2.3536818210300e-04;   -4444491
2.3538817959100e-04;   -4444491
2.3540648760700e-04;   -4444491
2.3542648085500e-04;   -4444492
2.3544478485600e-04;   -4444492
2.3546478225700e-04;   -4444492
2.3548309035600e-04;   -4444492
2.3550308365900e-04;   -4444491
2.3552139164200e-04;   -4444491
2.3554138489800e-04;   -4444491
2.3556135428800e-04;   -4444491
2.3557968637100e-04;   -4444490
2.3559965974300e-04;   -4444490
2.3561798790700e-04;   -4444490
2.3563795717200e-04;   -4444490
2.3565628907400e-04;   -4444491
2.3567625845100e-04;   -4444491
2.3569459054900e-04;   -4444493
2.3571456391700e-04;   -4444493
2.3573289206600e-04;   -4444496
2.3575286153100e-04;   -4444496
2.3577285875300e-04;   -4444498
2.3579116693700e-04;   -4444498
2.3581116040200e-04;   -4444501
2.3582946846100e-04;   -4444501
2.3584946177700e-04;   -4444502
2.3586776586000e-04;   -4444502
2.3588776304800e-04;   -4444504
2.3590607101800e-04;   -4444504
2.3592606433400e-04;   -4444505
2.3594603375800e-04;   -4444505
2.3596436562800e-04;   -4444507
2.3598433900400e-04;   -4444507
2.3600266713500e-04;   -4444508
2.3602264059300e-04;   -4444508
2.3604096872000e-04;   -4444509
2.3606093808300e-04;   -4444509
2.3607927003700e-04;   -4444510
2.3609924341200e-04;   -4444510
2.3611757143400e-04;   -4444510
2.3613754078800e-04;   -4444510
2.3615753810900e-04;   -4444512
2.3617584208800e-04;   -4444512
2.3619583943500e-04;   -4444513
2.3621414758600e-04;   -4444513
2.3623414099800e-04;   -4444515
2.3625244512700e-04;   -4444515
2.3627244244600e-04;   -4444517
2.3629075063900e-04;   -4444517
2.3631074402300e-04;   -4444518
2.3632905206300e-04;   -4444518
2.3634904548100e-04;   -4444518
2.3636901474200e-04;   -4444518
2.3638734679600e-04;   -4444517
2.3640731999200e-04;   -4444517
2.3642564802800e-04;   -4444516
2.3644561741400e-04;   -4444516
2.3646394955600e-04;   -4444514
2.3648392291700e-04;   -4444514
2.3650225106900e-04;   -4444512
2.3652222459900e-04;   -4444512
2.3654055269500e-04;   -4444511
2.3656052197400e-04;   -4444511
2.3658051932400e-04;   -4444510
2.3659882736400e-04;   -4444510
2.3661882066500e-04;   -4444511
2.3663712467700e-04;   -4444511
2.3665712204100e-04;   -4444513
2.3667542603700e-04;   -4444513
2.3669542350200e-04;   -4444516
2.3671373159000e-04;   -4444516
2.3673372490600e-04;   -4444518
2.3675369424900e-04;   -4444518
2.3677202625200e-04;   -4444521
2.3679199972000e-04;   -4444521
2.3681032763900e-04;   -4444523
2.3683030084700e-04;   -4444523
2.3684862908700e-04;   -4444523
2.3686859829600e-04;   -4444523
2.3688693058600e-04;   -4444523
2.3690690384400e-04;   -4444523
2.3692523192600e-04;   -4444523
2.3694520127100e-04;   -4444523
2.3696519863600e-04;   -4444524
2.3698350665400e-04;   -4444524
2.3700350005900e-04;   -4444523
2.3702180802200e-04;   -4444523
2.3704180138600e-04;   -4444523
2.3706010546900e-04;   -4444523
2.3708010268000e-04;   -4444522
2.3709841076800e-04;   -4444522
2.3711840412000e-04;   -4444521
2.3713837345800e-04;   -4444521
2.3715670533500e-04;   -4444521
2.3717667468600e-04;   -4444521
2.3719500681600e-04;   -4444522
2.3721498018600e-04;   -4444522
2.3723330838100e-04;   -4444522
2.3725327765200e-04;   -4444522
2.3727160985800e-04;   -4444523
2.3729158311500e-04;   -4444523
2.3730991121800e-04;   -4444524
2.3732988441600e-04;   -4444524
2.3734821234500e-04;   -4444523
2.3736818165500e-04;   -4444523
2.3738817884300e-04;   -4444522
2.3740648706500e-04;   -4444522
2.3742648049000e-04;   -4444522
2.3744478458900e-04;   -4444522
2.3746478189300e-04;   -4444522
2.3748308588200e-04;   -4444522
2.3750308315200e-04;   -4444522
2.3752139120700e-04;   -4444522
2.3754138453800e-04;   -4444523
2.3756135400800e-04;   -4444523
2.3757968602100e-04;   -4444524
2.3759965942300e-04;   -4444524
2.3761798748700e-04;   -4444524
2.3763795681000e-04;   -4444524
2.3765628897500e-04;   -4444524
2.3767625838100e-04;   -4444524
2.3769459024200e-04;   -4444524
2.3771456365100e-04;   -4444524
2.3773289172700e-04;   -4444524
2.3775286115100e-04;   -4444524
2.3777285847900e-04;   -4444524
2.3779116663200e-04;   -4444524
2.3781115988300e-04;   -4444524
2.3782946820100e-04;   -4444524
2.3784946161600e-04;   -4444523
2.3786776564100e-04;   -4444523
2.3788776310700e-04;   -4444520
2.3790607111600e-04;   -4444520
2.3792606463700e-04;   -4444517
2.3794603387300e-04;   -4444517
2.3796436593700e-04;   -4444514
2.3798433928300e-04;   -4444514
2.3800266741600e-04;   -4444511
2.3802264060400e-04;   -4444511
2.3804096882900e-04;   -4444508
2.3806093811500e-04;   -4444508
2.3807927024500e-04;   -4444505
2.3809924356900e-04;   -4444505
2.3811757160900e-04;   -4444503
2.3813754091800e-04;   -4444503
2.3815753832200e-04;   -4444502
2.3817584238500e-04;   -4444502
2.3819583976300e-04;   -4444502
2.3821414787300e-04;   -4444502
2.3823414126600e-04;   -4444504
2.3825244545700e-04;   -4444504
2.3827244271800e-04;   -4444505
2.3829075058400e-04;   -4444505
2.3831074395800e-04;   -4444507
2.3832905191200e-04;   -4444507
2.3834904542400e-04;   -4444507
2.3836901462000e-04;   -4444507
2.3838734676100e-04;   -4444507
2.3840732011100e-04;   -4444507
2.3842564819700e-04;   -4444506
2.3844561747600e-04;   -4444506
2.3846394961100e-04;   -4444505
2.3848391901200e-04;   -4444505
2.3850225096000e-04;   -4444503
2.3852222454000e-04;   -4444503
2.3854055265700e-04;   -4444500
2.3856052192400e-04;   -4444500
2.3858051935600e-04;   -4444496
2.3859882744100e-04;   -4444496
2.3861882098300e-04;   -4444491
2.3863712525500e-04;   -4444491
2.3865712253800e-04;   -4444486
2.3867542672000e-04;   -4444486
2.3869542401500e-04;   -4444482
2.3871373206000e-04;   -4444482
2.3873372535100e-04;   -4444479
2.3875369468300e-04;   -4444479
2.3877202674900e-04;   -4444478
2.3879200018000e-04;   -4444478
2.3881032792000e-04;   -4444477
2.3883030144600e-04;   -4444477
2.3884862935700e-04;   -4444477
2.3886859862800e-04;   -4444477
2.3888693059600e-04;   -4444476
2.3890690390000e-04;   -4444476
2.3892523195400e-04;   -4444476
2.3894520122500e-04;   -4444476
2.3896519856900e-04;   -4444476
2.3898350677000e-04;   -4444476
2.3900349995000e-04;   -4444477
2.3902180815400e-04;   -4444477
2.3904180159700e-04;   -4444478
2.3906010557900e-04;   -4444478
2.3908010306900e-04;   -4444481
2.3909841112200e-04;   -4444481
2.3911840458500e-04;   -4444485
2.3913837394100e-04;   -4444485
2.3915670588800e-04;   -4444490
2.3917667545500e-04;   -4444490
2.3919500740300e-04;   -4444495
2.3921498072200e-04;   -4444495
2.3923330883500e-04;   -4444501
2.3925327827600e-04;   -4444501
2.3927161037100e-04;   -4444506
2.3929158378400e-04;   -4444506
2.3930991175300e-04;   -4444510
2.3932988515500e-04;   -4444510
2.3934821339800e-04;   -4444512
2.3936818276700e-04;   -4444512
2.3938817992300e-04;   -4444513
2.3940648801600e-04;   -4444513
2.3942648115800e-04;   -4444513
2.3944478515500e-04;   -4444513
2.3946478260600e-04;   -4444512
2.3948308665600e-04;   -4444512
2.3950308392600e-04;   -4444511
2.3952139214700e-04;   -4444511
2.3954138546900e-04;   -4444508
2.3956135482100e-04;   -4444508
2.3957968702000e-04;   -4444505
2.3959966027800e-04;   -4444505
2.3961798842900e-04;   -4444502
2.3963795767500e-04;   -4444502
2.3965628979900e-04;   -4444499
2.3967625921200e-04;   -4444499
2.3969459117500e-04;   -4444497
2.3971456469400e-04;   -4444497
2.3973289256800e-04;   -4444496
2.3975286196200e-04;   -4444496
2.3977285934900e-04;   -4444496
2.3979116740900e-04;   -4444496
2.3981116082500e-04;   -4444496
2.3982946891100e-04;   -4444496
2.3984946237300e-04;   -4444495
2.3986776636000e-04;   -4444495
2.3988776361700e-04;   -4444494
2.3990607174700e-04;   -4444494
2.3992606505400e-04;   -4444493
2.3994603457200e-04;   -4444493
2.3996436653000e-04;   -4444492
2.3998433978100e-04;   -4444492
2.4000266777900e-04;   -4444492
2.4002264107300e-04;   -4444492
2.4004096906400e-04;   -4444493
2.4006093825800e-04;   -4444493
2.4007927024400e-04;   -4444494
2.4009924361200e-04;   -4444494
2.4011757165000e-04;   -4444497
2.4013754120200e-04;   -4444497
2.4015753858700e-04;   -4444500
2.4017584259700e-04;   -4444500
2.4019583989300e-04;   -4444505
2.4021414798900e-04;   -4444505
2.4023414133700e-04;   -4444509
2.4025244538700e-04;   -4444509
2.4027244280500e-04;   -4444513
2.4029075085400e-04;   -4444513
2.4031074417100e-04;   -4444516
2.4032905222300e-04;   -4444516
2.4034904543600e-04;   -4444518
2.4036901470300e-04;   -4444518
2.4038734684000e-04;   -4444518
2.4040732032700e-04;   -4444518
2.4042564844300e-04;   -4444517
2.4044561774400e-04;   -4444517
2.4046394976700e-04;   -4444516
2.4048391913000e-04;   -4444516
2.4050225112900e-04;   -4444515
2.4052222447100e-04;   -4444515
2.4054055246200e-04;   -4444514
2.4056052175100e-04;   -4444514
2.4058051912200e-04;   -4444513
2.4059882716600e-04;   -4444513
2.4061882055400e-04;   -4444512
2.4063712464300e-04;   -4444512
2.4065712187900e-04;   -4444511
2.4067542581300e-04;   -4444511
2.4069542326500e-04;   -4444511
2.4071373120200e-04;   -4444511
2.4073372461800e-04;   -4444511
2.4075369404500e-04;   -4444511
2.4077202601700e-04;   -4444512
2.4079199930400e-04;   -4444512
2.4081032722600e-04;   -4444512
2.4083030069300e-04;   -4444512
2.4084862885100e-04;   -4444512
2.4086859803200e-04;   -4444512
2.4088693001900e-04;   -4444514
2.4090690354800e-04;   -4444514
2.4092523163100e-04;   -4444516
2.4094520086600e-04;   -4444516
2.4096519826100e-04;   -4444519
2.4098350641800e-04;   -4444519
2.4100350007900e-04;   -4444522
2.4102180808200e-04;   -4444522
2.4104180127700e-04;   -4444524
2.4106010543000e-04;   -4444524
2.4108010276000e-04;   -4444526
2.4109841079700e-04;   -4444526
2.4111840411900e-04;   -4444527
2.4113837352400e-04;   -4444527
2.4115670571900e-04;   -4444529
2.4117667521600e-04;   -4444529
2.4119500717200e-04;   -4444530
2.4121498057100e-04;   -4444530
2.4123330864500e-04;   -4444532
2.4125327804200e-04;   -4444532
2.4127160994300e-04;   -4444533
2.4129158334300e-04;   -4444533
2.4130991121200e-04;   -4444533
2.4132988451700e-04;   -4444533
2.4134821259600e-04;   -4444532
2.4136818191300e-04;   -4444532
2.4138817926800e-04;   -4444530
2.4140648724600e-04;   -4444530
2.4142648061100e-04;   -4444527
2.4144478480700e-04;   -4444527
2.4146478206800e-04;   -4444524
2.4148308612300e-04;   -4444524
2.4150308357600e-04;   -4444522
2.4152139165600e-04;   -4444522
2.4154138496400e-04;   -4444520
2.4156135435000e-04;   -4444520
2.4157968633200e-04;   -4444518
2.4159965957600e-04;   -4444518
2.4161798759700e-04;   -4444516
2.4163795708500e-04;   -4444516
2.4165628895500e-04;   -4444514
2.4167625833900e-04;   -4444514
2.4169459050500e-04;   -4444514
2.4171456381200e-04;   -4444514
2.4173289186000e-04;   -4444513
2.4175286115400e-04;   -4444513
2.4177285842100e-04;   -4444513
2.4179116653100e-04;   -4444513
2.4181116000300e-04;   -4444513
2.4182946801500e-04;   -4444513
2.4184946153700e-04;   -4444513
2.4186776572900e-04;   -4444513
2.4188776305800e-04;   -4444511
2.4190607116700e-04;   -4444511
2.4192606450800e-04;   -4444509
2.4194603380800e-04;   -4444509
2.4196436587900e-04;   -4444507
2.4198433922100e-04;   -4444507
2.4200266739300e-04;   -4444505
2.4202264077400e-04;   -4444505
2.4204096897300e-04;   -4444502
2.4206093823400e-04;   -4444502
2.4207927027400e-04;   -4444500
2.4209924377400e-04;   -4444500
2.4211757184400e-04;   -4444499
2.4213754123000e-04;   -4444499
2.4215753850800e-04;   -4444499
2.4217584258600e-04;   -4444499
2.4219583995100e-04;   -4444500
2.4221414795400e-04;   -4444500
2.4223414130500e-04;   -4444502
2.4225244541000e-04;   -4444502
2.4227244277700e-04;   -4444504
2.4229075089200e-04;   -4444504
2.4231074413600e-04;   -4444506
2.4232905230300e-04;   -4444506
2.4234904563300e-04;   -4444507
2.4236901512300e-04;   -4444507
2.4238734710500e-04;   -4444507
2.4240732046900e-04;   -4444507
2.4242564851200e-04;   -4444507
2.4244561777100e-04;   -4444507
2.4246394990500e-04;   -4444506
2.4248392326900e-04;   -4444506
2.4250225122700e-04;   -4444504
2.4252222471800e-04;   -4444504
2.4254055275900e-04;   -4444502
2.4256052221800e-04;   -4444502
2.4258051959300e-04;   -4444501
2.4259882765000e-04;   -4444501
2.4261882111300e-04;   -4444500
2.4263712526900e-04;   -4444500
2.4265712267800e-04;   -4444500
2.4267542671300e-04;   -4444500
2.4269542416200e-04;   -4444502
2.4271373218600e-04;   -4444502
2.4273372557500e-04;   -4444503
2.4275369485200e-04;   -4444503
2.4277202669400e-04;   -4444506
2.4279200018300e-04;   -4444506
2.4281032847100e-04;   -4444507
2.4283030174400e-04;   -4444507
2.4284862987700e-04;   -4444508
2.4286859928000e-04;   -4444508
2.4288693131400e-04;   -4444508
2.4290690476700e-04;   -4444508
2.4292523296200e-04;   -4444508
2.4294520233300e-04;   -4444508
2.4296519969900e-04;   -4444507
2.4298350379100e-04;   -4444507
2.4300350116800e-04;   -4444505
2.4302180919500e-04;   -4444505
2.4304180248200e-04;   -4444503
2.4306010656500e-04;   -4444503
2.4308010365700e-04;   -4444501
2.4309841184300e-04;   -4444501
2.4311840530700e-04;   -4444498
2.4313837443600e-04;   -4444498
2.4315670645900e-04;   -4444496
2.4317667584500e-04;   -4444496
2.4319500795200e-04;   -4444494
2.4321498138100e-04;   -4444494
2.4323330943100e-04;   -4444494
2.4325327873600e-04;   -4444494
2.4327161069200e-04;   -4444494
2.4329158400800e-04;   -4444494
2.4330991206000e-04;   -4444494
2.4332988555300e-04;   -4444494
2.4334821368400e-04;   -4444494
2.4336818308000e-04;   -4444494
2.4338818026000e-04;   -4444494
2.4340648839800e-04;   -4444494
2.4342648161900e-04;   -4444493
2.4344478580500e-04;   -4444493
2.4346478305500e-04;   -4444492
2.4348308723700e-04;   -4444492
2.4350308449900e-04;   -4444491
2.4352139256200e-04;   -4444491
2.4354138588200e-04;   -4444490
2.4356135519300e-04;   -4444490
2.4357968741700e-04;   -4444489
2.4359966071500e-04;   -4444489
2.4361798880000e-04;   -4444487
2.4363795809500e-04;   -4444487
2.4365629006600e-04;   -4444486
2.4367625939600e-04;   -4444486
2.4369459161100e-04;   -4444486
2.4371456494700e-04;   -4444486
2.4373289304600e-04;   -4444486
2.4375286231600e-04;   -4444486
2.4377285962600e-04;   -4444487
2.4379116743300e-04;   -4444487
2.4381116085300e-04;   -4444488
2.4382946890000e-04;   -4444488
2.4384946232800e-04;   -4444489
2.4386776641900e-04;   -4444489
2.4388776373900e-04;   -4444489
2.4390607193300e-04;   -4444489
2.4392606530100e-04;   -4444489
2.4394603469400e-04;   -4444489
2.4396436691700e-04;   -4444489
2.4398433617600e-04;   -4444489
2.4400266825800e-04;   -4444489
2.4402264149600e-04;   -4444489
2.4404096961000e-04;   -4444488
2.4406093890900e-04;   -4444488
2.4407927098000e-04;   -4444487
2.4409924426900e-04;   -4444487
2.4411757227900e-04;   -4444486
2.4413754159200e-04;   -4444486
2.4415753890300e-04;   -4444485
2.4417584309800e-04;   -4444485
2.4419584042900e-04;   -4444485
2.4421414846500e-04;   -4444485
2.4423414176700e-04;   -4444485
2.4425244565600e-04;   -4444485
2.4427244300800e-04;   -4444487
2.4429075098500e-04;   -4444487
2.4431074451400e-04;   -4444488
2.4432905251300e-04;   -4444488
2.4434904593800e-04;   -4444489
2.4436901535300e-04;   -4444489
2.4438734747100e-04;   -4444489
2.4440732096600e-04;   -4444489
2.4442564902000e-04;   -4444489
2.4444561844300e-04;   -4444489
2.4446395050700e-04;   -4444489
2.4448392380100e-04;   -4444489
2.4450225183200e-04;   -4444489
2.4452222509400e-04;   -4444489
2.4454055328900e-04;   -4444488
2.4456052265400e-04;   -4444488
2.4458051997200e-04;   -4444488
2.4459882804400e-04;   -4444488
2.4461882148200e-04;   -4444489
2.4463712565600e-04;   -4444489
2.4465712291600e-04;   -4444490
2.4467542693000e-04;   -4444490
2.4469542438800e-04;   -4444493
2.4471373227600e-04;   -4444493
2.4473372549900e-04;   -4444496
2.4475369492600e-04;   -4444496
2.4477202704800e-04;   -4444499
2.4479200022100e-04;   -4444499
2.4481032828000e-04;   -4444502
2.4483030151400e-04;   -4444502
2.4484862954700e-04;   -4444504
2.4486859901200e-04;   -4444504
2.4488693112300e-04;   -4444505
2.4490690450800e-04;   -4444505
2.4492523255200e-04;   -4444505
2.4494520188100e-04;   -4444505
2.4496519932400e-04;   -4444504
2.4498350335100e-04;   -4444504
2.4500350067000e-04;   -4444503
2.4502180876500e-04;   -4444503
2.4504180227200e-04;   -4444502
2.4506010638800e-04;   -4444502
2.4508010399600e-04;   -4444500
2.4509841209300e-04;   -4444500
2.4511840549500e-04;   -4444497
2.4513837475600e-04;   -4444497
2.4515670672600e-04;   -4444495
2.4517667618800e-04;   -4444495
2.4519500807700e-04;   -4444494
2.4521498140800e-04;   -4444494
2.4523330958000e-04;   -4444494
2.4525327881400e-04;   -4444494
2.4527161091200e-04;   -4444494
2.4529158418700e-04;   -4444494
2.4530991229600e-04;   -4444494
2.4532988560000e-04;   -4444494
2.4534821381200e-04;   -4444495
2.4536818313800e-04;   -4444495
2.4538818069900e-04;   -4444494
2.4540648868800e-04;   -4444494
2.4542648204900e-04;   -4444494
2.4544478628300e-04;   -4444494
2.4546478340200e-04;   -4444493
2.4548309147400e-04;   -4444493
2.4550308473800e-04;   -4444492
2.4552139285500e-04;   -4444492
2.4554138616800e-04;   -4444491
2.4556135553300e-04;   -4444491
2.4557968757300e-04;   -4444490
2.4559966109700e-04;   -4444490
2.4561798914700e-04;   -4444491
2.4563795872600e-04;   -4444491
2.4565629084000e-04;   -4444492
2.4567626011900e-04;   -4444492
2.4569459234500e-04;   -4444494
2.4571456556000e-04;   -4444494
2.4573289367300e-04;   -4444497
2.4575286310000e-04;   -4444497
2.4577286038700e-04;   -4444500
2.4579116831900e-04;   -4444500
2.4581116158500e-04;   -4444503
2.4582946979100e-04;   -4444503
2.4584946289200e-04;   -4444505
2.4586776698400e-04;   -4444505
2.4588776426700e-04;   -4444506
2.4590607223300e-04;   -4444506
2.4592606566300e-04;   -4444506
2.4594603497500e-04;   -4444506
2.4596436708400e-04;   -4444505
2.4598434061200e-04;   -4444505
2.4600266865300e-04;   -4444504
2.4602264204900e-04;   -4444504
2.4604097007000e-04;   -4444503
2.4606093952000e-04;   -4444503
2.4607927163400e-04;   -4444501
2.4609924500900e-04;   -4444501
2.4611757314700e-04;   -4444501
2.4613754248200e-04;   -4444501
2.4615753984500e-04;   -4444501
2.4617584403500e-04;   -4444501
2.4619584129200e-04;   -4444503
2.4621414941700e-04;   -4444503
2.4623414255600e-04;   -4444505
2.4625244654300e-04;   -4444505
2.4627244386800e-04;   -4444507
2.4629075189500e-04;   -4444507
2.4631074521300e-04;   -4444509
2.4632905334400e-04;   -4444509
2.4634904679800e-04;   -4444510
2.4636901603200e-04;   -4444510
2.4638734818800e-04;   -4444510
2.4640732128900e-04;   -4444510
2.4642564939200e-04;   -4444509
2.4644561862000e-04;   -4444509
2.4646395060200e-04;   -4444508
2.4648391985100e-04;   -4444508
2.4650225185700e-04;   -4444507
2.4652222507100e-04;   -4444507
2.4654055308600e-04;   -4444505
2.4656052237600e-04;   -4444505
2.4658051995700e-04;   -4444502
2.4659882799500e-04;   -4444502
2.4661882148700e-04;   -4444500
2.4663712552000e-04;   -4444500
2.4665712282900e-04;   -4444497
2.4667542681100e-04;   -4444497
2.4669542414400e-04;   -4444496
2.4671373231900e-04;   -4444496
2.4673372566900e-04;   -4444495
2.4675369506400e-04;   -4444495
2.4677202723100e-04;   -4444495
2.4679200047800e-04;   -4444495
2.4681032864500e-04;   -4444496
2.4683030195100e-04;   -4444496
2.4684863000700e-04;   -4444496
2.4686859930400e-04;   -4444496
2.4688693141800e-04;   -4444495
2.4690690476200e-04;   -4444495
2.4692523293400e-04;   -4444495
2.4694520234300e-04;   -4444495
2.4696519964100e-04;   -4444494
2.4698350771200e-04;   -4444494
2.4700350109300e-04;   -4444493
2.4702180924900e-04;   -4444493
2.4704180255500e-04;   -4444492
2.4706010654500e-04;   -4444492
2.4708010401500e-04;   -4444491
2.4709841204600e-04;   -4444491
2.4711840542900e-04;   -4444492
2.4713837477100e-04;   -4444492
2.4715670673900e-04;   -4444493
2.4717667619500e-04;   -4444493
2.4719500822800e-04;   -4444495
2.4721498152600e-04;   -4444495
2.4723330956300e-04;   -4444498
2.4725327890800e-04;   -4444498
2.4727161087100e-04;   -4444501
2.4729158399900e-04;   -4444501
2.4730991211500e-04;   -4444504
2.4732988544000e-04;   -4444504
2.4734821340700e-04;   -4444506
2.4736818288600e-04;   -4444506
2.4738818032200e-04;   -4444506
2.4740648824500e-04;   -4444506
2.4742648151500e-04;   -4444506
2.4744478561600e-04;   -4444506
2.4746478281000e-04;   -4444506
2.4748308681300e-04;   -4444506
2.4750308429700e-04;   -4444505
2.4752139227800e-04;   -4444505
2.4754138586400e-04;   -4444503
2.4756135526600e-04;   -4444503
2.4757968729200e-04;   -4444501
2.4759966055800e-04;   -4444501
2.4761798867800e-04;   -4444499
2.4763795803400e-04;   -4444499
2.4765629004500e-04;   -4444497
2.4767625949300e-04;   -4444497
2.4769459148700e-04;   -4444495
2.4771456490000e-04;   -4444495
2.4773289298800e-04;   -4444495
2.4775286218600e-04;   -4444495
2.4777285949500e-04;   -4444495
2.4779116741800e-04;   -4444495
2.4781116077400e-04;   -4444496
2.4782946882200e-04;   -4444496
2.4784946228500e-04;   -4444496
2.4786776641500e-04;   -4444496
2.4788776376700e-04;   -4444495
2.4790607190000e-04;   -4444495
2.4792606524500e-04;   -4444495
2.4794603468800e-04;   -4444495
2.4796436659400e-04;   -4444494
2.4798433587400e-04;   -4444494
2.4800266782000e-04;   -4444493
2.4802264127300e-04;   -4444493
2.4804096946000e-04;   -4444492
2.4806093867900e-04;   -4444492
2.4807927072100e-04;   -4444491
2.4809924410000e-04;   -4444491
2.4811757215300e-04;   -4444489
2.4813754169400e-04;   -4444489
2.4815753895200e-04;   -4444488
2.4817584313700e-04;   -4444488
2.4819584060900e-04;   -4444488
2.4821414866600e-04;   -4444488
2.4823414192900e-04;   -4444488
2.4825244612100e-04;   -4444488
2.4827244353700e-04;   -4444489
2.4829075161000e-04;   -4444489
2.4831074491000e-04;   -4444491
2.4832905303300e-04;   -4444491
2.4834904652600e-04;   -4444491
2.4836901586300e-04;   -4444491
2.4838734800000e-04;   -4444492
2.4840732142100e-04;   -4444492
2.4842564956300e-04;   -4444492
2.4844561893400e-04;   -4444492
2.4846395102700e-04;   -4444492
2.4848392447000e-04;   -4444492
2.4850225265200e-04;   -4444491
2.4852222587700e-04;   -4444491
2.4854055405900e-04;   -4444490
2.4856052348000e-04;   -4444490
2.4858052072700e-04;   -4444490
2.4859882878800e-04;   -4444490
2.4861882217200e-04;   -4444491
2.4863712634600e-04;   -4444491
2.4865712373600e-04;   -4444492
2.4867542789600e-04;   -4444492
2.4869542528400e-04;   -4444495
2.4871373339200e-04;   -4444495
2.4873372655500e-04;   -4444498
2.4875369579200e-04;   -4444498
2.4877202781900e-04;   -4444501
2.4879200114400e-04;   -4444501
2.4881032923900e-04;   -4444504
2.4883030261800e-04;   -4444504
2.4884863062500e-04;   -4444506
2.4886859988700e-04;   -4444506
2.4888693204600e-04;   -4444507
2.4890690533600e-04;   -4444507
2.4892523351100e-04;   -4444507
2.4894520277700e-04;   -4444507
2.4896520011900e-04;   -4444506
2.4898350411500e-04;   -4444506
2.4900350156800e-04;   -4444505
2.4902180965500e-04;   -4444505
2.4904180310300e-04;   -4444504
2.4906010714700e-04;   -4444504
2.4908010446700e-04;   -4444502
2.4909841268500e-04;   -4444502
2.4911840609500e-04;   -4444499
2.4913837536500e-04;   -4444499
2.4915670756400e-04;   -4444497
2.4917667679000e-04;   -4444497
2.4919500897600e-04;   -4444496
2.4921498233900e-04;   -4444496
2.4923331045300e-04;   -4444496
2.4925327984600e-04;   -4444496
2.4927161194000e-04;   -4444496
2.4929158532100e-04;   -4444496
2.4930991338800e-04;   -4444496
2.4932988683300e-04;   -4444496
2.4934821491900e-04;   -4444497
2.4936818434700e-04;   -4444497
2.4938818180700e-04;   -4444496
2.4940648986800e-04;   -4444496
2.4942648331200e-04;   -4444495
2.4944478738300e-04;   -4444495
2.4946478471600e-04;   -4444492
2.4948308872300e-04;   -4444492
2.4950308612800e-04;   -4444489
2.4952139413900e-04;   -4444489
2.4954138721400e-04;   -4444484
2.4956135663400e-04;   -4444484
2.4957968873700e-04;   -4444479
2.4959966186400e-04;   -4444479
2.4961798985000e-04;   -4444472
2.4963795924700e-04;   -4444472
2.4965629127100e-04;   -4444467
2.4967626053200e-04;   -4444467
2.4969459284100e-04;   -4444464
2.4971456618000e-04;   -4444464
2.4973289422300e-04;   -4444462
2.4975286370100e-04;   -4444462
2.4977286101400e-04;   -4444461
2.4979116889200e-04;   -4444461
2.4981116233400e-04;   -4444462
2.4982947037100e-04;   -4444462
2.4984946372500e-04;   -4444463
2.4986776783200e-04;   -4444463
2.4988776520200e-04;   -4444464
2.4990607321500e-04;   -4444464
2.4992606670100e-04;   -4444464
2.4994603593300e-04;   -4444464
2.4996436805700e-04;   -4444464
2.4998434127700e-04;   -4444464
2.5000266944600e-04;   -4444463
2.5002264279600e-04;   -4444463
2.5004097080900e-04;   -4444461
2.5006094021000e-04;   -4444461
2.5007927230300e-04;   -4444459
2.5009924553900e-04;   -4444459
2.5011757361400e-04;   -4444457
2.5013754302500e-04;   -4444457
2.5015754035300e-04;   -4444456
2.5017584450100e-04;   -4444456
2.5019584183900e-04;   -4444457
2.5021414989200e-04;   -4444457
2.5023414308300e-04;   -4444460
2.5025244720600e-04;   -4444460
2.5027244470200e-04;   -4444463
2.5029075280800e-04;   -4444463
2.5031074623200e-04;   -4444467
2.5032905444800e-04;   -4444467
2.5034904768000e-04;   -4444470
2.5036901698500e-04;   -4444470
2.5038734926500e-04;   -4444473
2.5040732259400e-04;   -4444473
2.5042565070800e-04;   -4444474
2.5044562001200e-04;   -4444474
2.5046395203300e-04;   -4444475
2.5048392135200e-04;   -4444475
2.5050225348900e-04;   -4444474
2.5052222686200e-04;   -4444474
2.5054055460100e-04;   -4444473
2.5056052396700e-04;   -4444473
2.5058052151600e-04;   -4444471
2.5059882954200e-04;   -4444471
2.5061882291600e-04;   -4444469
2.5063712688900e-04;   -4444469
2.5065712433900e-04;   -4444468
2.5067542854400e-04;   -4444468
2.5069542572600e-04;   -4444468
2.5071373386300e-04;   -4444468
2.5073372718900e-04;   -4444469
2.5075369658100e-04;   -4444469
2.5077202869500e-04;   -4444471
2.5079200200400e-04;   -4444471
2.5081032995100e-04;   -4444473
2.5083030318000e-04;   -4444473
2.5084863127500e-04;   -4444475
2.5086860058900e-04;   -4444475
2.5088693274500e-04;   -4444477
2.5090690606400e-04;   -4444477
2.5092523415900e-04;   -4444478
2.5094520366600e-04;   -4444478
2.5096520092600e-04;   -4444480
2.5098350488500e-04;   -4444480
2.5100350226400e-04;   -4444481
2.5102181038600e-04;   -4444481
2.5104180374000e-04;   -4444482
2.5106010785300e-04;   -4444482
2.5108010521900e-04;   -4444482
2.5109841330600e-04;   -4444482
2.5111840673000e-04;   -4444482
2.5113837596000e-04;   -4444482
2.5115670808000e-04;   -4444482
2.5117667733500e-04;   -4444482
2.5119500939400e-04;   -4444483
2.5121498289400e-04;   -4444483
2.5123331087300e-04;   -4444484
2.5125328031900e-04;   -4444484
2.5127161234200e-04;   -4444486
2.5129158570900e-04;   -4444486
2.5130991385900e-04;   -4444488
2.5132988716600e-04;   -4444488
2.5134821528600e-04;   -4444490
2.5136818450400e-04;   -4444490
2.5138818194300e-04;   -4444490
2.5140648999500e-04;   -4444490
2.5142648346100e-04;   -4444490
2.5144478758900e-04;   -4444490
2.5146478507200e-04;   -4444488
2.5148308889500e-04;   -4444488
2.5150308628800e-04;   -4444486
2.5152139420100e-04;   -4444486
2.5154138760900e-04;   -4444482
2.5156135698500e-04;   -4444482
2.5157968900600e-04;   -4444477
2.5159966241800e-04;   -4444477
2.5161799048100e-04;   -4444471
2.5163795977600e-04;   -4444471
2.5165629190900e-04;   -4444466
2.5167626130300e-04;   -4444466
2.5169459330800e-04;   -4444463
2.5171456677900e-04;   -4444463
2.5173289487400e-04;   -4444461
2.5175286407600e-04;   -4444461
2.5177286162100e-04;   -4444461
2.5179116976800e-04;   -4444461
2.5181116316600e-04;   -4444462
2.5182947121100e-04;   -4444462
2.5184946446100e-04;   -4444463
2.5186776848400e-04;   -4444463
2.5188776592200e-04;   -4444464
2.5190607382700e-04;   -4444464
2.5192606715700e-04;   -4444466
2.5194603656900e-04;   -4444466
2.5196436858000e-04;   -4444468
2.5198433788500e-04;   -4444468
2.5200266994700e-04;   -4444469
2.5202264342200e-04;   -4444469
2.5204097148500e-04;   -4444470
2.5206094078900e-04;   -4444470
2.5207927304700e-04;   -4444469
2.5209924640100e-04;   -4444469
2.5211757449200e-04;   -4444467
2.5213754384900e-04;   -4444467
2.5215754121800e-04;   -4444466
2.5217584522500e-04;   -4444466
2.5219584263100e-04;   -4444465
2.5221415060900e-04;   -4444465
2.5223414386900e-04;   -4444466
2.5225244790900e-04;   -4444466
2.5227244538100e-04;   -4444467
2.5229075344200e-04;   -4444467
2.5231074680100e-04;   -4444469
2.5232905500000e-04;   -4444469
2.5234904837400e-04;   -4444470
2.5236901764100e-04;   -4444470
2.5238734961400e-04;   -4444472
2.5240732295500e-04;   -4444472
2.5242565097400e-04;   -4444473
2.5244562035600e-04;   -4444473
2.5246395237600e-04;   -4444475
2.5248392171700e-04;   -4444475
2.5250225366400e-04;   -4444476
2.5252222706700e-04;   -4444476
2.5254055524000e-04;   -4444476
2.5256052448700e-04;   -4444476
2.5258052161600e-04;   -4444475
2.5259882966700e-04;   -4444475
2.5261882312200e-04;   -4444472
2.5263712721400e-04;   -4444472
2.5265712444200e-04;   -4444470
2.5267542846300e-04;   -4444470
2.5269542576000e-04;   -4444469
2.5271373385400e-04;   -4444469
2.5273372716900e-04;   -4444469
2.5275369653700e-04;   -4444469
2.5277202857600e-04;   -4444470
2.5279200208000e-04;   -4444470
2.5281033021300e-04;   -4444471
2.5283030345000e-04;   -4444471
2.5284863160500e-04;   -4444473
2.5286860086800e-04;   -4444473
2.5288693288500e-04;   -4444474
2.5290690627400e-04;   -4444474
2.5292523449000e-04;   -4444474
2.5294520378700e-04;   -4444474
2.5296520110800e-04;   -4444474
2.5298350509300e-04;   -4444474
2.5300350238700e-04;   -4444472
2.5302181032700e-04;   -4444472
2.5304180371300e-04;   -4444469
2.5306010771400e-04;   -4444469
2.5308010509200e-04;   -4444465
2.5309841316500e-04;   -4444465
2.5311840667900e-04;   -4444461
2.5313837607300e-04;   -4444461
2.5315670809200e-04;   -4444457
2.5317667728400e-04;   -4444457
2.5319500939400e-04;   -4444455
2.5321498273500e-04;   -4444455
2.5323331063400e-04;   -4444455
2.5325327994100e-04;   -4444455
2.5327161205800e-04;   -4444455
2.5329158541700e-04;   -4444455
2.5330991332300e-04;   -4444457
2.5332988667200e-04;   -4444457
2.5334821471400e-04;   -4444459
2.5336818428200e-04;   -4444459
2.5338818139700e-04;   -4444461
2.5340648955100e-04;   -4444461
2.5342648298500e-04;   -4444462
2.5344478706100e-04;   -4444462
2.5346478445400e-04;   -4444463
2.5348309251500e-04;   -4444463
2.5350308601900e-04;   -4444462
2.5352139398700e-04;   -4444462
2.5354138741700e-04;   -4444461
2.5356135670500e-04;   -4444461
2.5357968879200e-04;   -4444459
2.5359966218000e-04;   -4444459
2.5361799022500e-04;   -4444457
2.5363795971000e-04;   -4444457
2.5365629190500e-04;   -4444457
2.5367626131900e-04;   -4444457
2.5369459342500e-04;   -4444458
2.5371456676000e-04;   -4444458
2.5373289486700e-04;   -4444461
2.5375286404800e-04;   -4444461
2.5377286141600e-04;   -4444464
2.5379116955000e-04;   -4444464
2.5381116294500e-04;   -4444468
2.5382947102000e-04;   -4444468
2.5384946428100e-04;   -4444471
2.5386776835100e-04;   -4444471
2.5388776574500e-04;   -4444474
2.5390607370400e-04;   -4444474
2.5392606693100e-04;   -4444476
2.5394603628800e-04;   -4444476
2.5396436842300e-04;   -4444476
2.5398433774000e-04;   -4444476
2.5400266982100e-04;   -4444476
2.5402264308400e-04;   -4444476
2.5404097114200e-04;   -4444473
2.5406094027500e-04;   -4444473
2.5407927237100e-04;   -4444470
2.5409924568200e-04;   -4444470
2.5411757385800e-04;   -4444465
2.5413754306100e-04;   -4444465
2.5415754030300e-04;   -4444461
2.5417584439000e-04;   -4444461
2.5419584160700e-04;   -4444459
2.5421414976400e-04;   -4444459
2.5423414299400e-04;   -4444458
2.5425244714500e-04;   -4444458
2.5427244441200e-04;   -4444459
2.5429075256800e-04;   -4444459
2.5431074590100e-04;   -4444460
2.5432905378300e-04;   -4444460
2.5434904709300e-04;   -4444462
2.5436901635100e-04;   -4444462
2.5438734845300e-04;   -4444463
2.5440732186500e-04;   -4444463
2.5442564988100e-04;   -4444465
2.5444561936500e-04;   -4444465
2.5446395142700e-04;   -4444468
2.5448392078100e-04;   -4444468
2.5450225286100e-04;   -4444469
2.5452222631800e-04;   -4444469
2.5454055432100e-04;   -4444470
2.5456052379400e-04;   -4444470
2.5458052109400e-04;   -4444470
2.5459882907100e-04;   -4444470
2.5461882250100e-04;   -4444468
2.5463712661100e-04;   -4444468
2.5465712389300e-04;   -4444467
2.5467542796400e-04;   -4444467
2.5469542528600e-04;   -4444466
2.5471373351800e-04;   -4444466
2.5473372677200e-04;   -4444467
2.5475369605000e-04;   -4444467
2.5477202810300e-04;   -4444468
2.5479200140200e-04;   -4444468
2.5481032954500e-04;   -4444470
2.5483030289800e-04;   -4444470
2.5484863097900e-04;   -4444472
2.5486860026300e-04;   -4444472
2.5488693251600e-04;   -4444473
2.5490690574700e-04;   -4444473
2.5492523396400e-04;   -4444474
2.5494520320000e-04;   -4444474
2.5496520038000e-04;   -4444476
2.5498350447900e-04;   -4444476
2.5500350178900e-04;   -4444477
2.5502180995000e-04;   -4444477
2.5504180332200e-04;   -4444477
2.5506010744900e-04;   -4444477
2.5508010486000e-04;   -4444476
2.5509841288300e-04;   -4444476
2.5511840612800e-04;   -4444474
2.5513837538400e-04;   -4444474
2.5515670748700e-04;   -4444472
2.5517667704900e-04;   -4444472
2.5519500913000e-04;   -4444471
2.5521498268700e-04;   -4444471
2.5523331075100e-04;   -4444470
2.5525328007700e-04;   -4444470
2.5527161221400e-04;   -4444471
2.5529158554300e-04;   -4444471
2.5530991366400e-04;   -4444473
2.5532988704900e-04;   -4444473
2.5534821504400e-04;   -4444474
2.5536818456700e-04;   -4444474
2.5538818195500e-04;   -4444475
2.5540648999200e-04;   -4444475
2.5542648347700e-04;   -4444475
2.5544478748400e-04;   -4444475
2.5546478487500e-04;   -4444475
2.5548308887300e-04;   -4444475
2.5550308626900e-04;   -4444473
2.5552139436100e-04;   -4444473
2.5554138770700e-04;   -4444471
2.5556135710700e-04;   -4444471
2.5557968904500e-04;   -4444467
2.5559966247500e-04;   -4444467
2.5561799066100e-04;   -4444462
2.5563795998200e-04;   -4444462
2.5565629207300e-04;   -4444459
2.5567626145100e-04;   -4444459
2.5569459364500e-04;   -4444457
2.5571456701900e-04;   -4444457
2.5573289523000e-04;   -4444456
2.5575286444000e-04;   -4444456
2.5577286172800e-04;   -4444457
2.5579116974700e-04;   -4444457
2.5581116317700e-04;   -4444458
2.5582947115000e-04;   -4444458
2.5584946447900e-04;   -4444460
2.5586776867000e-04;   -4444460
2.5588776605900e-04;   -4444462
2.5590607423700e-04;   -4444462
2.5592606745800e-04;   -4444463
2.5594603676000e-04;   -4444463
2.5596436890100e-04;   -4444464
2.5598433821200e-04;   -4444464
2.5600267032200e-04;   -4444464
2.5602264364000e-04;   -4444464
2.5604097169200e-04;   -4444462
2.5606094110300e-04;   -4444462
2.5607927327700e-04;   -4444459
2.5609924653500e-04;   -4444459
2.5611757461900e-04;   -4444456
2.5613754400700e-04;   -4444456
2.5615754141200e-04;   -4444453
2.5617584537400e-04;   -4444453
2.5619584270100e-04;   -4444452
2.5621415084400e-04;   -4444452
2.5623414414800e-04;   -4444452
2.5625244817100e-04;   -4444452
2.5627244551100e-04;   -4444453
2.5629075363700e-04;   -4444453
2.5631074691600e-04;   -4444455
2.5632905489000e-04;   -4444455
2.5634904816300e-04;   -4444458
2.5636901751300e-04;   -4444458
2.5638734953900e-04;   -4444460
2.5640732292600e-04;   -4444460
2.5642565090200e-04;   -4444462
2.5644562047400e-04;   -4444462
2.5646395257300e-04;   -4444463
2.5648392187500e-04;   -4444463
2.5650225397900e-04;   -4444463
2.5652222719500e-04;   -4444463
2.5654055529700e-04;   -4444462
2.5656052469300e-04;   -4444462
2.5658052226300e-04;   -4444461
2.5659883004500e-04;   -4444461
2.5661882347200e-04;   -4444460
2.5663712746000e-04;   -4444460
2.5665712468800e-04;   -4444460
2.5667542876500e-04;   -4444460
2.5669542614900e-04;   -4444462
2.5671373420700e-04;   -4444462
2.5673372766100e-04;   -4444464
2.5675369707400e-04;   -4444464
2.5677202906300e-04;   -4444467
2.5679200238500e-04;   -4444467
2.5681033047000e-04;   -4444470
2.5683030385900e-04;   -4444470
2.5684863187200e-04;   -4444473
2.5686860102400e-04;   -4444473
2.5688693310300e-04;   -4444476
2.5690690637700e-04;   -4444476
2.5692523451000e-04;   -4444477
2.5694520389900e-04;   -4444477
2.5696520128600e-04;   -4444477
2.5698350528700e-04;   -4444477
2.5700350267400e-04;   -4444476
2.5702181072600e-04;   -4444476
2.5704180395400e-04;   -4444474
2.5706010801100e-04;   -4444474
2.5708010547600e-04;   -4444470
2.5709841355000e-04;   -4444470
2.5711840677700e-04;   -4444465
2.5713837600800e-04;   -4444465
2.5715670809600e-04;   -4444462
2.5717667747400e-04;   -4444462
2.5719500962200e-04;   -4444460
2.5721498280900e-04;   -4444460
2.5723331090300e-04;   -4444459
2.5725328019000e-04;   -4444459
2.5727161224100e-04;   -4444459
2.5729158567400e-04;   -4444459
2.5730991370300e-04;   -4444461
2.5732988703400e-04;   -4444461
2.5734821504700e-04;   -4444463
2.5736818438600e-04;   -4444463
2.5738818160900e-04;   -4444464
2.5740648976000e-04;   -4444464
2.5742648312400e-04;   -4444465
2.5744478722300e-04;   -4444465
2.5746478466000e-04;   -4444466
2.5748309264600e-04;   -4444466
2.5750308606700e-04;   -4444465
2.5752139398800e-04;   -4444465
2.5754138715300e-04;   -4444464
2.5756135668500e-04;   -4444464
2.5757968859600e-04;   -4444464
2.5759966182600e-04;   -4444464
2.5761799005200e-04;   -4444465
2.5763795937400e-04;   -4444465
2.5765629138000e-04;   -4444467
2.5767626062700e-04;   -4444467
2.5769459268200e-04;   -4444471
2.5771456617600e-04;   -4444471
2.5773289420200e-04;   -4444475
2.5775286360100e-04;   -4444475
2.5777286085700e-04;   -4444480
2.5779116880300e-04;   -4444480
2.5781116211200e-04;   -4444485
2.5782947014500e-04;   -4444485
2.5784946353200e-04;   -4444489
2.5786776753900e-04;   -4444489
2.5788776477700e-04;   -4444492
2.5790607268800e-04;   -4444492
2.5792606615900e-04;   -4444493
2.5794603542500e-04;   -4444493
2.5796436750200e-04;   -4444493
2.5798433672000e-04;   -4444493
2.5800266881500e-04;   -4444491
2.5802264215600e-04;   -4444491
2.5804097019300e-04;   -4444488
2.5806093957800e-04;   -4444488
2.5807927152200e-04;   -4444483
2.5809924487800e-04;   -4444483
2.5811757307000e-04;   -4444477
2.5813754236400e-04;   -4444477
2.5815753971600e-04;   -4444472
2.5817584383800e-04;   -4444472
2.5819584115200e-04;   -4444469
2.5821414926200e-04;   -4444469
2.5823414259600e-04;   -4444467
2.5825244660200e-04;   -4444467
2.5827244387400e-04;   -4444467
2.5829075213200e-04;   -4444467
2.5831074543700e-04;   -4444467
2.5832905350700e-04;   -4444467
2.5834904669100e-04;   -4444468
2.5836901622000e-04;   -4444468
2.5838734826400e-04;   -4444469
2.5840732163200e-04;   -4444469
2.5842564966600e-04;   -4444471
2.5844561900300e-04;   -4444471
2.5846395103700e-04;   -4444472
2.5848392431000e-04;   -4444472
2.5850225227800e-04;   -4444474
2.5852222559600e-04;   -4444474
2.5854055362400e-04;   -4444475
2.5856052301800e-04;   -4444475
2.5858052037900e-04;   -4444477
2.5859882860600e-04;   -4444477
2.5861882205500e-04;   -4444479
2.5863712616300e-04;   -4444479
2.5865712340200e-04;   -4444483
2.5867542751300e-04;   -4444483
2.5869542481400e-04;   -4444487
2.5871373271800e-04;   -4444487
2.5873372604700e-04;   -4444492
2.5875369543800e-04;   -4444492
2.5877202765300e-04;   -4444497
2.5879200095100e-04;   -4444497
2.5881032919300e-04;   -4444501
2.5883030241500e-04;   -4444501
2.5884863050500e-04;   -4444504
2.5886859994300e-04;   -4444504
2.5888693195900e-04;   -4444506
2.5890690538700e-04;   -4444506
2.5892523333200e-04;   -4444507
2.5894520287200e-04;   -4444507
2.5896520018400e-04;   -4444507
2.5898350431100e-04;   -4444507
2.5900350162600e-04;   -4444507
2.5902180951800e-04;   -4444507
2.5904180294500e-04;   -4444505
2.5906010704600e-04;   -4444505
2.5908010423100e-04;   -4444501
2.5909841245500e-04;   -4444501
2.5911840573500e-04;   -4444497
2.5913837521000e-04;   -4444497
2.5915670725400e-04;   -4444493
2.5917667656000e-04;   -4444493
2.5919500858200e-04;   -4444490
2.5921498203400e-04;   -4444490
2.5923331009900e-04;   -4444487
2.5925327940500e-04;   -4444487
2.5927161133500e-04;   -4444486
2.5929158459000e-04;   -4444486
2.5930991273800e-04;   -4444486
2.5932988621300e-04;   -4444486
2.5934821408000e-04;   -4444486
2.5936818334400e-04;   -4444486
2.5938818062600e-04;   -4444485
2.5940648871800e-04;   -4444485
2.5942648195100e-04;   -4444485
2.5944478594700e-04;   -4444485
2.5946478325900e-04;   -4444485
2.5948309147800e-04;   -4444485
2.5950308479000e-04;   -4444486
2.5952139295000e-04;   -4444486
2.5954138635000e-04;   -4444486
2.5956135559900e-04;   -4444486
2.5957968759200e-04;   -4444486
2.5959966101000e-04;   -4444486
2.5961798892900e-04;   -4444487
2.5963795836800e-04;   -4444487
2.5965629037500e-04;   -4444490
2.5967625976300e-04;   -4444490
2.5969459189900e-04;   -4444493
2.5971456529300e-04;   -4444493
2.5973289334000e-04;   -4444497
2.5975286279300e-04;   -4444497
2.5977285992600e-04;   -4444501
2.5979116795200e-04;   -4444501
2.5981116138200e-04;   -4444505
2.5982946945400e-04;   -4444505
2.5984946284100e-04;   -4444507
2.5986776715800e-04;   -4444507
2.5988776449500e-04;   -4444509
2.5990607255000e-04;   -4444509
2.5992606582500e-04;   -4444508
2.5994603517300e-04;   -4444508
2.5996436725900e-04;   -4444507
2.5998434057000e-04;   -4444507
2.6000266854600e-04;   -4444504
2.6002264182700e-04;   -4444504
2.6004096993100e-04;   -4444500
2.6006093938700e-04;   -4444500
2.6007927151100e-04;   -4444496
2.6009924487200e-04;   -4444496
2.6011757298800e-04;   -4444494
2.6013754229300e-04;   -4444494
2.6015753966500e-04;   -4444493
2.6017584373500e-04;   -4444493
2.6019584100900e-04;   -4444494
2.6021414918400e-04;   -4444494
2.6023414233400e-04;   -4444495
2.6025244648200e-04;   -4444495
2.6027244386100e-04;   -4444498
2.6029075188100e-04;   -4444498
2.6031074517100e-04;   -4444500
2.6032905327100e-04;   -4444500
2.6034904663100e-04;   -4444502
2.6036901598300e-04;   -4444502
2.6038734812800e-04;   -4444503
2.6040732128600e-04;   -4444503
2.6042564919700e-04;   -4444504
2.6044561866900e-04;   -4444504
2.6046395063900e-04;   -4444504
2.6048392387600e-04;   -4444504
2.6050225174900e-04;   -4444504
2.6052222525500e-04;   -4444504
2.6054055326700e-04;   -4444503
2.6056052247100e-04;   -4444503
2.6058051968100e-04;   -4444502
2.6059882773200e-04;   -4444502
2.6061882105500e-04;   -4444502
2.6063712493300e-04;   -4444502
2.6065712228800e-04;   -4444503
2.6067542626200e-04;   -4444503
2.6069542356900e-04;   -4444506
2.6071373165000e-04;   -4444506
2.6073372482900e-04;   -4444508
2.6075369418800e-04;   -4444508
2.6077202631200e-04;   -4444511
2.6079199958900e-04;   -4444511
2.6081032763500e-04;   -4444513
2.6083030100400e-04;   -4444513
2.6084862903500e-04;   -4444515
2.6086859812200e-04;   -4444515
2.6088693015500e-04;   -4444515
2.6090690368400e-04;   -4444515
2.6092523171300e-04;   -4444515
2.6094520100000e-04;   -4444515
2.6096519849900e-04;   -4444514
2.6098350660800e-04;   -4444514
2.6100350005200e-04;   -4444513
2.6102180817500e-04;   -4444513
2.6104180148900e-04;   -4444511
2.6106010557500e-04;   -4444511
2.6108010296400e-04;   -4444510
2.6109841093200e-04;   -4444510
2.6111840427700e-04;   -4444509
2.6113837366000e-04;   -4444509
2.6115670577400e-04;   -4444509
2.6117667510900e-04;   -4444509
2.6119500727600e-04;   -4444511
2.6121498046400e-04;   -4444511
2.6123330853100e-04;   -4444513
2.6125327778900e-04;   -4444513
2.6127160992000e-04;   -4444515
2.6129158328800e-04;   -4444515
2.6130991138300e-04;   -4444517
2.6132988465400e-04;   -4444517
2.6134821269500e-04;   -4444518
2.6136818212400e-04;   -4444518
2.6138817938100e-04;   -4444518
2.6140648739800e-04;   -4444518
2.6142648089700e-04;   -4444517
2.6144478483200e-04;   -4444517
2.6146478225000e-04;   -4444516
2.6148309031400e-04;   -4444516
2.6150308368800e-04;   -4444515
2.6152139166500e-04;   -4444515
2.6154138505500e-04;   -4444515
2.6156135435800e-04;   -4444515
2.6157968642200e-04;   -4444516
2.6159965972400e-04;   -4444516
2.6161798774200e-04;   -4444518
2.6163795733100e-04;   -4444518
2.6165628931200e-04;   -4444520
2.6167625868400e-04;   -4444520
2.6169459080900e-04;   -4444524
2.6171456405000e-04;   -4444524
2.6173289219300e-04;   -4444527
2.6175286156800e-04;   -4444527
2.6177285894500e-04;   -4444530
2.6179116675400e-04;   -4444530
2.6181116023900e-04;   -4444532
2.6182946836400e-04;   -4444532
2.6184946173500e-04;   -4444533
2.6186776579000e-04;   -4444533
2.6188776311500e-04;   -4444533
2.6190607128400e-04;   -4444533
2.6192606470400e-04;   -4444532
2.6194603410000e-04;   -4444532
2.6196436606300e-04;   -4444530
2.6198433946100e-04;   -4444530
2.6200266753600e-04;   -4444527
2.6202264085300e-04;   -4444527
2.6204096886600e-04;   -4444524
2.6206093807500e-04;   -4444524
2.6207927006800e-04;   -4444521
2.6209924328700e-04;   -4444521
2.6211757139800e-04;   -4444519
2.6213754079900e-04;   -4444519
2.6215753807000e-04;   -4444518
2.6217584210900e-04;   -4444518
2.6219583944400e-04;   -4444518
2.6221414749800e-04;   -4444518
2.6223414093400e-04;   -4444519
2.6225244488200e-04;   -4444519
2.6227244227600e-04;   -4444521
2.6229075031300e-04;   -4444521
2.6231074348800e-04;   -4444522
2.6232905149300e-04;   -4444522
2.6234904478000e-04;   -4444522
2.6236901425300e-04;   -4444522
2.6238734635300e-04;   -4444521
2.6240731960600e-04;   -4444521
2.6242564788800e-04;   -4444520
2.6244561721700e-04;   -4444520
2.6246394919600e-04;   -4444519
2.6248392252600e-04;   -4444519
2.6250225062700e-04;   -4444517
2.6252222412600e-04;   -4444517
2.6254055212000e-04;   -4444515
2.6256052156100e-04;   -4444515
2.6258051894100e-04;   -4444513
2.6259882700600e-04;   -4444513
2.6261882026900e-04;   -4444512
2.6263712456400e-04;   -4444512
2.6265712179400e-04;   -4444511
2.6267542582000e-04;   -4444511
2.6269542344100e-04;   -4444513
2.6271373155100e-04;   -4444513
2.6273372489400e-04;   -4444514
2.6275369413400e-04;   -4444514
2.6277202602800e-04;   -4444516
2.6279199925700e-04;   -4444516
2.6281032731300e-04;   -4444518
2.6283030061000e-04;   -4444518
2.6284862873800e-04;   -4444519
2.6286859815300e-04;   -4444519
2.6288693025900e-04;   -4444519
2.6290690349200e-04;   -4444519
2.6292523147600e-04;   -4444518
2.6294520091800e-04;   -4444518
2.6296519822500e-04;   -4444517
2.6298350636400e-04;   -4444517
2.6300349963900e-04;   -4444516
2.6302180779000e-04;   -4444516
2.6304180135900e-04;   -4444516
2.6306010522500e-04;   -4444516
2.6308010268100e-04;   -4444517
2.6309841080700e-04;   -4444517
2.6311840416100e-04;   -4444519
2.6313837356300e-04;   -4444519
2.6315670553100e-04;   -4444521
2.6317667500500e-04;   -4444521
2.6319500700300e-04;   -4444524
2.6321498041500e-04;   -4444524
2.6323330855100e-04;   -4444528
2.6325327781200e-04;   -4444528
2.6327160986900e-04;   -4444531
2.6329158327500e-04;   -4444531
2.6330991133000e-04;   -4444533
2.6332988470400e-04;   -4444533
2.6334821287700e-04;   -4444534
2.6336818219400e-04;   -4444534
2.6338817960600e-04;   -4444535
2.6340648768800e-04;   -4444535
2.6342648108800e-04;   -4444535
2.6344478519000e-04;   -4444535
2.6346478266200e-04;   -4444536
2.6348308673600e-04;   -4444536
2.6350308426100e-04;   -4444536
2.6352139236300e-04;   -4444536
2.6354138574800e-04;   -4444535
2.6356135518900e-04;   -4444535
2.6357968727800e-04;   -4444533
2.6359966068600e-04;   -4444533
2.6361798887500e-04;   -4444531
2.6363795806700e-04;   -4444531
2.6365629010800e-04;   -4444529
2.6367625933100e-04;   -4444529
2.6369459146500e-04;   -4444527
2.6371456476000e-04;   -4444527
2.6373289296800e-04;   -4444525
2.6375286230900e-04;   -4444525
2.6377285975900e-04;   -4444524
2.6379116785700e-04;   -4444524
2.6381116102400e-04;   -4444523
2.6382946913400e-04;   -4444523
2.6384946229700e-04;   -4444521
2.6386776637100e-04;   -4444521
2.6388776359300e-04;   -4444519
2.6390607183500e-04;   -4444519
2.6392606513400e-04;   -4444517
2.6394603451300e-04;   -4444517
2.6396436661300e-04;   -4444515
2.6398434003500e-04;   -4444515
2.6400266804400e-04;   -4444512
2.6402264153200e-04;   -4444512
2.6404096960900e-04;   -4444510
2.6406093892100e-04;   -4444510
2.6407927099000e-04;   -4444508
2.6409924444600e-04;   -4444508
2.6411757230300e-04;   -4444507
2.6413754161500e-04;   -4444507
2.6415753886500e-04;   -4444507
2.6417584295400e-04;   -4444507
2.6419584029300e-04;   -4444509
2.6421414824600e-04;   -4444509
2.6423414153300e-04;   -4444511
2.6425244571000e-04;   -4444511
2.6427244285900e-04;   -4444513
2.6429075087400e-04;   -4444513
2.6431074436200e-04;   -4444515
2.6432905261300e-04;   -4444515
2.6434904603100e-04;   -4444517
2.6436901521800e-04;   -4444517
2.6438734737200e-04;   -4444517
2.6440732070700e-04;   -4444517
2.6442564887800e-04;   -4444517
2.6444561806600e-04;   -4444517
2.6446395020400e-04;   -4444516
2.6448392352000e-04;   -4444516
2.6450225156600e-04;   -4444515
2.6452222475200e-04;   -4444515
2.6454055292200e-04;   -4444513
2.6456052216100e-04;   -4444513
2.6458051951000e-04;   -4444511
2.6459882758300e-04;   -4444511
2.6461882092600e-04;   -4444511
2.6463712487900e-04;   -4444511
2.6465712214400e-04;   -4444511
2.6467542618200e-04;   -4444511
2.6469542346900e-04;   -4444512
2.6471373158000e-04;   -4444512
2.6473372498700e-04;   -4444514
2.6475369430600e-04;   -4444514
2.6477202653000e-04;   -4444516
2.6479200006400e-04;   -4444516
2.6481032819000e-04;   -4444518
2.6483030161600e-04;   -4444518
2.6484862959700e-04;   -4444519
2.6486859888300e-04;   -4444519
2.6488693106000e-04;   -4444519
2.6490690432000e-04;   -4444519
2.6492523223600e-04;   -4444519
2.6494520172000e-04;   -4444519
2.6496519906700e-04;   -4444518
2.6498350706600e-04;   -4444518
2.6500350034100e-04;   -4444517
2.6502180854300e-04;   -4444517
2.6504180182800e-04;   -4444517
2.6506010592400e-04;   -4444517
2.6508010324900e-04;   -4444518
2.6509841138300e-04;   -4444518
2.6511840468700e-04;   -4444519
2.6513837425500e-04;   -4444519
2.6515670617000e-04;   -4444522
2.6517667560800e-04;   -4444522
2.6519500768700e-04;   -4444525
2.6521498105100e-04;   -4444525
2.6523330903000e-04;   -4444529
2.6525327844400e-04;   -4444529
2.6527161053900e-04;   -4444532
2.6529158382200e-04;   -4444532
2.6530991182300e-04;   -4444534
2.6532988523000e-04;   -4444534
2.6534821307800e-04;   -4444535
2.6536818248300e-04;   -4444535
2.6538818000500e-04;   -4444535
2.6540648814800e-04;   -4444535
2.6542648149800e-04;   -4444533
2.6544478544900e-04;   -4444533
2.6546478285600e-04;   -4444531
2.6548308680600e-04;   -4444531
2.6550308423700e-04;   -4444529
2.6552139231600e-04;   -4444529
2.6554138570600e-04;   -4444526
2.6556135496700e-04;   -4444526
2.6557968694000e-04;   -4444522
2.6559966023100e-04;   -4444522
2.6561798827200e-04;   -4444518
2.6563795776000e-04;   -4444518
2.6565628997800e-04;   -4444515
2.6567625921300e-04;   -4444515
2.6569459133500e-04;   -4444512
2.6571456481500e-04;   -4444512
2.6573289282600e-04;   -4444511
2.6575286226200e-04;   -4444511
2.6577285968800e-04;   -4444510
2.6579116760300e-04;   -4444510
2.6581116092500e-04;   -4444510
2.6582946884200e-04;   -4444510
2.6584946240900e-04;   -4444509
2.6586776653500e-04;   -4444509
2.6588776393600e-04;   -4444508
2.6590607190400e-04;   -4444508
2.6592606523100e-04;   -4444507
2.6594603441800e-04;   -4444507
2.6596436658000e-04;   -4444506
2.6598434000000e-04;   -4444506
2.6600266804200e-04;   -4444504
2.6602264127300e-04;   -4444504
2.6604096950800e-04;   -4444503
2.6606093870000e-04;   -4444503
2.6607927079700e-04;   -4444502
2.6609924395100e-04;   -4444502
2.6611757193800e-04;   -4444502
2.6613754124000e-04;   -4444502
2.6615753855800e-04;   -4444503
2.6617584270100e-04;   -4444503
2.6619584001100e-04;   -4444505
2.6621414811500e-04;   -4444505
2.6623414148400e-04;   -4444508
2.6625244562200e-04;   -4444508
2.6627244294300e-04;   -4444511
2.6629075109800e-04;   -4444511
2.6631074434400e-04;   -4444514
2.6632905257100e-04;   -4444514
2.6634904587700e-04;   -4444516
2.6636901522800e-04;   -4444516
2.6638734718400e-04;   -4444516
2.6640732057000e-04;   -4444516
2.6642564862500e-04;   -4444516
2.6644561795800e-04;   -4444516
2.6646395002700e-04;   -4444516
2.6648392342200e-04;   -4444516
2.6650225153400e-04;   -4444514
2.6652222499500e-04;   -4444514
2.6654055310200e-04;   -4444513
2.6656052229500e-04;   -4444513
2.6658051951300e-04;   -4444512
2.6659882754400e-04;   -4444512
2.6661882104700e-04;   -4444511
2.6663712494000e-04;   -4444511
2.6665712235900e-04;   -4444511
2.6667542629100e-04;   -4444511
2.6669542371300e-04;   -4444513
2.6671373173900e-04;   -4444513
2.6673372514800e-04;   -4444515
2.6675369456100e-04;   -4444515
2.6677202673900e-04;   -4444517
2.6679200018700e-04;   -4444517
2.6681032814000e-04;   -4444519
2.6683030155600e-04;   -4444519
2.6684862979700e-04;   -4444520
2.6686859921800e-04;   -4444520
2.6688693126000e-04;   -4444520
2.6690690472200e-04;   -4444520
2.6692523284100e-04;   -4444520
2.6694520216000e-04;   -4444520
2.6696519965300e-04;   -4444519
2.6698350767800e-04;   -4444519
2.6700350103800e-04;   -4444517
2.6702180917700e-04;   -4444517
2.6704180258100e-04;   -4444515
2.6706010652200e-04;   -4444515
2.6708010368800e-04;   -4444513
2.6709841171400e-04;   -4444513
2.6711840501600e-04;   -4444513
2.6713837442100e-04;   -4444513
2.6715670660000e-04;   -4444513
2.6717667603100e-04;   -4444513
2.6719500818100e-04;   -4444514
2.6721498141100e-04;   -4444514
2.6723330954100e-04;   -4444516
2.6725327875500e-04;   -4444516
2.6727161083600e-04;   -4444518
2.6729158436600e-04;   -4444518
2.6730991240300e-04;   -4444520
2.6732988581500e-04;   -4444520
2.6734821373100e-04;   -4444521
2.6736818305800e-04;   -4444521
2.6738818038000e-04;   -4444521
2.6740648845800e-04;   -4444521
2.6742648176900e-04;   -4444520
2.6744478574300e-04;   -4444520
2.6746478304500e-04;   -4444519
2.6748309101400e-04;   -4444519
2.6750308438500e-04;   -4444518
2.6752139240400e-04;   -4444518
2.6754138573900e-04;   -4444516
2.6756135492800e-04;   -4444516
2.6757968696700e-04;   -4444514
2.6759966038100e-04;   -4444514
2.6761798857100e-04;   -4444513
2.6763795781900e-04;   -4444513
2.6765629011300e-04;   -4444513
2.6767625939900e-04;   -4444513
2.6769459143600e-04;   -4444514
2.6771456475900e-04;   -4444514
2.6773289279500e-04;   -4444516
2.6775286219200e-04;   -4444516
2.6777285953100e-04;   -4444518
2.6779116757100e-04;   -4444518
2.6781116086000e-04;   -4444520
2.6782946891600e-04;   -4444520
2.6784946227100e-04;   -4444521
2.6786776651400e-04;   -4444521
2.6788776382700e-04;   -4444521
2.6790607182000e-04;   -4444521
2.6792606522300e-04;   -4444520
2.6794603448000e-04;   -4444520
2.6796436656400e-04;   -4444519
2.6798433983800e-04;   -4444519
2.6800266808800e-04;   -4444518
2.6802264134100e-04;   -4444518
2.6804096948100e-04;   -4444516
2.6806093872300e-04;   -4444516
2.6807927077800e-04;   -4444514
2.6809924415700e-04;   -4444514
2.6811757226900e-04;   -4444513
2.6813754159400e-04;   -4444513
2.6815753898300e-04;   -4444513
2.6817584323300e-04;   -4444513
2.6819584046900e-04;   -4444515
2.6821414851600e-04;   -4444515
2.6823414173100e-04;   -4444516
2.6825244570200e-04;   -4444516
2.6827244311800e-04;   -4444518
2.6829075107700e-04;   -4444518
2.6831074419900e-04;   -4444520
2.6832905213400e-04;   -4444520
2.6834904546600e-04;   -4444521
2.6836901491700e-04;   -4444521
2.6838734699200e-04;   -4444521
2.6840732044200e-04;   -4444521
2.6842564841900e-04;   -4444521
2.6844561776200e-04;   -4444521
2.6846394969700e-04;   -4444520
2.6848392317300e-04;   -4444520
2.6850225121900e-04;   -4444518
2.6852222465000e-04;   -4444518
2.6854055274400e-04;   -4444516
2.6856052204800e-04;   -4444516
2.6858051938400e-04;   -4444514
2.6859882728500e-04;   -4444514
2.6861882055600e-04;   -4444513
2.6863712455000e-04;   -4444513
2.6865712201600e-04;   -4444514
2.6867542610700e-04;   -4444514
2.6869542355500e-04;   -4444515
2.6871373151500e-04;   -4444515
2.6873372480600e-04;   -4444517
2.6875369395500e-04;   -4444517
2.6877202609900e-04;   -4444519
2.6879199927500e-04;   -4444519
2.6881032739300e-04;   -4444521
2.6883030088200e-04;   -4444521
2.6884862887300e-04;   -4444522
2.6886859807100e-04;   -4444522
2.6888693026600e-04;   -4444521
2.6890690365900e-04;   -4444521
2.6892523157200e-04;   -4444521
2.6894520111100e-04;   -4444521
2.6896519843800e-04;   -4444520
2.6898350658700e-04;   -4444520
2.6900349998900e-04;   -4444519
2.6902180805800e-04;   -4444519
2.6904180125800e-04;   -4444519
2.6906010532800e-04;   -4444519
2.6908010263000e-04;   -4444520
2.6909841070300e-04;   -4444520
2.6911840389900e-04;   -4444521
2.6913837323300e-04;   -4444521
2.6915670526200e-04;   -4444524
2.6917667470400e-04;   -4444524
2.6919500676900e-04;   -4444527
2.6921498008500e-04;   -4444527
2.6923330816600e-04;   -4444531
2.6925327725900e-04;   -4444531
2.6927160954500e-04;   -4444534
2.6929158274700e-04;   -4444534
2.6930991065200e-04;   -4444536
2.6932988408300e-04;   -4444536
2.6934821215000e-04;   -4444537
2.6936818141200e-04;   -4444537
2.6938817885200e-04;   -4444537
2.6940648691200e-04;   -4444537
2.6942648029900e-04;   -4444538
2.6944478441000e-04;   -4444538
2.6946478185000e-04;   -4444539
2.6948309004000e-04;   -4444539
2.6950308325500e-04;   -4444539
2.6952139120300e-04;   -4444539
2.6954138445800e-04;   -4444541
2.6956135382900e-04;   -4444541
2.6957968596700e-04;   -4444542
2.6959965940500e-04;   -4444542
2.6961798742700e-04;   -4444544
2.6963795675400e-04;   -4444544
2.6965628881500e-04;   -4444547
2.6967625815700e-04;   -4444547
2.6969459021800e-04;   -4444550
2.6971456362300e-04;   -4444550
2.6973289182600e-04;   -4444552
2.6975286111000e-04;   -4444552
2.6977285837900e-04;   -4444554
2.6979116648900e-04;   -4444554
2.6981115996400e-04;   -4444555
2.6982946811600e-04;   -4444555
2.6984946153200e-04;   -4444554
2.6986776568200e-04;   -4444554
2.6988776305100e-04;   -4444552
2.6990607103900e-04;   -4444552
2.6992606460400e-04;   -4444549
2.6994603390400e-04;   -4444549
2.6996436607400e-04;   -4444546
2.6998433946000e-04;   -4444546
2.7000266771600e-04;   -4444543
2.7002264113200e-04;   -4444543
2.7004096910000e-04;   -4444540
2.7006093836000e-04;   -4444540
2.7007927055300e-04;   -4444539
2.7009924386500e-04;   -4444539
2.7011757199400e-04;   -4444538
2.7013754144400e-04;   -4444538
2.7015753867500e-04;   -4444539
2.7017584272400e-04;   -4444539
2.7019583988700e-04;   -4444540
2.7021414807500e-04;   -4444540
2.7023414146800e-04;   -4444542
2.7025244532700e-04;   -4444542
2.7027244274700e-04;   -4444543
2.7029075074100e-04;   -4444543
2.7031074391100e-04;   -4444544
2.7032905192300e-04;   -4444544
2.7034904539900e-04;   -4444544
2.7036901471100e-04;   -4444544
2.7038734675200e-04;   -4444543
2.7040732004700e-04;   -4444543
2.7042564814700e-04;   -4444540
2.7044561744000e-04;   -4444540
2.7046394947800e-04;   -4444538
2.7048392295900e-04;   -4444538
2.7050225112400e-04;   -4444534
2.7052222454500e-04;   -4444534
2.7054055251500e-04;   -4444531
2.7056052191900e-04;   -4444531
2.7058051929700e-04;   -4444528
2.7059882749900e-04;   -4444528
2.7061882082700e-04;   -4444525
2.7063712480500e-04;   -4444525
2.7065712217500e-04;   -4444524
2.7067542635500e-04;   -4444524
2.7069542362900e-04;   -4444524
2.7071373179300e-04;   -4444524
2.7073372514100e-04;   -4444525
2.7075369433300e-04;   -4444525
2.7077202651000e-04;   -4444526
2.7079199987800e-04;   -4444526
2.7081032789700e-04;   -4444527
2.7083030129900e-04;   -4444527
2.7084862935500e-04;   -4444527
2.7086859876500e-04;   -4444527
2.7088693086000e-04;   -4444526
2.7090690432500e-04;   -4444526
2.7092523227500e-04;   -4444525
2.7094520166300e-04;   -4444525
2.7096519905600e-04;   -4444523
2.7098350302900e-04;   -4444523
2.7100350028900e-04;   -4444521
2.7102180839800e-04;   -4444521
2.7104180188500e-04;   -4444519
2.7106010590300e-04;   -4444519
2.7108010321800e-04;   -4444516
2.7109841104900e-04;   -4444516
2.7111840454600e-04;   -4444513
2.7113837373000e-04;   -4444513
2.7115670586300e-04;   -4444511
2.7117667528100e-04;   -4444511
2.7119500738700e-04;   -4444509
2.7121498068700e-04;   -4444509
2.7123330865900e-04;   -4444508
2.7125327802600e-04;   -4444508
2.7127160998100e-04;   -4444508
2.7129158353000e-04;   -4444508
2.7130991150200e-04;   -4444509
2.7132988505500e-04;   -4444509
2.7134821304200e-04;   -4444508
2.7136818242000e-04;   -4444508
2.7138817982000e-04;   -4444508
2.7140648778100e-04;   -4444508
2.7142648116300e-04;   -4444507
2.7144478529200e-04;   -4444507
2.7146478258000e-04;   -4444507
2.7148309053500e-04;   -4444507
2.7150308383100e-04;   -4444506
2.7152139194700e-04;   -4444506
2.7154138531900e-04;   -4444504
2.7156135473900e-04;   -4444504
2.7157968700900e-04;   -4444504
2.7159966035600e-04;   -4444504
2.7161798819700e-04;   -4444504
2.7163795757900e-04;   -4444504
2.7165628943300e-04;   -4444505
2.7167625864200e-04;   -4444505
2.7169459075700e-04;   -4444507
2.7171456416000e-04;   -4444507
2.7173289234300e-04;   -4444510
2.7175286158100e-04;   -4444510
2.7177285895200e-04;   -4444513
2.7179116705600e-04;   -4444513
2.7181116039700e-04;   -4444516
2.7182946829000e-04;   -4444516
2.7184946174300e-04;   -4444518
2.7186776577300e-04;   -4444518
2.7188776300900e-04;   -4444519
2.7190607124300e-04;   -4444519
2.7192606452300e-04;   -4444519
2.7194603403600e-04;   -4444519
2.7196436604400e-04;   -4444518
2.7198433941700e-04;   -4444518
2.7200266748200e-04;   -4444517
2.7202264089400e-04;   -4444517
2.7204096900800e-04;   -4444516
2.7206093829600e-04;   -4444516
2.7207927038500e-04;   -4444514
2.7209924366400e-04;   -4444514
2.7211757169300e-04;   -4444514
2.7213754107200e-04;   -4444514
2.7215753862100e-04;   -4444514
2.7217584249900e-04;   -4444514
2.7219583981300e-04;   -4444516
2.7221414804100e-04;   -4444516
2.7223414142500e-04;   -4444518
2.7225244553500e-04;   -4444518
2.7227244280000e-04;   -4444520
2.7229075084300e-04;   -4444520
2.7231074431900e-04;   -4444522
2.7232905225200e-04;   -4444522
2.7234904579500e-04;   -4444523
2.7236901518100e-04;   -4444523
2.7238734729600e-04;   -4444523
2.7240732058800e-04;   -4444523
2.7242564850000e-04;   -4444522
2.7244561800300e-04;   -4444522
2.7246395001900e-04;   -4444521
2.7248391940200e-04;   -4444521
2.7250225140200e-04;   -4444520
2.7252222483100e-04;   -4444520
2.7254055295600e-04;   -4444518
2.7256052246900e-04;   -4444518
2.7258051987100e-04;   -4444515
2.7259882782400e-04;   -4444515
2.7261882096100e-04;   -4444513
2.7263712485600e-04;   -4444513
2.7265712222800e-04;   -4444510
2.7267542637000e-04;   -4444510
2.7269542378100e-04;   -4444509
2.7271373178800e-04;   -4444509
2.7273372513800e-04;   -4444508
2.7275369438800e-04;   -4444508
2.7277202651800e-04;   -4444508
2.7279199983900e-04;   -4444508
2.7281032804200e-04;   -4444509
2.7283030137000e-04;   -4444509
2.7284862958800e-04;   -4444509
2.7286859891300e-04;   -4444509
2.7288693100700e-04;   -4444508
2.7290690446100e-04;   -4444508
2.7292523254300e-04;   -4444508
2.7294520174500e-04;   -4444508
2.7296519923400e-04;   -4444507
2.7298350328700e-04;   -4444507
2.7300350066400e-04;   -4444506
2.7302180874100e-04;   -4444506
2.7304180205200e-04;   -4444505
2.7306010603800e-04;   -4444505
2.7308010343500e-04;   -4444503
2.7309841147600e-04;   -4444503
2.7311840479300e-04;   -4444502
2.7313837417400e-04;   -4444502
2.7315670618500e-04;   -4444501
2.7317667548700e-04;   -4444501
2.7319500759400e-04;   -4444500
2.7321498092400e-04;   -4444500
2.7323330912900e-04;   -4444501
2.7325327863100e-04;   -4444501
2.7327161080000e-04;   -4444502
2.7329158427500e-04;   -4444502
2.7330991226000e-04;   -4444503
2.7332988564400e-04;   -4444503
2.7334821373700e-04;   -4444504
2.7336818296700e-04;   -4444504
2.7338818041700e-04;   -4444504
2.7340648840400e-04;   -4444504
2.7342648184000e-04;   -4444504
2.7344478577600e-04;   -4444504
2.7346478321600e-04;   -4444504
2.7348309136200e-04;   -4444504
2.7350308463000e-04;   -4444504
2.7352139265700e-04;   -4444504
2.7354138604900e-04;   -4444503
2.7356135553700e-04;   -4444503
2.7357968761500e-04;   -4444503
2.7359966105200e-04;   -4444503
2.7361798916200e-04;   -4444503
2.7363795856800e-04;   -4444503
2.7365629079500e-04;   -4444505
2.7367626004900e-04;   -4444505
2.7369459205400e-04;   -4444507
2.7371456535200e-04;   -4444507
2.7373289363700e-04;   -4444510
2.7375286297400e-04;   -4444510
2.7377286034200e-04;   -4444514
2.7379116836900e-04;   -4444514
2.7381116182100e-04;   -4444517
2.7382946982800e-04;   -4444517
2.7384946305200e-04;   -4444518
2.7386776723000e-04;   -4444518
2.7388776467600e-04;   -4444519
2.7390607263400e-04;   -4444519
2.7392606599400e-04;   -4444518
2.7394603537700e-04;   -4444518
2.7396436760500e-04;   -4444516
2.7398433699800e-04;   -4444516
2.7400266895600e-04;   -4444513
2.7402264227500e-04;   -4444513
2.7404097025800e-04;   -4444509
2.7406093965300e-04;   -4444509
2.7407927180000e-04;   -4444504
2.7409924518100e-04;   -4444504
2.7411757327400e-04;   -4444499
2.7413754244700e-04;   -4444499
2.7415753991100e-04;   -4444496
2.7417584390300e-04;   -4444496
2.7419584118700e-04;   -4444494
2.7421414929100e-04;   -4444494
2.7423414261500e-04;   -4444493
2.7425244684000e-04;   -4444493
2.7427244406400e-04;   -4444493
2.7429075209800e-04;   -4444493
2.7431074555000e-04;   -4444494
2.7432905371700e-04;   -4444494
2.7434904709500e-04;   -4444495
2.7436901640300e-04;   -4444495
2.7438734839500e-04;   -4444495
2.7440732172500e-04;   -4444495
2.7442564975900e-04;   -4444496
2.7444561915500e-04;   -4444496
2.7446395120700e-04;   -4444496
2.7448392063900e-04;   -4444496
2.7450225279600e-04;   -4444497
2.7452222615600e-04;   -4444497
2.7454055429700e-04;   -4444499
2.7456052372000e-04;   -4444499
2.7458052110400e-04;   -4444501
2.7459882930900e-04;   -4444501
2.7461882259400e-04;   -4444503
2.7463712667800e-04;   -4444503
2.7465712405800e-04;   -4444505
2.7467542792500e-04;   -4444505
2.7469542530200e-04;   -4444508
2.7471373348100e-04;   -4444508
2.7473372682800e-04;   -4444511
2.7475369603500e-04;   -4444511
2.7477202813400e-04;   -4444513
2.7479200155000e-04;   -4444513
2.7481032955900e-04;   -4444516
2.7483030278100e-04;   -4444516
2.7484863088400e-04;   -4444517
2.7486860023200e-04;   -4444517
2.7488693227300e-04;   -4444517
2.7490690559600e-04;   -4444517
2.7492523382900e-04;   -4444517
2.7494520319800e-04;   -4444517
2.7496520063000e-04;   -4444517
2.7498350871400e-04;   -4444517
2.7500350204500e-04;   -4444515
2.7502180999000e-04;   -4444515
2.7504180345700e-04;   -4444514
2.7506010761800e-04;   -4444514
2.7508010491200e-04;   -4444513
2.7509841288800e-04;   -4444513
2.7511840637000e-04;   -4444512
2.7513837572300e-04;   -4444512
2.7515670787900e-04;   -4444513
2.7517667728100e-04;   -4444513
2.7519500934900e-04;   -4444514
2.7521498286700e-04;   -4444514
2.7523331110700e-04;   -4444517
2.7525328036900e-04;   -4444517
2.7527161245900e-04;   -4444519
2.7529158558900e-04;   -4444519
2.7530991365600e-04;   -4444521
2.7532988708400e-04;   -4444521
2.7534821524900e-04;   -4444523
2.7536818475800e-04;   -4444523
2.7538818220900e-04;   -4444523
2.7540649015500e-04;   -4444523
2.7542648360000e-04;   -4444522
2.7544478770800e-04;   -4444522
2.7546478494200e-04;   -4444519
2.7548308908400e-04;   -4444519
2.7550308641400e-04;   -4444515
2.7552139444500e-04;   -4444515
2.7554138786200e-04;   -4444510
2.7556135722500e-04;   -4444510
2.7557968924100e-04;   -4444503
2.7559966257200e-04;   -4444503
2.7561799069000e-04;   -4444496
2.7563795980500e-04;   -4444496
2.7565629191900e-04;   -4444490
2.7567626118100e-04;   -4444490
2.7569459318100e-04;   -4444485
2.7571456648100e-04;   -4444485
2.7573289458300e-04;   -4444482
2.7575286391900e-04;   -4444482
2.7577286115100e-04;   -4444481
2.7579116930300e-04;   -4444481
2.7581116273900e-04;   -4444480
2.7582947088500e-04;   -4444480
2.7584946415200e-04;   -4444481
2.7586776833000e-04;   -4444481
2.7588776566400e-04;   -4444481
2.7590607365400e-04;   -4444481
2.7592606685000e-04;   -4444482
2.7594603624900e-04;   -4444482
2.7596436821400e-04;   -4444483
2.7598433764100e-04;   -4444483
2.7600266982900e-04;   -4444484
2.7602264314400e-04;   -4444484
2.7604097126700e-04;   -4444484
2.7606094054300e-04;   -4444484
2.7607927255500e-04;   -4444483
2.7609924600700e-04;   -4444483
2.7611757413100e-04;   -4444481
2.7613754340000e-04;   -4444481
2.7615754055600e-04;   -4444479
2.7617584455900e-04;   -4444479
2.7619584202000e-04;   -4444479
2.7621415013100e-04;   -4444479
2.7623414361300e-04;   -4444479
2.7625244757700e-04;   -4444479
2.7627244494700e-04;   -4444480
2.7629075300600e-04;   -4444480
2.7631074632800e-04;   -4444481
2.7632905433200e-04;   -4444481
2.7634904756900e-04;   -4444483
2.7636901675800e-04;   -4444483
2.7638734884000e-04;   -4444484
2.7640732216300e-04;   -4444484
2.7642565021500e-04;   -4444485
2.7644561964200e-04;   -4444485
2.7646395160500e-04;   -4444484
2.7648392088200e-04;   -4444484
2.7650225288800e-04;   -4444483
2.7652222615200e-04;   -4444483
2.7654055400400e-04;   -4444481
2.7656052351300e-04;   -4444481
2.7658052103000e-04;   -4444477
2.7659882895400e-04;   -4444477
2.7661882224100e-04;   -4444472
2.7663712637400e-04;   -4444472
2.7665712360300e-04;   -4444469
2.7667542771900e-04;   -4444469
2.7669542499600e-04;   -4444467
2.7671373305700e-04;   -4444467
2.7673372640200e-04;   -4444466
2.7675369577600e-04;   -4444466
2.7677202775500e-04;   -4444467
2.7679200097800e-04;   -4444467
2.7681032905000e-04;   -4444469
2.7683030222500e-04;   -4444469
2.7684863041700e-04;   -4444471
2.7686859968300e-04;   -4444471
2.7688693181700e-04;   -4444473
2.7690690514300e-04;   -4444473
2.7692523330300e-04;   -4444475
2.7694520268100e-04;   -4444475
2.7696519988600e-04;   -4444477
2.7698350379100e-04;   -4444477
2.7700350121500e-04;   -4444479
2.7702180927600e-04;   -4444479
2.7704180262800e-04;   -4444481
2.7706010667900e-04;   -4444481
2.7708010412800e-04;   -4444483
2.7709841224600e-04;   -4444483
2.7711840562400e-04;   -4444484
2.7713837489800e-04;   -4444484
2.7715670697400e-04;   -4444485
2.7717667632300e-04;   -4444485
2.7719500824000e-04;   -4444487
2.7721498152700e-04;   -4444487
2.7723330970500e-04;   -4444490
2.7725327891900e-04;   -4444490
2.7727161100100e-04;   -4444493
2.7729158437700e-04;   -4444493
2.7730991259600e-04;   -4444495
2.7732988607000e-04;   -4444495
2.7734821401000e-04;   -4444498
2.7736818354700e-04;   -4444498
2.7738818087100e-04;   -4444499
2.7740648885300e-04;   -4444499
2.7742648214700e-04;   -4444499
2.7744478610300e-04;   -4444499
2.7746478343300e-04;   -4444498
2.7748309167500e-04;   -4444498
2.7750308496600e-04;   -4444496
2.7752139321300e-04;   -4444496
2.7754138669200e-04;   -4444494
2.7756135603100e-04;   -4444494
2.7757968810700e-04;   -4444492
2.7759966156900e-04;   -4444492
2.7761798968200e-04;   -4444491
2.7763795897300e-04;   -4444491
2.7765629108100e-04;   -4444491
2.7767626036600e-04;   -4444491
2.7769459248700e-04;   -4444493
2.7771456574100e-04;   -4444493
2.7773289377400e-04;   -4444496
2.7775286316800e-04;   -4444496
2.7777286055300e-04;   -4444499
2.7779116866500e-04;   -4444499
2.7781116194400e-04;   -4444503
2.7782946998200e-04;   -4444503
2.7784946339100e-04;   -4444506
2.7786776739700e-04;   -4444506
2.7788776484800e-04;   -4444507
2.7790607294100e-04;   -4444507
2.7792606614800e-04;   -4444508
2.7794603560000e-04;   -4444508
2.7796436757900e-04;   -4444507
2.7798433693000e-04;   -4444507
2.7800266905300e-04;   -4444504
2.7802264258100e-04;   -4444504
2.7804097067400e-04;   -4444501
2.7806093996400e-04;   -4444501
2.7807927210300e-04;   -4444498
2.7809924545200e-04;   -4444498
2.7811757353900e-04;   -4444494
2.7813754288900e-04;   -4444494
2.7815754032100e-04;   -4444492
2.7817584423100e-04;   -4444492
2.7819584179500e-04;   -4444491
2.7821414977900e-04;   -4444491
2.7823414327400e-04;   -4444490
2.7825244736200e-04;   -4444490
2.7827244467700e-04;   -4444491
2.7829075283600e-04;   -4444491
2.7831074614900e-04;   -4444493
2.7832905413000e-04;   -4444493
2.7834904758700e-04;   -4444494
2.7836901685700e-04;   -4444494
2.7838734874900e-04;   -4444495
2.7840732219500e-04;   -4444495
2.7842565037500e-04;   -4444496
2.7844561945200e-04;   -4444496
2.7846395142600e-04;   -4444497
2.7848392074400e-04;   -4444497
2.7850225281100e-04;   -4444497
2.7852222628600e-04;   -4444497
2.7854055432800e-04;   -4444497
2.7856052374900e-04;   -4444497
2.7858052091100e-04;   -4444494
2.7859882913200e-04;   -4444494
2.7861882237900e-04;   -4444491
2.7863712629000e-04;   -4444491
2.7865712373600e-04;   -4444489
2.7867542775100e-04;   -4444489
2.7869542508200e-04;   -4444487
2.7871373296400e-04;   -4444487
2.7873372638000e-04;   -4444486
2.7875369564300e-04;   -4444486
2.7877202781800e-04;   -4444487
2.7879200107200e-04;   -4444487
2.7881032922000e-04;   -4444488
2.7883030259200e-04;   -4444488
2.7884863051100e-04;   -4444488
2.7886859998300e-04;   -4444488
2.7888693206600e-04;   -4444489
2.7890690529400e-04;   -4444489
2.7892523341300e-04;   -4444490
2.7894520279100e-04;   -4444490
2.7896520012000e-04;   -4444491
2.7898350421400e-04;   -4444491
2.7900350147700e-04;   -4444492
2.7902180952800e-04;   -4444492
2.7904180305100e-04;   -4444492
2.7906010712100e-04;   -4444492
2.7908010442900e-04;   -4444492
2.7909841248400e-04;   -4444492
2.7911840599900e-04;   -4444492
2.7913837526500e-04;   -4444492
2.7915670737600e-04;   -4444493
2.7917667663200e-04;   -4444493
2.7919500879700e-04;   -4444494
2.7921498204900e-04;   -4444494
2.7923331026700e-04;   -4444496
2.7925327957800e-04;   -4444496
2.7927161144400e-04;   -4444498
2.7929158480400e-04;   -4444498
2.7930991280900e-04;   -4444500
2.7932988616200e-04;   -4444500
2.7934821413200e-04;   -4444502
2.7936818333200e-04;   -4444502
2.7938818057500e-04;   -4444503
2.7940648864900e-04;   -4444503
2.7942648210500e-04;   -4444503
2.7944478622400e-04;   -4444503
2.7946478376400e-04;   -4444504
2.7948308778800e-04;   -4444504
2.7950308520500e-04;   -4444505
2.7952139319300e-04;   -4444505
2.7954138636600e-04;   -4444507
2.7956135587600e-04;   -4444507
2.7957968783600e-04;   -4444508
2.7959966134400e-04;   -4444508
2.7961798946500e-04;   -4444510
2.7963795865500e-04;   -4444510
2.7965629063800e-04;   -4444511
2.7967625980100e-04;   -4444511
2.7969459199000e-04;   -4444514
2.7971456540000e-04;   -4444514
2.7973289338600e-04;   -4444516
2.7975286274900e-04;   -4444516
2.7977286011600e-04;   -4444518
2.7979116807200e-04;   -4444518
2.7981116157500e-04;   -4444520
2.7982946958500e-04;   -4444520
2.7984946296400e-04;   -4444521
2.7986776703300e-04;   -4444521
2.7988776436700e-04;   -4444521
2.7990607230400e-04;   -4444521
2.7992606577100e-04;   -4444521
2.7994603505200e-04;   -4444521
2.7996436731900e-04;   -4444520
2.7998434056500e-04;   -4444520
2.8000266865300e-04;   -4444519
2.8002264193800e-04;   -4444519
2.8004097005100e-04;   -4444516
2.8006093945500e-04;   -4444516
2.8007927159600e-04;   -4444513
2.8009924502200e-04;   -4444513
2.8011757308100e-04;   -4444510
2.8013754251300e-04;   -4444510
2.8015753997400e-04;   -4444508
2.8017584402900e-04;   -4444508
2.8019584130100e-04;   -4444507
2.8021414941400e-04;   -4444507
2.8023414277700e-04;   -4444507
2.8025244688200e-04;   -4444507
2.8027244432800e-04;   -4444508
2.8029075237500e-04;   -4444508
2.8031074585900e-04;   -4444509
2.8032905389200e-04;   -4444509
2.8034904731500e-04;   -4444510
2.8036901666300e-04;   -4444510
2.8038734878000e-04;   -4444510
2.8040732226500e-04;   -4444510
2.8042565023600e-04;   -4444509
2.8044561964300e-04;   -4444509
2.8046395184900e-04;   -4444507
2.8048392107500e-04;   -4444507
2.8050225321400e-04;   -4444504
2.8052222662900e-04;   -4444504
2.8054055454700e-04;   -4444500
2.8056052384700e-04;   -4444500
2.8058052126800e-04;   -4444495
2.8059882929000e-04;   -4444495
2.8061882266600e-04;   -4444489
2.8063712679400e-04;   -4444489
2.8065712410700e-04;   -4444483
2.8067542823500e-04;   -4444483
2.8069542569600e-04;   -4444480
2.8071373367100e-04;   -4444480
2.8073372709600e-04;   -4444478
2.8075369638300e-04;   -4444478
2.8077202838700e-04;   -4444477
2.8079200178300e-04;   -4444477
2.8081032987300e-04;   -4444478
2.8083030323700e-04;   -4444478
2.8084863120600e-04;   -4444479
2.8086860071000e-04;   -4444479
2.8088693281300e-04;   -4444480
2.8090690613500e-04;   -4444480
2.8092523421100e-04;   -4444481
2.8094520363500e-04;   -4444481
2.8096520107700e-04;   -4444483
2.8098350519500e-04;   -4444483
2.8100350265500e-04;   -4444484
2.8102181060400e-04;   -4444484
2.8104180405200e-04;   -4444485
2.8106010817200e-04;   -4444485
2.8108010536200e-04;   -4444484
2.8109841359600e-04;   -4444484
2.8111840692100e-04;   -4444482
2.8113837632700e-04;   -4444482
2.8115670837300e-04;   -4444481
2.8117667755600e-04;   -4444481
2.8119500973300e-04;   -4444480
2.8121498303300e-04;   -4444480
2.8123331110200e-04;   -4444480
2.8125328042000e-04;   -4444480
2.8127161259100e-04;   -4444482
2.8129158605400e-04;   -4444482
2.8130991413500e-04;   -4444483
2.8132988752900e-04;   -4444483
2.8134821554100e-04;   -4444485
2.8136818485700e-04;   -4444485
2.8138818217100e-04;   -4444486
2.8140649028800e-04;   -4444486
2.8142648358300e-04;   -4444487
2.8144478776000e-04;   -4444487
2.8146478523400e-04;   -4444487
2.8148308923100e-04;   -4444487
2.8150308649500e-04;   -4444485
2.8152139434400e-04;   -4444485
2.8154138757100e-04;   -4444484
2.8156135691400e-04;   -4444484
2.8157968905000e-04;   -4444482
2.8159966235000e-04;   -4444482
2.8161799039300e-04;   -4444480
2.8163795982200e-04;   -4444480
2.8165629173700e-04;   -4444479
2.8167626116800e-04;   -4444479
2.8169459328200e-04;   -4444479
2.8171456656700e-04;   -4444479
2.8173289463200e-04;   -4444481
2.8175286396900e-04;   -4444481
2.8177286135800e-04;   -4444483
2.8179116941200e-04;   -4444483
2.8181116271100e-04;   -4444486
2.8182947069900e-04;   -4444486
2.8184946414600e-04;   -4444488
2.8186776830600e-04;   -4444488
2.8188776535200e-04;   -4444490
2.8190607346500e-04;   -4444490
2.8192606651000e-04;   -4444491
2.8194603595100e-04;   -4444491
2.8196436802100e-04;   -4444491
2.8198433747600e-04;   -4444491
2.8200266957000e-04;   -4444490
2.8202264300700e-04;   -4444490
2.8204097126700e-04;   -4444487
2.8206094039800e-04;   -4444487
2.8207927240100e-04;   -4444483
2.8209924570500e-04;   -4444483
2.8211757369600e-04;   -4444479
2.8213754307200e-04;   -4444479
2.8215754051100e-04;   -4444475
2.8217584451100e-04;   -4444475
2.8219584177500e-04;   -4444472
2.8221414990700e-04;   -4444472
2.8223414301600e-04;   -4444472
2.8225244708700e-04;   -4444472
2.8227244451800e-04;   -4444472
2.8229075245900e-04;   -4444472
2.8231074585800e-04;   -4444474
2.8232905378800e-04;   -4444474
2.8234904720600e-04;   -4444475
2.8236901659000e-04;   -4444475
2.8238734870500e-04;   -4444477
2.8240732215400e-04;   -4444477
2.8242565031200e-04;   -4444478
2.8244561960600e-04;   -4444478
2.8246395159200e-04;   -4444478
2.8248392102400e-04;   -4444478
2.8250225319900e-04;   -4444478
2.8252222649700e-04;   -4444478
2.8254055462900e-04;   -4444476
2.8256052403300e-04;   -4444476
2.8258052126900e-04;   -4444473
2.8259882937900e-04;   -4444473
2.8261882279000e-04;   -4444470
2.8263712673900e-04;   -4444470
2.8265712405700e-04;   -4444467
2.8267542812900e-04;   -4444467
2.8269542561600e-04;   -4444465
2.8271373358500e-04;   -4444465
2.8273372702400e-04;   -4444465
2.8275369615200e-04;   -4444465
2.8277202825800e-04;   -4444467
2.8279200165200e-04;   -4444467
2.8281032971800e-04;   -4444469
2.8283030330400e-04;   -4444469
2.8284863127800e-04;   -4444471
2.8286860076900e-04;   -4444471
2.8288693286900e-04;   -4444474
2.8290690630400e-04;   -4444474
2.8292523427900e-04;   -4444476
2.8294520383500e-04;   -4444476
2.8296520113000e-04;   -4444479
2.8298350522200e-04;   -4444479
2.8300350263700e-04;   -4444481
2.8302181067000e-04;   -4444481
2.8304180401100e-04;   -4444482
2.8306010797000e-04;   -4444482
2.8308010530700e-04;   -4444482
2.8309841339100e-04;   -4444482
2.8311840683300e-04;   -4444481
2.8313837614600e-04;   -4444481
2.8315670818800e-04;   -4444480
2.8317667748000e-04;   -4444480
2.8319500958000e-04;   -4444479
2.8321498300400e-04;   -4444479
2.8323331098700e-04;   -4444480
2.8325328049500e-04;   -4444480
2.8327161265500e-04;   -4444481
2.8329158607200e-04;   -4444481
2.8330991404400e-04;   -4444483
2.8332988734600e-04;   -4444483
2.8334821552900e-04;   -4444485
2.8336818497600e-04;   -4444485
2.8338818242700e-04;   -4444487
2.8340649034700e-04;   -4444487
2.8342648357900e-04;   -4444487
2.8344478769300e-04;   -4444487
2.8346478508600e-04;   -4444487
2.8348308919800e-04;   -4444487
2.8350308657900e-04;   -4444486
2.8352139471000e-04;   -4444486
2.8354138806800e-04;   -4444484
2.8356135747400e-04;   -4444484
2.8357968946700e-04;   -4444480
2.8359966276300e-04;   -4444480
2.8361799090200e-04;   -4444476
2.8363796028600e-04;   -4444476
2.8365629240500e-04;   -4444472
2.8367626178200e-04;   -4444472
2.8369459390300e-04;   -4444470
2.8371456737400e-04;   -4444470
2.8373289540500e-04;   -4444469
2.8375286479500e-04;   -4444469
2.8377286225800e-04;   -4444469
2.8379117028800e-04;   -4444469
2.8381116362600e-04;   -4444469
2.8382947154000e-04;   -4444469
2.8384946497500e-04;   -4444469
2.8386776911600e-04;   -4444469
2.8388776645900e-04;   -4444468
2.8390607460600e-04;   -4444468
2.8392606792100e-04;   -4444467
2.8394603726600e-04;   -4444467
2.8396436925500e-04;   -4444466
2.8398433842000e-04;   -4444466
2.8400267064300e-04;   -4444464
2.8402264400400e-04;   -4444464
2.8404097211800e-04;   -4444461
2.8406094134400e-04;   -4444461
2.8407927348500e-04;   -4444458
2.8409924702100e-04;   -4444458
2.8411757507900e-04;   -4444454
2.8413754447300e-04;   -4444454
2.8415754173000e-04;   -4444452
2.8417584566300e-04;   -4444452
2.8419584313900e-04;   -4444451
2.8421415118400e-04;   -4444451
2.8423414456700e-04;   -4444452
2.8425244858500e-04;   -4444452
2.8427244613000e-04;   -4444455
2.8429075417900e-04;   -4444455
2.8431074754100e-04;   -4444458
2.8432905553300e-04;   -4444458
2.8434904893800e-04;   -4444462
2.8436901825600e-04;   -4444462
2.8438735028000e-04;   -4444465
2.8440732354900e-04;   -4444465
2.8442565158400e-04;   -4444468
2.8444562094300e-04;   -4444468
2.8446395302200e-04;   -4444470
2.8448392629200e-04;   -4444470
2.8450225440500e-04;   -4444471
2.8452222776500e-04;   -4444471
2.8454055569900e-04;   -4444470
2.8456052499600e-04;   -4444470
2.8458052238900e-04;   -4444469
2.8459883047200e-04;   -4444469
2.8461882381400e-04;   -4444468
2.8463712787900e-04;   -4444468
2.8465712519600e-04;   -4444469
2.8467542940100e-04;   -4444469
2.8469542660800e-04;   -4444470
2.8471373453800e-04;   -4444470
2.8473372789400e-04;   -4444473
2.8475369739900e-04;   -4444473
2.8477202946700e-04;   -4444477
2.8479200295600e-04;   -4444477
2.8481033099500e-04;   -4444482
2.8483030435400e-04;   -4444482
2.8484863237800e-04;   -4444485
2.8486860136200e-04;   -4444485
2.8488693329000e-04;   -4444488
2.8490690670800e-04;   -4444488
2.8492523488000e-04;   -4444490
2.8494520426500e-04;   -4444490
2.8496520150800e-04;   -4444491
2.8498350560800e-04;   -4444491
2.8500350300000e-04;   -4444490
2.8502181111300e-04;   -4444490
2.8504180450600e-04;   -4444488
2.8506010866000e-04;   -4444488
2.8508010580500e-04;   -4444485
2.8509841388400e-04;   -4444485
2.8511840726400e-04;   -4444480
2.8513837664800e-04;   -4444480
2.8515670871400e-04;   -4444477
2.8517667806800e-04;   -4444477
2.8519501002300e-04;   -4444474
2.8521498344700e-04;   -4444474
2.8523331151600e-04;   -4444473
2.8525328088900e-04;   -4444473
2.8527161292900e-04;   -4444474
2.8529158624400e-04;   -4444474
2.8530991431700e-04;   -4444475
2.8532988770100e-04;   -4444475
2.8534821565100e-04;   -4444477
2.8536818489300e-04;   -4444477
2.8538818234900e-04;   -4444479
2.8540649056100e-04;   -4444479
2.8542648395200e-04;   -4444480
2.8544478802800e-04;   -4444480
2.8546478534900e-04;   -4444480
2.8548308935000e-04;   -4444480
2.8550308665700e-04;   -4444480
2.8552139478600e-04;   -4444480
2.8554138797700e-04;   -4444478
2.8556135736000e-04;   -4444478
2.8557968933900e-04;   -4444475
2.8559966270200e-04;   -4444475
2.8561799074000e-04;   -4444471
2.8563796010400e-04;   -4444471
2.8565629217600e-04;   -4444468
2.8567626148300e-04;   -4444468
2.8569459368400e-04;   -4444467
2.8571456705900e-04;   -4444467
2.8573289515800e-04;   -4444467
2.8575286442000e-04;   -4444467
2.8577286180900e-04;   -4444468
2.8579116999000e-04;   -4444468
2.8581116332100e-04;   -4444470
2.8582947135400e-04;   -4444470
2.8584946468800e-04;   -4444473
2.8586776867800e-04;   -4444473
2.8588776619900e-04;   -4444475
2.8590607432200e-04;   -4444475
2.8592606771400e-04;   -4444477
2.8594603707800e-04;   -4444477
2.8596436911000e-04;   -4444478
2.8598433854400e-04;   -4444478
2.8600267058800e-04;   -4444477
2.8602264374300e-04;   -4444477
2.8604097192700e-04;   -4444476
2.8606094116800e-04;   -4444476
2.8607927328100e-04;   -4444473
2.8609924657900e-04;   -4444473
2.8611757443400e-04;   -4444470
2.8613754372900e-04;   -4444470
2.8615754100000e-04;   -4444467
2.8617584513300e-04;   -4444467
2.8619584245100e-04;   -4444466
2.8621415045100e-04;   -4444466
2.8623414386400e-04;   -4444466
2.8625244791200e-04;   -4444466
2.8627244528200e-04;   -4444468
2.8629075348300e-04;   -4444468
2.8631074679800e-04;   -4444470
2.8632905473000e-04;   -4444470
2.8634904810900e-04;   -4444473
2.8636901743400e-04;   -4444473
2.8638734955000e-04;   -4444475
2.8640732279700e-04;   -4444475
2.8642565095000e-04;   -4444478
2.8644562035400e-04;   -4444478
2.8646395233800e-04;   -4444480
2.8648392145400e-04;   -4444480
2.8650225344700e-04;   -4444483
2.8652222695700e-04;   -4444483
2.8654055495500e-04;   -4444484
2.8656052429500e-04;   -4444484
2.8658052167400e-04;   -4444484
2.8659882972300e-04;   -4444484
2.8661882305300e-04;   -4444482
2.8663712718200e-04;   -4444482
2.8665712444500e-04;   -4444481
2.8667542880600e-04;   -4444481
2.8669542601700e-04;   -4444481
2.8671373411200e-04;   -4444481
2.8673372751300e-04;   -4444482
2.8675369689400e-04;   -4444482
2.8677202887700e-04;   -4444483
2.8679200214600e-04;   -4444483
2.8681033029000e-04;   -4444485
2.8683030359700e-04;   -4444485
2.8684863171900e-04;   -4444487
2.8686860097200e-04;   -4444487
2.8688693308500e-04;   -4444489
2.8690690643300e-04;   -4444489
2.8692523443300e-04;   -4444489
2.8694520374700e-04;   -4444489
2.8696520112400e-04;   -4444489
2.8698350519300e-04;   -4444489
2.8700350242000e-04;   -4444488
2.8702181048000e-04;   -4444488
2.8704180399800e-04;   -4444485
2.8706010798100e-04;   -4444485
2.8708010528500e-04;   -4444482
2.8709841321300e-04;   -4444482
2.8711840653400e-04;   -4444477
2.8713837592800e-04;   -4444477
2.8715670801000e-04;   -4444474
2.8717667714200e-04;   -4444474
2.8719500936900e-04;   -4444472
2.8721498249300e-04;   -4444472
2.8723331052100e-04;   -4444471
2.8725327997300e-04;   -4444471
2.8727161200800e-04;   -4444472
2.8729158536400e-04;   -4444472
2.8730991330000e-04;   -4444474
2.8732988679200e-04;   -4444474
2.8734821480700e-04;   -4444476
2.8736818412100e-04;   -4444476
2.8738818150300e-04;   -4444478
2.8740648963000e-04;   -4444478
2.8742648283600e-04;   -4444480
2.8744478694700e-04;   -4444480
2.8746478434500e-04;   -4444482
2.8748308838200e-04;   -4444482
2.8750308567400e-04;   -4444485
2.8752139389800e-04;   -4444485
2.8754138708500e-04;   -4444486
2.8756135636300e-04;   -4444486
2.8757968844700e-04;   -4444488
2.8759966180000e-04;   -4444488
2.8761798978800e-04;   -4444489
2.8763795907800e-04;   -4444489
2.8765629109500e-04;   -4444490
2.8767626036300e-04;   -4444490
2.8769459248200e-04;   -4444492
2.8771456578200e-04;   -4444492
2.8773289380100e-04;   -4444495
2.8775286310000e-04;   -4444495
2.8777286046000e-04;   -4444498
2.8779116851700e-04;   -4444498
2.8781116184500e-04;   -4444501
2.8782946989300e-04;   -4444501
2.8784946337600e-04;   -4444503
2.8786776737800e-04;   -4444503
2.8788776471900e-04;   -4444504
2.8790607281600e-04;   -4444504
2.8792606618100e-04;   -4444506
2.8794603561300e-04;   -4444506
2.8796436753600e-04;   -4444507
2.8798433684600e-04;   -4444507
2.8800266880600e-04;   -4444507
2.8802264219600e-04;   -4444507
2.8804097025800e-04;   -4444507
2.8806093963100e-04;   -4444507
2.8807927187400e-04;   -4444506
2.8809924517100e-04;   -4444506
2.8811757330900e-04;   -4444505
2.8813754267300e-04;   -4444505
2.8815753978700e-04;   -4444505
2.8817584379000e-04;   -4444505
2.8819584113900e-04;   -4444505
2.8821414929200e-04;   -4444505
2.8823414270900e-04;   -4444506
2.8825244664400e-04;   -4444506
2.8827244402100e-04;   -4444508
2.8829075211500e-04;   -4444508
2.8831074555300e-04;   -4444509
2.8832905357600e-04;   -4444509
2.8834904688900e-04;   -4444510
2.8836901625200e-04;   -4444510
2.8838734843000e-04;   -4444511
2.8840732182500e-04;   -4444511
2.8842564986400e-04;   -4444511
2.8844561936700e-04;   -4444511
2.8846395144300e-04;   -4444511
2.8848392067900e-04;   -4444511
2.8850225271200e-04;   -4444511
2.8852222614500e-04;   -4444511
2.8854055437000e-04;   -4444509
2.8856052370500e-04;   -4444509
2.8858052101100e-04;   -4444506
2.8859882912800e-04;   -4444506
2.8861882257400e-04;   -4444502
2.8863712664400e-04;   -4444502
2.8865712400400e-04;   -4444499
2.8867542799700e-04;   -4444499
2.8869542526300e-04;   -4444497
2.8871373349300e-04;   -4444497
2.8873372675600e-04;   -4444495
2.8875369621600e-04;   -4444495
2.8877202816900e-04;   -4444495
2.8879200149100e-04;   -4444495
2.8881032955600e-04;   -4444495
2.8883030296500e-04;   -4444495
2.8884863084900e-04;   -4444496
2.8886860028500e-04;   -4444496
2.8888693236700e-04;   -4444496
2.8890690547500e-04;   -4444496
2.8892523342400e-04;   -4444497
2.8894520288200e-04;   -4444497
2.8896520024400e-04;   -4444497
2.8898350423100e-04;   -4444497
2.8900350153600e-04;   -4444498
2.8902180959300e-04;   -4444498
2.8904180280700e-04;   -4444498
2.8906010693600e-04;   -4444498
2.8908010430300e-04;   -4444498
2.8909841236100e-04;   -4444498
2.8911840570300e-04;   -4444498
2.8913837509200e-04;   -4444498
2.8915670714100e-04;   -4444498
2.8917667648500e-04;   -4444498
2.8919500863600e-04;   -4444499
2.8921498196700e-04;   -4444499
2.8923330994900e-04;   -4444501
2.8925327952900e-04;   -4444501
2.8927161154200e-04;   -4444503
2.8929158480500e-04;   -4444503
2.8930991288900e-04;   -4444505
2.8932988624400e-04;   -4444505
2.8934821447200e-04;   -4444507
2.8936818367600e-04;   -4444507
2.8938818081000e-04;   -4444508
2.8940648893000e-04;   -4444508
2.8942648233200e-04;   -4444509
2.8944478639100e-04;   -4444509
2.8946478386300e-04;   -4444509
2.8948309187500e-04;   -4444509
2.8950308527000e-04;   -4444509
2.8952139322100e-04;   -4444509
2.8954138659900e-04;   -4444509
2.8956135588300e-04;   -4444509
2.8957968784600e-04;   -4444509
2.8959966114900e-04;   -4444509
2.8961798931200e-04;   -4444510
2.8963795859300e-04;   -4444510
2.8965629068400e-04;   -4444512
2.8967625998100e-04;   -4444512
2.8969459200200e-04;   -4444514
2.8971456535800e-04;   -4444514
2.8973289350000e-04;   -4444518
2.8975286293600e-04;   -4444518
2.8977286040200e-04;   -4444521
2.8979116841100e-04;   -4444521
2.8981116179200e-04;   -4444524
2.8982947004600e-04;   -4444524
2.8984946329200e-04;   -4444526
2.8986776729400e-04;   -4444526
2.8988776479200e-04;   -4444527
2.8990607266400e-04;   -4444527
2.8992606600000e-04;   -4444527
2.8994603529100e-04;   -4444527
2.8996436746700e-04;   -4444527
2.8998433675300e-04;   -4444527
2.9000266900200e-04;   -4444526
2.9002264227300e-04;   -4444526
2.9004097031700e-04;   -4444523
2.9006093955100e-04;   -4444523
2.9007927183200e-04;   -4444519
2.9009924514600e-04;   -4444519
2.9011757313900e-04;   -4444514
2.9013754254400e-04;   -4444514
2.9015753999300e-04;   -4444510
2.9017584413400e-04;   -4444510
2.9019584153200e-04;   -4444506
2.9021414965700e-04;   -4444506
2.9023414299800e-04;   -4444504
2.9025244700300e-04;   -4444504
2.9027244433600e-04;   -4444503
2.9029075250500e-04;   -4444503
2.9031074594200e-04;   -4444502
2.9032905395800e-04;   -4444502
2.9034904731700e-04;   -4444502
2.9036901662500e-04;   -4444502
2.9038734874500e-04;   -4444501
2.9040732203500e-04;   -4444501
2.9042565005700e-04;   -4444500
2.9044561939300e-04;   -4444500
2.9046395146900e-04;   -4444499
2.9048392076500e-04;   -4444499
2.9050225293200e-04;   -4444496
2.9052222633600e-04;   -4444496
2.9054055435500e-04;   -4444493
2.9056052372800e-04;   -4444493
2.9058052100200e-04;   -4444491
2.9059882911800e-04;   -4444491
2.9061882233900e-04;   -4444488
2.9063712635000e-04;   -4444488
2.9065712388200e-04;   -4444486
2.9067542786800e-04;   -4444486
2.9069542515600e-04;   -4444486
2.9071373318500e-04;   -4444486
2.9073372657000e-04;   -4444487
2.9075369589700e-04;   -4444487
2.9077202792500e-04;   -4444489
2.9079200134200e-04;   -4444489
2.9081032948800e-04;   -4444492
2.9083030277600e-04;   -4444492
2.9084863078000e-04;   -4444494
2.9086860009700e-04;   -4444494
2.9088693217300e-04;   -4444496
2.9090690550700e-04;   -4444496
2.9092523353100e-04;   -4444496
2.9094520288800e-04;   -4444496
2.9096520028100e-04;   -4444496
2.9098350433300e-04;   -4444496
2.9100350173000e-04;   -4444495
2.9102180953900e-04;   -4444495
2.9104180278900e-04;   -4444492
2.9106010682200e-04;   -4444492
2.9108010414100e-04;   -4444488
2.9109841228600e-04;   -4444488
2.9111840568200e-04;   -4444483
2.9113837488400e-04;   -4444483
2.9115670701900e-04;   -4444480
2.9117667631900e-04;   -4444480
2.9119500843300e-04;   -4444477
2.9121498183800e-04;   -4444477
2.9123330994100e-04;   -4444476
2.9125327917100e-04;   -4444476
2.9127161132100e-04;   -4444477
2.9129158459600e-04;   -4444477
2.9130991275800e-04;   -4444478
2.9132988582100e-04;   -4444478
2.9134821392600e-04;   -4444480
2.9136818315300e-04;   -4444480
2.9138818055100e-04;   -4444482
2.9140648866600e-04;   -4444482
2.9142648192400e-04;   -4444483
2.9144478597200e-04;   -4444483
2.9146478325300e-04;   -4444486
2.9148308739500e-04;   -4444486
2.9150308469100e-04;   -4444488
2.9152139274500e-04;   -4444488
2.9154138607700e-04;   -4444489
2.9156135536900e-04;   -4444489
2.9157968729000e-04;   -4444491
2.9159966070300e-04;   -4444491
2.9161798867800e-04;   -4444491
2.9163795810000e-04;   -4444491
2.9165629021900e-04;   -4444493
2.9167625954800e-04;   -4444493
2.9169459150300e-04;   -4444495
2.9171456484200e-04;   -4444495
2.9173289285000e-04;   -4444497
2.9175286217200e-04;   -4444497
2.9177285951900e-04;   -4444500
2.9179116748900e-04;   -4444500
2.9181116065600e-04;   -4444503
2.9182946886000e-04;   -4444503
2.9184946225100e-04;   -4444505
2.9186776638800e-04;   -4444505
2.9188776368800e-04;   -4444507
2.9190607164400e-04;   -4444507
2.9192606509800e-04;   -4444508
2.9194603434100e-04;   -4444508
2.9196436639500e-04;   -4444509
2.9198433583600e-04;   -4444509
2.9200266790400e-04;   -4444510
2.9202264125100e-04;   -4444510
2.9204096937900e-04;   -4444512
2.9206093879000e-04;   -4444512
2.9207927083400e-04;   -4444514
2.9209924420800e-04;   -4444514
2.9211757241500e-04;   -4444515
2.9213754169400e-04;   -4444515
2.9215753894100e-04;   -4444517
2.9217584294400e-04;   -4444517
2.9219584032900e-04;   -4444520
2.9221414849200e-04;   -4444520
2.9223414185600e-04;   -4444522
2.9225244601200e-04;   -4444522
2.9227244339000e-04;   -4444524
2.9229075150300e-04;   -4444524
2.9231074501400e-04;   -4444526
2.9232905315000e-04;   -4444526
2.9234904653400e-04;   -4444528
2.9236901601600e-04;   -4444528
2.9238734827800e-04;   -4444528
2.9240732152500e-04;   -4444528
2.9242564967300e-04;   -4444526
2.9244561899500e-04;   -4444526
2.9246395113800e-04;   -4444524
2.9248392054500e-04;   -4444524
2.9250225255700e-04;   -4444520
2.9252222587800e-04;   -4444520
2.9254055400500e-04;   -4444515
2.9256052351000e-04;   -4444515
2.9258052076800e-04;   -4444511
2.9259882870100e-04;   -4444511
2.9261882227300e-04;   -4444506
2.9263712622300e-04;   -4444506
2.9265712370600e-04;   -4444503
2.9267542771000e-04;   -4444503
2.9269542499800e-04;   -4444501
2.9271373315000e-04;   -4444501
2.9273372641400e-04;   -4444500
2.9275369567600e-04;   -4444500
2.9277202782000e-04;   -4444501
2.9279200126100e-04;   -4444501
2.9281032942300e-04;   -4444502
2.9283030287600e-04;   -4444502
2.9284863096300e-04;   -4444503
2.9286860013600e-04;   -4444503
2.9288693224600e-04;   -4444503
2.9290690558600e-04;   -4444503
2.9292523367000e-04;   -4444504
2.9294520302900e-04;   -4444504
2.9296520034400e-04;   -4444505
2.9298350443700e-04;   -4444505
2.9300350185200e-04;   -4444505
2.9302181000000e-04;   -4444505
2.9304180315100e-04;   -4444504
2.9306010712100e-04;   -4444504
2.9308010438600e-04;   -4444502
2.9309841243600e-04;   -4444502
2.9311840578500e-04;   -4444499
2.9313837504700e-04;   -4444499
2.9315670695400e-04;   -4444496
2.9317667632700e-04;   -4444496
2.9319500849200e-04;   -4444495
2.9321498193400e-04;   -4444495
2.9323330991800e-04;   -4444494
2.9325327909900e-04;   -4444494
2.9327161110100e-04;   -4444494
2.9329158435900e-04;   -4444494
2.9330991255200e-04;   -4444495
2.9332988587500e-04;   -4444495
2.9334821405700e-04;   -4444496
2.9336818330200e-04;   -4444496
2.9338818049200e-04;   -4444496
2.9340648851000e-04;   -4444496
2.9342648195600e-04;   -4444497
2.9344478607300e-04;   -4444497
2.9346478336700e-04;   -4444498
2.9348309141400e-04;   -4444498
2.9350308467100e-04;   -4444499
2.9352139267400e-04;   -4444499
2.9354138595700e-04;   -4444500
2.9356135545600e-04;   -4444500
2.9357968747300e-04;   -4444501
2.9359966082500e-04;   -4444501
2.9361798869400e-04;   -4444502
2.9363795812100e-04;   -4444502
2.9365629033600e-04;   -4444505
2.9367625967500e-04;   -4444505
2.9369459164000e-04;   -4444509
2.9371456497000e-04;   -4444509
2.9373289302900e-04;   -4444513
2.9375286222700e-04;   -4444513
2.9377285954700e-04;   -4444517
2.9379116747000e-04;   -4444517
2.9381116082900e-04;   -4444521
2.9382946891300e-04;   -4444521
2.9384946242500e-04;   -4444524
2.9386776640800e-04;   -4444524
2.9388776386000e-04;   -4444525
2.9390607209500e-04;   -4444525
2.9392606534400e-04;   -4444525
2.9394603474300e-04;   -4444525
2.9396436689300e-04;   -4444523
2.9398434020200e-04;   -4444523
2.9400266825900e-04;   -4444520
2.9402264172200e-04;   -4444520
2.9404096983200e-04;   -4444517
2.9406093904400e-04;   -4444517
2.9407927111800e-04;   -4444513
2.9409924457800e-04;   -4444513
2.9411757264700e-04;   -4444511
2.9413754203200e-04;   -4444511
2.9415753921500e-04;   -4444510
2.9417584340000e-04;   -4444510
2.9419584064200e-04;   -4444511
2.9421414887500e-04;   -4444511
2.9423414223300e-04;   -4444512
2.9425244617800e-04;   -4444512
2.9427244371700e-04;   -4444515
2.9429075196800e-04;   -4444515
2.9431074526700e-04;   -4444517
2.9432905338600e-04;   -4444517
2.9434904662500e-04;   -4444519
2.9436901607900e-04;   -4444519
2.9438734812000e-04;   -4444520
2.9440732144500e-04;   -4444520
2.9442564956000e-04;   -4444521
2.9444561901200e-04;   -4444521
2.9446395108500e-04;   -4444521
2.9448392046900e-04;   -4444521
2.9450225267100e-04;   -4444521
2.9452222582000e-04;   -4444521
2.9454055407000e-04;   -4444520
2.9456052343900e-04;   -4444520
2.9458052080800e-04;   -4444518
2.9459882876200e-04;   -4444518
2.9461882190900e-04;   -4444517
2.9463712617700e-04;   -4444517
2.9465712340100e-04;   -4444515
2.9467542741500e-04;   -4444515
2.9469542488400e-04;   -4444515
2.9471373300800e-04;   -4444515
2.9473372634400e-04;   -4444515
2.9475369583400e-04;   -4444515
2.9477202796500e-04;   -4444516
2.9479200144400e-04;   -4444516
2.9481032957300e-04;   -4444517
2.9483030290300e-04;   -4444517
2.9484863122500e-04;   -4444517
2.9486860070200e-04;   -4444517
2.9488693271600e-04;   -4444517
2.9490690616100e-04;   -4444517
2.9492523428400e-04;   -4444517
2.9494520370400e-04;   -4444517
2.9496520100800e-04;   -4444516
2.9498350522600e-04;   -4444516
2.9500350261600e-04;   -4444516
2.9502181080400e-04;   -4444516
2.9504180421800e-04;   -4444515
2.9506010809300e-04;   -4444515
2.9508010546500e-04;   -4444514
2.9509841356400e-04;   -4444514
2.9511840685800e-04;   -4444512
2.9513837641500e-04;   -4444512
2.9515670837500e-04;   -4444511
2.9517667785800e-04;   -4444511
2.9519500998600e-04;   -4444511
2.9521498327900e-04;   -4444511
2.9523331122700e-04;   -4444511
2.9525328044700e-04;   -4444511
2.9527161242200e-04;   -4444512
2.9529158588000e-04;   -4444512
2.9530991395800e-04;   -4444514
2.9532988732100e-04;   -4444514
2.9534821543800e-04;   -4444515
2.9536818494100e-04;   -4444515
2.9538818234900e-04;   -4444515
2.9540649043500e-04;   -4444515
2.9542648386200e-04;   -4444514
2.9544478799000e-04;   -4444514
2.9546478541400e-04;   -4444512
2.9548308945400e-04;   -4444512
2.9550308692500e-04;   -4444509
2.9552139507800e-04;   -4444509
2.9554138841000e-04;   -4444505
2.9556135773300e-04;   -4444505
2.9557968985500e-04;   -4444500
2.9559966325200e-04;   -4444500
2.9561799125400e-04;   -4444494
2.9563796042600e-04;   -4444494
2.9565629241300e-04;   -4444489
2.9567626183900e-04;   -4444489
2.9569459396300e-04;   -4444485
2.9571456725900e-04;   -4444485
2.9573289551900e-04;   -4444484
2.9575286484800e-04;   -4444484
2.9577286219900e-04;   -4444483
2.9579117027800e-04;   -4444483
2.9581116370900e-04;   -4444484
2.9582947192000e-04;   -4444484
2.9584946515500e-04;   -4444485
2.9586776922700e-04;   -4444485
2.9588776650800e-04;   -4444486
2.9590607447900e-04;   -4444486
2.9592606782100e-04;   -4444487
2.9594603726600e-04;   -4444487
2.9596436916200e-04;   -4444487
2.9598433863400e-04;   -4444487
2.9600267063700e-04;   -4444486
2.9602264403600e-04;   -4444486
2.9604097219400e-04;   -4444484
2.9606094136200e-04;   -4444484
2.9607927359800e-04;   -4444481
2.9609924686500e-04;   -4444481
2.9611757494300e-04;   -4444477
2.9613754431400e-04;   -4444477
2.9615754171300e-04;   -4444474
2.9617584563300e-04;   -4444474
2.9619584298300e-04;   -4444473
2.9621415104100e-04;   -4444473
2.9623414433900e-04;   -4444472
2.9625244842300e-04;   -4444472
2.9627244579900e-04;   -4444474
2.9629075390200e-04;   -4444474
2.9631074735300e-04;   -4444476
2.9632905530900e-04;   -4444476
2.9634904885300e-04;   -4444478
2.9636901817400e-04;   -4444478
2.9638735033200e-04;   -4444481
2.9640732356900e-04;   -4444481
2.9642565175200e-04;   -4444482
2.9644562089500e-04;   -4444482
2.9646395305400e-04;   -4444483
2.9648392228200e-04;   -4444483
2.9650225436700e-04;   -4444483
2.9652222756600e-04;   -4444483
2.9654055586800e-04;   -4444481
2.9656052519700e-04;   -4444481
2.9658052250500e-04;   -4444479
2.9659883075600e-04;   -4444479
2.9661882411100e-04;   -4444475
2.9663712810700e-04;   -4444475
2.9665712565200e-04;   -4444473
2.9667542959000e-04;   -4444473
2.9669542704600e-04;   -4444471
2.9671373501400e-04;   -4444471
2.9673372846200e-04;   -4444472
2.9675369769300e-04;   -4444472
2.9677202978400e-04;   -4444473
2.9679200296000e-04;   -4444473
2.9681033098000e-04;   -4444475
2.9683030443600e-04;   -4444475
2.9684863255500e-04;   -4444478
2.9686860194500e-04;   -4444478
2.9688693396100e-04;   -4444480
2.9690690740100e-04;   -4444480
2.9692523551500e-04;   -4444482
2.9694520478900e-04;   -4444482
2.9696520213300e-04;   -4444483
2.9698350625300e-04;   -4444483
2.9700350354800e-04;   -4444483
2.9702181148200e-04;   -4444483
2.9704180486700e-04;   -4444481
2.9706010886700e-04;   -4444481
2.9708010628900e-04;   -4444479
2.9709841439900e-04;   -4444479
2.9711840756700e-04;   -4444475
2.9713837674900e-04;   -4444475
2.9715670882100e-04;   -4444473
2.9717667820800e-04;   -4444473
2.9719501033500e-04;   -4444472
2.9721498348100e-04;   -4444472
2.9723331163400e-04;   -4444472
2.9725328087800e-04;   -4444472
2.9727161294700e-04;   -4444473
2.9729158634900e-04;   -4444473
2.9730991442100e-04;   -4444476
2.9732988793900e-04;   -4444476
2.9734821601000e-04;   -4444478
2.9736818527800e-04;   -4444478
2.9738818278300e-04;   -4444480
2.9740649077800e-04;   -4444480
2.9742648401300e-04;   -4444482
2.9744478813500e-04;   -4444482
2.9746478541500e-04;   -4444483
2.9748308958300e-04;   -4444483
2.9750308696300e-04;   -4444483
2.9752139504100e-04;   -4444483
2.9754138840300e-04;   -4444483
2.9756135774600e-04;   -4444483
2.9757968984700e-04;   -4444482
2.9759966330500e-04;   -4444482
2.9761799137300e-04;   -4444481
2.9763796060800e-04;   -4444481
2.9765629278500e-04;   -4444481
2.9767626223200e-04;   -4444481
2.9769459426900e-04;   -4444482
2.9771456751300e-04;   -4444482
2.9773289562800e-04;   -4444484
2.9775286502600e-04;   -4444484
2.9777286227500e-04;   -4444487
2.9779117041800e-04;   -4444487
2.9781116368200e-04;   -4444491
2.9782947173700e-04;   -4444491
2.9784946507800e-04;   -4444494
2.9786776900600e-04;   -4444494
2.9788776650900e-04;   -4444496
2.9790607436500e-04;   -4444496
2.9792606783500e-04;   -4444497
2.9794603717400e-04;   -4444497
2.9796436936700e-04;   -4444497
2.9798433863200e-04;   -4444497
2.9800267062200e-04;   -4444497
2.9802264393300e-04;   -4444497
2.9804097204900e-04;   -4444494
2.9806094144800e-04;   -4444494
2.9807927371000e-04;   -4444490
2.9809924704800e-04;   -4444490
2.9811757503600e-04;   -4444486
2.9813754466100e-04;   -4444486
2.9815754198200e-04;   -4444482
2.9817584607300e-04;   -4444482
2.9819584346900e-04;   -4444480
2.9821415147600e-04;   -4444480
2.9823414478800e-04;   -4444479
2.9825244877600e-04;   -4444479
2.9827244619600e-04;   -4444480
2.9829075418100e-04;   -4444480
2.9831074759100e-04;   -4444481
2.9832905563100e-04;   -4444481
2.9834904899200e-04;   -4444483
2.9836901842200e-04;   -4444483
2.9838735039600e-04;   -4444485
2.9840732369100e-04;   -4444485
2.9842565179500e-04;   -4444486
2.9844562119600e-04;   -4444486
2.9846395321100e-04;   -4444486
2.9848392263700e-04;   -4444486
2.9850225469800e-04;   -4444486
2.9852222800800e-04;   -4444486
2.9854055592500e-04;   -4444484
2.9856052530000e-04;   -4444484
2.9858052264600e-04;   -4444481
2.9859883053700e-04;   -4444481
2.9861882381900e-04;   -4444477
2.9863712788300e-04;   -4444477
2.9865712516300e-04;   -4444475
2.9867542919000e-04;   -4444475
2.9869542650300e-04;   -4444473
2.9871373464200e-04;   -4444473
2.9873372800500e-04;   -4444473
2.9875369738100e-04;   -4444473
2.9877202952100e-04;   -4444475
2.9879200290200e-04;   -4444475
2.9881033101400e-04;   -4444477
2.9883030431100e-04;   -4444477
2.9884863239300e-04;   -4444479
2.9886860186800e-04;   -4444479
2.9888693386200e-04;   -4444482
2.9890690729800e-04;   -4444482
2.9892523549700e-04;   -4444483
2.9894520479500e-04;   -4444483
2.9896520199300e-04;   -4444484
2.9898350610800e-04;   -4444484
2.9900350336300e-04;   -4444484
2.9902181154900e-04;   -4444484
2.9904180484000e-04;   -4444482
2.9906010904800e-04;   -4444482
2.9908010631600e-04;   -4444480
2.9909841446700e-04;   -4444480
2.9911840765600e-04;   -4444476
2.9913837694900e-04;   -4444476
2.9915670913500e-04;   -4444474
2.9917667850900e-04;   -4444474
2.9919501044000e-04;   -4444473
2.9921498385300e-04;   -4444473
2.9923331210100e-04;   -4444473
2.9925328144000e-04;   -4444473
2.9927161342600e-04;   -4444474
2.9929158670300e-04;   -4444474
2.9930991477900e-04;   -4444477
2.9932988835700e-04;   -4444477
2.9934821633400e-04;   -4444479
2.9936818562400e-04;   -4444479
2.9938818304700e-04;   -4444482
2.9940649100500e-04;   -4444482
2.9942648416500e-04;   -4444483
2.9944478823700e-04;   -4444483
2.9946478566500e-04;   -4444484
2.9948308972300e-04;   -4444484
2.9950308723100e-04;   -4444484
2.9952139538900e-04;   -4444484
2.9954138867700e-04;   -4444483
2.9956135804000e-04;   -4444483
2.9957969009900e-04;   -4444480
2.9959966347900e-04;   -4444480
2.9961799146900e-04;   -4444477
2.9963796077000e-04;   -4444477
2.9965629280900e-04;   -4444474
2.9967626225300e-04;   -4444474
2.9969459431300e-04;   -4444473
2.9971456789000e-04;   -4444473
2.9973289593300e-04;   -4444473
2.9975286523900e-04;   -4444473
2.9977286251300e-04;   -4444474
2.9979117057800e-04;   -4444474
2.9981116396900e-04;   -4444477
2.9982947210800e-04;   -4444477
2.9984946533700e-04;   -4444479
2.9986776956000e-04;   -4444479
2.9988776679800e-04;   -4444482
2.9990607480500e-04;   -4444482
2.9992606818200e-04;   -4444483
2.9994603754700e-04;   -4444483
2.9996436955300e-04;   -4444484
2.9998433887100e-04;   -4444484
3.0000267102800e-04;   -4444484
3.0002264437900e-04;   -4444484
3.0004097242000e-04;   -4444483
3.0006094180400e-04;   -4444483
3.0007927400100e-04;   -4444480
3.0009924725900e-04;   -4444480
3.0011757528100e-04;   -4444477
3.0013754449000e-04;   -4444477
3.0015754189400e-04;   -4444474
3.0017584608400e-04;   -4444474
3.0019584354000e-04;   -4444473
3.0021415171200e-04;   -4444473
3.0023414527100e-04;   -4444473
3.0025244900600e-04;   -4444473
3.0027244650800e-04;   -4444475
3.0029075459700e-04;   -4444475
3.0031074774900e-04;   -4444477
3.0032905565700e-04;   -4444477
3.0034904884800e-04;   -4444480
3.0036901823700e-04;   -4444480
3.0038735017600e-04;   -4444482
3.0040732348000e-04;   -4444482
3.0042565147200e-04;   -4444484
3.0044562092000e-04;   -4444484
3.0046395293700e-04;   -4444484
3.0048392236800e-04;   -4444484
3.0050225449900e-04;   -4444484
3.0052222781100e-04;   -4444484
3.0054055588100e-04;   -4444483
3.0056052511000e-04;   -4444483
3.0058052242200e-04;   -4444480
3.0059883061800e-04;   -4444480
3.0061882399900e-04;   -4444477
3.0063712811200e-04;   -4444477
3.0065712532200e-04;   -4444475
3.0067542944100e-04;   -4444475
3.0069542674200e-04;   -4444473
3.0071373485200e-04;   -4444473
3.0073372832400e-04;   -4444473
3.0075369751500e-04;   -4444473
3.0077202974200e-04;   -4444475
3.0079200319500e-04;   -4444475
3.0081033123500e-04;   -4444477
3.0083030471600e-04;   -4444477
3.0084863283700e-04;   -4444480
3.0086860221500e-04;   -4444480
3.0088693429000e-04;   -4444482
3.0090690765400e-04;   -4444482
3.0092523583400e-04;   -4444484
3.0094520526700e-04;   -4444484
3.0096520252000e-04;   -4444485
3.0098350662500e-04;   -4444485
3.0100350402400e-04;   -4444485
3.0102181199900e-04;   -4444485
3.0104180530500e-04;   -4444483
3.0106010921300e-04;   -4444483
3.0108010654200e-04;   -4444481
3.0109841465200e-04;   -4444481
3.0111840805700e-04;   -4444477
3.0113837735300e-04;   -4444477
3.0115670942200e-04;   -4444475
3.0117667878800e-04;   -4444475
3.0119501101300e-04;   -4444474
3.0121498427800e-04;   -4444474
3.0123331225000e-04;   -4444474
3.0125328167000e-04;   -4444474
3.0127161380000e-04;   -4444475
3.0129158702000e-04;   -4444475
3.0130991517500e-04;   -4444478
3.0132988845700e-04;   -4444478
3.0134821637700e-04;   -4444480
3.0136818563100e-04;   -4444480
3.0138818314500e-04;   -4444482
3.0140649119500e-04;   -4444482
3.0142648442800e-04;   -4444484
3.0144478855200e-04;   -4444484
3.0146478566700e-04;   -4444485
3.0148308976100e-04;   -4444485
3.0150308702700e-04;   -4444485
3.0152139506100e-04;   -4444485
3.0154138843400e-04;   -4444484
3.0156135770500e-04;   -4444484
3.0157968968000e-04;   -4444481
3.0159966312000e-04;   -4444481
3.0161799116600e-04;   -4444478
3.0163796050300e-04;   -4444478
3.0165629248100e-04;   -4444475
3.0167626191300e-04;   -4444475
3.0169459406700e-04;   -4444474
3.0171456744000e-04;   -4444474
3.0173289546200e-04;   -4444474
3.0175286464200e-04;   -4444474
3.0177286185500e-04;   -4444475
3.0179116996700e-04;   -4444475
3.0181116327100e-04;   -4444478
3.0182947122100e-04;   -4444478
3.0184946471500e-04;   -4444480
3.0186776876100e-04;   -4444480
3.0188776612200e-04;   -4444483
3.0190607417400e-04;   -4444483
3.0192606749500e-04;   -4444485
3.0194603686500e-04;   -4444485
3.0196436878800e-04;   -4444488
3.0198434202100e-04;   -4444488
3.0200267008400e-04;   -4444490
3.0202264359500e-04;   -4444490
3.0204097151900e-04;   -4444492
3.0206094105600e-04;   -4444492
3.0207927297600e-04;   -4444492
3.0209924633100e-04;   -4444492
3.0211757452400e-04;   -4444493
3.0213754389400e-04;   -4444493
3.0215754126900e-04;   -4444494
3.0217584538200e-04;   -4444494
3.0219584277200e-04;   -4444497
3.0221415081000e-04;   -4444497
3.0223414411600e-04;   -4444500
3.0225244822100e-04;   -4444500
3.0227244553400e-04;   -4444503
3.0229075356400e-04;   -4444503
3.0231074692500e-04;   -4444507
3.0232905501300e-04;   -4444507
3.0234904833000e-04;   -4444510
3.0236901768600e-04;   -4444510
3.0238734952500e-04;   -4444512
3.0240732277000e-04;   -4444512
3.0242565101500e-04;   -4444512
3.0244562024600e-04;   -4444512
3.0246395232300e-04;   -4444512
3.0248392161900e-04;   -4444512
3.0250225376100e-04;   -4444510
3.0252222717700e-04;   -4444510
3.0254055521700e-04;   -4444506
3.0256052454000e-04;   -4444506
3.0258052188200e-04;   -4444502
3.0259883008000e-04;   -4444502
3.0261882360900e-04;   -4444496
3.0263712767200e-04;   -4444496
3.0265712492900e-04;   -4444492
3.0267542909400e-04;   -4444492
3.0269542634500e-04;   -4444489
3.0271373442900e-04;   -4444489
3.0273372774500e-04;   -4444487
3.0275369718300e-04;   -4444487
3.0277202935400e-04;   -4444487
3.0279200263700e-04;   -4444487
3.0281033081000e-04;   -4444488
3.0283030414800e-04;   -4444488
3.0284863227700e-04;   -4444489
3.0286860165400e-04;   -4444489
3.0288693359700e-04;   -4444490
3.0290690695900e-04;   -4444490
3.0292523506100e-04;   -4444491
3.0294520443400e-04;   -4444491
3.0296520169100e-04;   -4444491
3.0298350574200e-04;   -4444491
3.0300350297900e-04;   -4444490
3.0302181103100e-04;   -4444490
3.0304180436300e-04;   -4444488
3.0306010837600e-04;   -4444488
3.0308010568300e-04;   -4444484
3.0309841382400e-04;   -4444484
3.0311840733600e-04;   -4444481
3.0313837656600e-04;   -4444481
3.0315670871800e-04;   -4444478
3.0317667807000e-04;   -4444478
3.0319500998300e-04;   -4444476
3.0321498333600e-04;   -4444476
3.0323331140700e-04;   -4444476
3.0325328071000e-04;   -4444476
3.0327161262900e-04;   -4444477
3.0329158605000e-04;   -4444477
3.0330991408900e-04;   -4444480
3.0332988745800e-04;   -4444480
3.0334821540400e-04;   -4444482
3.0336818488200e-04;   -4444482
3.0338818229800e-04;   -4444484
3.0340649037000e-04;   -4444484
3.0342648383800e-04;   -4444486
3.0344478772000e-04;   -4444486
3.0346478492600e-04;   -4444486
3.0348308916200e-04;   -4444486
3.0350308633700e-04;   -4444486
3.0352139438500e-04;   -4444486
3.0354138755100e-04;   -4444485
3.0356135693200e-04;   -4444485
3.0357968911100e-04;   -4444482
3.0359966229700e-04;   -4444482
3.0361799046900e-04;   -4444479
3.0363795993900e-04;   -4444479
3.0365629187200e-04;   -4444476
3.0367626126700e-04;   -4444476
3.0369459343600e-04;   -4444475
3.0371456684700e-04;   -4444475
3.0373289482500e-04;   -4444475
3.0375286403000e-04;   -4444475
3.0377286148800e-04;   -4444477
3.0379116955200e-04;   -4444477
3.0381116299400e-04;   -4444479
3.0382947095800e-04;   -4444479
3.0384946435000e-04;   -4444481
3.0386776835000e-04;   -4444481
3.0388776568600e-04;   -4444484
3.0390607391400e-04;   -4444484
3.0392606719500e-04;   -4444485
3.0394603649500e-04;   -4444485
3.0396436878000e-04;   -4444486
3.0398433812400e-04;   -4444486
3.0400267026100e-04;   -4444487
3.0402264376100e-04;   -4444487
3.0404097174100e-04;   -4444489
3.0406094084200e-04;   -4444489
3.0407927284200e-04;   -4444490
3.0409924619700e-04;   -4444490
3.0411757441200e-04;   -4444492
3.0413754382100e-04;   -4444492
3.0415754115800e-04;   -4444494
3.0417584516300e-04;   -4444494
3.0419584243600e-04;   -4444498
3.0421415023300e-04;   -4444498
3.0423414354700e-04;   -4444501
3.0425244771700e-04;   -4444501
3.0427244516100e-04;   -4444505
3.0429075323800e-04;   -4444505
3.0431074662700e-04;   -4444509
3.0432905473900e-04;   -4444509
3.0434904816400e-04;   -4444512
3.0436901753900e-04;   -4444512
3.0438734966200e-04;   -4444514
3.0440732281600e-04;   -4444514
3.0442565090300e-04;   -4444515
3.0444562031900e-04;   -4444515
3.0446395236900e-04;   -4444514
3.0448392158900e-04;   -4444514
3.0450225354500e-04;   -4444512
3.0452222684200e-04;   -4444512
3.0454055498100e-04;   -4444509
3.0456052440800e-04;   -4444509
3.0458052186600e-04;   -4444504
3.0459882995300e-04;   -4444504
3.0461882331600e-04;   -4444498
3.0463712740200e-04;   -4444498
3.0465712476900e-04;   -4444493
3.0467542867400e-04;   -4444493
3.0469542598500e-04;   -4444490
3.0471373395400e-04;   -4444490
3.0473372735600e-04;   -4444488
3.0475369667900e-04;   -4444488
3.0477202890900e-04;   -4444488
3.0479200202800e-04;   -4444488
3.0481033028100e-04;   -4444489
3.0483030343500e-04;   -4444489
3.0484863155700e-04;   -4444490
3.0486860089600e-04;   -4444490
3.0488693303300e-04;   -4444491
3.0490690641700e-04;   -4444491
3.0492523454800e-04;   -4444492
3.0494520393600e-04;   -4444492
3.0496520124500e-04;   -4444492
3.0498350526800e-04;   -4444492
3.0500350270400e-04;   -4444491
3.0502181059500e-04;   -4444491
3.0504180405700e-04;   -4444490
3.0506010818400e-04;   -4444490
3.0508010550300e-04;   -4444488
3.0509841354400e-04;   -4444488
3.0511840697400e-04;   -4444487
3.0513837629800e-04;   -4444487
3.0515670835600e-04;   -4444487
3.0517667765600e-04;   -4444487
3.0519500966400e-04;   -4444487
3.0521498301500e-04;   -4444487
3.0523331118300e-04;   -4444489
3.0525328046100e-04;   -4444489
3.0527161259500e-04;   -4444492
3.0529158584300e-04;   -4444492
3.0530991376000e-04;   -4444495
3.0532988707000e-04;   -4444495
3.0534821520400e-04;   -4444498
3.0536818457500e-04;   -4444498
3.0538818172100e-04;   -4444500
3.0540648985500e-04;   -4444500
3.0542648313000e-04;   -4444502
3.0544478715000e-04;   -4444502
3.0546478436300e-04;   -4444504
3.0548308844300e-04;   -4444504
3.0550308583800e-04;   -4444506
3.0552139388600e-04;   -4444506
3.0554138720200e-04;   -4444506
3.0556135653800e-04;   -4444506
3.0557968864100e-04;   -4444504
3.0559966187700e-04;   -4444504
3.0561799005100e-04;   -4444502
3.0563795935000e-04;   -4444502
3.0565629134000e-04;   -4444500
3.0567626064800e-04;   -4444500
3.0569459281900e-04;   -4444499
3.0571456627500e-04;   -4444499
3.0573289426100e-04;   -4444498
3.0575286359500e-04;   -4444498
3.0577286076800e-04;   -4444499
3.0579116883200e-04;   -4444499
3.0581116229000e-04;   -4444500
3.0582947039800e-04;   -4444500
3.0584946361200e-04;   -4444501
3.0586776768800e-04;   -4444501
3.0588776496500e-04;   -4444502
3.0590607322200e-04;   -4444502
3.0592606668200e-04;   -4444503
3.0594603610100e-04;   -4444503
3.0596436825400e-04;   -4444504
3.0598433754100e-04;   -4444504
3.0600266979200e-04;   -4444505
3.0602264314400e-04;   -4444505
3.0604097122400e-04;   -4444505
3.0606094059900e-04;   -4444505
3.0607927259300e-04;   -4444503
3.0609924597500e-04;   -4444503
3.0611757385600e-04;   -4444500
3.0613754334000e-04;   -4444500
3.0615754069000e-04;   -4444498
3.0617584492900e-04;   -4444498
3.0619584208600e-04;   -4444497
3.0621415030800e-04;   -4444497
3.0623414360700e-04;   -4444497
3.0625244781400e-04;   -4444497
3.0627244513800e-04;   -4444497
3.0629075324900e-04;   -4444497
3.0631074666500e-04;   -4444499
3.0632905467500e-04;   -4444499
3.0634904800400e-04;   -4444500
3.0636901757300e-04;   -4444500
3.0638734972900e-04;   -4444501
3.0640732308000e-04;   -4444501
3.0642565105800e-04;   -4444502
3.0644562041200e-04;   -4444502
3.0646395245800e-04;   -4444503
3.0648392189400e-04;   -4444503
3.0650225405300e-04;   -4444504
3.0652222725000e-04;   -4444504
3.0654055522400e-04;   -4444505
3.0656052464100e-04;   -4444505
3.0658052204600e-04;   -4444505
3.0659882998800e-04;   -4444505
3.0661882331600e-04;   -4444505
3.0663712749600e-04;   -4444505
3.0665712487400e-04;   -4444506
3.0667542878100e-04;   -4444506
3.0669542608600e-04;   -4444507
3.0671373429000e-04;   -4444507
3.0673372751400e-04;   -4444509
3.0675369684800e-04;   -4444509
3.0677202895500e-04;   -4444511
3.0679200228500e-04;   -4444511
3.0681033029200e-04;   -4444513
3.0683030360800e-04;   -4444513
3.0684863191500e-04;   -4444515
3.0686860123600e-04;   -4444515
3.0688693324900e-04;   -4444516
3.0690690673100e-04;   -4444516
3.0692523493200e-04;   -4444516
3.0694520433300e-04;   -4444516
3.0696520152300e-04;   -4444515
3.0698350554400e-04;   -4444515
3.0700350295400e-04;   -4444513
3.0702181109300e-04;   -4444513
3.0704180439400e-04;   -4444509
3.0706010845900e-04;   -4444509
3.0708010572200e-04;   -4444504
3.0709841401300e-04;   -4444504
3.0711840722900e-04;   -4444498
3.0713837651500e-04;   -4444498
3.0715670851400e-04;   -4444493
3.0717667771900e-04;   -4444493
3.0719500988100e-04;   -4444490
3.0721498333800e-04;   -4444490
3.0723331143500e-04;   -4444489
3.0725328074500e-04;   -4444489
3.0727161287500e-04;   -4444488
3.0729158628600e-04;   -4444488
3.0730991441100e-04;   -4444489
3.0732988777100e-04;   -4444489
3.0734821591400e-04;   -4444491
3.0736818519700e-04;   -4444491
3.0738818257300e-04;   -4444492
3.0740649071900e-04;   -4444492
3.0742648396700e-04;   -4444492
3.0744478812800e-04;   -4444492
3.0746478551700e-04;   -4444492
3.0748308971000e-04;   -4444492
3.0750308696800e-04;   -4444492
3.0752139504400e-04;   -4444492
3.0754138840400e-04;   -4444490
3.0756135771800e-04;   -4444490
3.0757968978800e-04;   -4444486
3.0759966303000e-04;   -4444486
3.0761799104900e-04;   -4444483
3.0763796035100e-04;   -4444483
3.0765629228400e-04;   -4444480
3.0767626161000e-04;   -4444480
3.0769459354900e-04;   -4444478
3.0771456674800e-04;   -4444478
3.0773289479800e-04;   -4444478
3.0775286424100e-04;   -4444478
3.0777286148100e-04;   -4444479
3.0779116967800e-04;   -4444479
3.0781116309900e-04;   -4444482
3.0782947113400e-04;   -4444482
3.0784946446600e-04;   -4444484
3.0786776869200e-04;   -4444484
3.0788776600300e-04;   -4444486
3.0790607417000e-04;   -4444486
3.0792606756100e-04;   -4444488
3.0794603698400e-04;   -4444488
3.0796436902000e-04;   -4444489
3.0798433833300e-04;   -4444489
3.0800267029200e-04;   -4444489
3.0802264372100e-04;   -4444489
3.0804097159600e-04;   -4444487
3.0806094078300e-04;   -4444487
3.0807927287100e-04;   -4444484
3.0809924624200e-04;   -4444484
3.0811757423800e-04;   -4444481
3.0813754376600e-04;   -4444481
3.0815754112300e-04;   -4444478
3.0817584533000e-04;   -4444478
3.0819584271900e-04;   -4444477
3.0821415078100e-04;   -4444477
3.0823414402800e-04;   -4444477
3.0825244821300e-04;   -4444477
3.0827244563000e-04;   -4444479
3.0829075364200e-04;   -4444479
3.0831074708400e-04;   -4444481
3.0832905514600e-04;   -4444481
3.0834904854700e-04;   -4444484
3.0836901796300e-04;   -4444484
3.0838735004600e-04;   -4444486
3.0840732332800e-04;   -4444486
3.0842565121900e-04;   -4444488
3.0844562054600e-04;   -4444488
3.0846395243800e-04;   -4444489
3.0848392185800e-04;   -4444489
3.0850225404400e-04;   -4444488
3.0852222730400e-04;   -4444488
3.0854055514400e-04;   -4444487
3.0856052452900e-04;   -4444487
3.0858052182100e-04;   -4444484
3.0859882998600e-04;   -4444484
3.0861882336600e-04;   -4444481
3.0863712724900e-04;   -4444481
3.0865712474400e-04;   -4444479
3.0867542873900e-04;   -4444479
3.0869542608200e-04;   -4444477
3.0871373407100e-04;   -4444477
3.0873372731700e-04;   -4444477
3.0875369659400e-04;   -4444477
3.0877202857000e-04;   -4444479
3.0879200199700e-04;   -4444479
3.0881032998700e-04;   -4444481
3.0883030332000e-04;   -4444481
3.0884863147400e-04;   -4444484
3.0886860083600e-04;   -4444484
3.0888693297500e-04;   -4444486
3.0890690634100e-04;   -4444486
3.0892523432100e-04;   -4444489
3.0894520358600e-04;   -4444489
3.0896520062800e-04;   -4444492
3.0898350476700e-04;   -4444492
3.0900350211200e-04;   -4444494
3.0902181028500e-04;   -4444494
3.0904180350200e-04;   -4444495
3.0906010782200e-04;   -4444495
3.0908010497900e-04;   -4444495
3.0909841319000e-04;   -4444495
3.0911840641300e-04;   -4444494
3.0913837577200e-04;   -4444494
3.0915670762200e-04;   -4444493
3.0917667711000e-04;   -4444493
3.0919500928100e-04;   -4444492
3.0921498245000e-04;   -4444492
3.0923331052100e-04;   -4444493
3.0925327993200e-04;   -4444493
3.0927161191000e-04;   -4444494
3.0929158531300e-04;   -4444494
3.0930991325500e-04;   -4444496
3.0932988638000e-04;   -4444496
3.0934821454400e-04;   -4444498
3.0936818380400e-04;   -4444498
3.0938818114700e-04;   -4444500
3.0940648928200e-04;   -4444500
3.0942648267700e-04;   -4444500
3.0944478663700e-04;   -4444500
3.0946478406100e-04;   -4444500
3.0948308821200e-04;   -4444500
3.0950308548300e-04;   -4444499
3.0952139353100e-04;   -4444499
3.0954138689300e-04;   -4444498
3.0956135611800e-04;   -4444498
3.0957968822400e-04;   -4444496
3.0959966151100e-04;   -4444496
3.0961798945000e-04;   -4444494
3.0963795893700e-04;   -4444494
3.0965629096900e-04;   -4444493
3.0967626025100e-04;   -4444493
3.0969459240800e-04;   -4444493
3.0971456573600e-04;   -4444493
3.0973289362800e-04;   -4444495
3.0975286304700e-04;   -4444495
3.0977286037100e-04;   -4444497
3.0979116835000e-04;   -4444497
3.0981116166000e-04;   -4444500
3.0982946976500e-04;   -4444500
3.0984946301800e-04;   -4444502
3.0986776722300e-04;   -4444502
3.0988776443200e-04;   -4444504
3.0990607254800e-04;   -4444504
3.0992606606100e-04;   -4444506
3.0994603530100e-04;   -4444506
3.0996436747700e-04;   -4444508
3.0998434070200e-04;   -4444508
3.1000266878000e-04;   -4444509
3.1002264213300e-04;   -4444509
3.1004097013500e-04;   -4444510
3.1006093947400e-04;   -4444510
3.1007927157200e-04;   -4444511
3.1009924492500e-04;   -4444511
3.1011757294000e-04;   -4444513
3.1013754231600e-04;   -4444513
3.1015753964900e-04;   -4444516
3.1017584370700e-04;   -4444516
3.1019584105500e-04;   -4444519
3.1021414918400e-04;   -4444519
3.1023414252200e-04;   -4444523
3.1025244651100e-04;   -4444523
3.1027244391000e-04;   -4444527
3.1029075180100e-04;   -4444527
3.1031074531300e-04;   -4444531
3.1032905331500e-04;   -4444531
3.1034904659900e-04;   -4444534
3.1036901588200e-04;   -4444534
3.1038734803900e-04;   -4444535
3.1040732146400e-04;   -4444535
3.1042564954100e-04;   -4444535
3.1044561896900e-04;   -4444535
3.1046395112100e-04;   -4444535
3.1048392043800e-04;   -4444535
3.1050225250900e-04;   -4444535
3.1052222585000e-04;   -4444535
3.1054055398000e-04;   -4444533
3.1056052322100e-04;   -4444533
3.1058052062100e-04;   -4444531
3.1059882858400e-04;   -4444531
3.1061882196700e-04;   -4444529
3.1063712617900e-04;   -4444529
3.1065712354600e-04;   -4444527
3.1067542775900e-04;   -4444527
3.1069542508400e-04;   -4444526
3.1071373310200e-04;   -4444526
3.1073372662600e-04;   -4444526
3.1075369598500e-04;   -4444526
3.1077202806600e-04;   -4444526
3.1079200126200e-04;   -4444526
3.1081032942400e-04;   -4444527
3.1083030271500e-04;   -4444527
3.1084863083000e-04;   -4444527
3.1086860023800e-04;   -4444527
3.1088693236000e-04;   -4444527
3.1090690569900e-04;   -4444527
3.1092523370400e-04;   -4444526
3.1094520281900e-04;   -4444526
3.1096520017700e-04;   -4444526
3.1098350422200e-04;   -4444526
3.1100350164600e-04;   -4444525
3.1102180958500e-04;   -4444525
3.1104180297900e-04;   -4444523
3.1106010701500e-04;   -4444523
3.1108010444600e-04;   -4444519
3.1109841246100e-04;   -4444519
3.1111840571500e-04;   -4444515
3.1113837523100e-04;   -4444515
3.1115670719800e-04;   -4444512
3.1117667665700e-04;   -4444512
3.1119500871800e-04;   -4444509
3.1121498209800e-04;   -4444509
3.1123331007900e-04;   -4444507
3.1125327943300e-04;   -4444507
3.1127161146200e-04;   -4444507
3.1129158477400e-04;   -4444507
3.1130991272100e-04;   -4444507
3.1132988599700e-04;   -4444507
3.1134821416300e-04;   -4444508
3.1136818358100e-04;   -4444508
3.1138818096200e-04;   -4444509
3.1140648914300e-04;   -4444509
3.1142648256800e-04;   -4444511
3.1144478650600e-04;   -4444511
3.1146478390100e-04;   -4444514
3.1148308792400e-04;   -4444514
3.1150308515800e-04;   -4444517
3.1152139335300e-04;   -4444517
3.1154138676100e-04;   -4444519
3.1156135632800e-04;   -4444519
3.1157968831100e-04;   -4444519
3.1159966170200e-04;   -4444519
3.1161798967700e-04;   -4444518
3.1163795912200e-04;   -4444518
3.1165629109000e-04;   -4444517
3.1167626053700e-04;   -4444517
3.1169459241000e-04;   -4444516
3.1171456571900e-04;   -4444516
3.1173289390300e-04;   -4444515
3.1175286297000e-04;   -4444515
3.1177286031000e-04;   -4444515
3.1179116826900e-04;   -4444515
3.1181116174300e-04;   -4444516
3.1182946975000e-04;   -4444516
3.1184946314500e-04;   -4444516
3.1186776714400e-04;   -4444516
3.1188776456900e-04;   -4444516
3.1190607251700e-04;   -4444516
3.1192606596800e-04;   -4444516
3.1194603523200e-04;   -4444516
3.1196436732000e-04;   -4444516
3.1198433661000e-04;   -4444516
3.1200266865600e-04;   -4444516
3.1202264203000e-04;   -4444516
3.1204097009700e-04;   -4444516
3.1206093948500e-04;   -4444516
3.1207927171600e-04;   -4444515
3.1209924514700e-04;   -4444515
3.1211757329300e-04;   -4444514
3.1213754262900e-04;   -4444514
3.1215754006600e-04;   -4444514
3.1217584417800e-04;   -4444514
3.1219584162800e-04;   -4444514
3.1221414960200e-04;   -4444514
3.1223414308000e-04;   -4444515
3.1225244704400e-04;   -4444515
3.1227244444700e-04;   -4444517
3.1229075264400e-04;   -4444517
3.1231074611000e-04;   -4444519
3.1232905427500e-04;   -4444519
3.1234904754500e-04;   -4444520
3.1236901677500e-04;   -4444520
3.1238734898300e-04;   -4444521
3.1240732224400e-04;   -4444521
3.1242565042800e-04;   -4444521
3.1244561972300e-04;   -4444521
3.1246395171600e-04;   -4444522
3.1248392104000e-04;   -4444522
3.1250225302000e-04;   -4444522
3.1252222626300e-04;   -4444522
3.1254055451000e-04;   -4444520
3.1256052386200e-04;   -4444520
3.1258052121200e-04;   -4444517
3.1259882924800e-04;   -4444517
3.1261882263600e-04;   -4444514
3.1263712660200e-04;   -4444514
3.1265712417100e-04;   -4444510
3.1267542820800e-04;   -4444510
3.1269542540600e-04;   -4444508
3.1271373358100e-04;   -4444508
3.1273372690700e-04;   -4444507
3.1275369637800e-04;   -4444507
3.1277202838200e-04;   -4444507
3.1279200162200e-04;   -4444507
3.1281032977600e-04;   -4444507
3.1283030316400e-04;   -4444507
3.1284863120200e-04;   -4444508
3.1286860036900e-04;   -4444508
3.1288693253300e-04;   -4444508
3.1290690597400e-04;   -4444508
3.1292523412200e-04;   -4444507
3.1294520348000e-04;   -4444507
3.1296520083200e-04;   -4444506
3.1298350493200e-04;   -4444506
3.1300350232200e-04;   -4444505
3.1302181046400e-04;   -4444505
3.1304180367200e-04;   -4444501
3.1306010782100e-04;   -4444501
3.1308010536700e-04;   -4444497
3.1309841326500e-04;   -4444497
3.1311840662100e-04;   -4444492
3.1313837595300e-04;   -4444492
3.1315670792400e-04;   -4444489
3.1317667725200e-04;   -4444489
3.1319500939400e-04;   -4444486
3.1321498284900e-04;   -4444486
3.1323331084300e-04;   -4444485
3.1325328029600e-04;   -4444485
3.1327161238600e-04;   -4444486
3.1329158569400e-04;   -4444486
3.1330991357000e-04;   -4444488
3.1332988695600e-04;   -4444488
3.1334821503200e-04;   -4444490
3.1336818443300e-04;   -4444490
3.1338818176000e-04;   -4444491
3.1340648986600e-04;   -4444491
3.1342648320600e-04;   -4444492
3.1344478731000e-04;   -4444492
3.1346478454300e-04;   -4444493
3.1348308859500e-04;   -4444493
3.1350308583900e-04;   -4444493
3.1352139401200e-04;   -4444493
3.1354138722200e-04;   -4444491
3.1356135671500e-04;   -4444491
3.1357968883700e-04;   -4444488
3.1359966209500e-04;   -4444488
3.1361799006000e-04;   -4444485
3.1363795937500e-04;   -4444485
3.1365629134800e-04;   -4444482
3.1367626067000e-04;   -4444482
3.1369459270800e-04;   -4444480
3.1371456617900e-04;   -4444480
3.1373289413500e-04;   -4444480
3.1375286355000e-04;   -4444480
3.1377286082600e-04;   -4444482
3.1379116889800e-04;   -4444482
3.1381116228800e-04;   -4444484
3.1382947044200e-04;   -4444484
3.1384946373200e-04;   -4444487
3.1386776777600e-04;   -4444487
3.1388776507400e-04;   -4444489
3.1390607304300e-04;   -4444489
3.1392606650700e-04;   -4444491
3.1394603575100e-04;   -4444491
3.1396436788500e-04;   -4444491
3.1398433732200e-04;   -4444491
3.1400266936800e-04;   -4444491
3.1402264272800e-04;   -4444491
3.1404097062800e-04;   -4444490
3.1406094010300e-04;   -4444490
3.1407927223900e-04;   -4444487
3.1409924536100e-04;   -4444487
3.1411757347200e-04;   -4444484
3.1413754266400e-04;   -4444484
3.1415753998200e-04;   -4444481
3.1417584417800e-04;   -4444481
3.1419584153900e-04;   -4444480
3.1421414964500e-04;   -4444480
3.1423414285100e-04;   -4444480
3.1425244689600e-04;   -4444480
3.1427244408200e-04;   -4444482
3.1429075216900e-04;   -4444482
3.1431074541600e-04;   -4444484
3.1432905344200e-04;   -4444484
3.1434904672300e-04;   -4444487
3.1436901609200e-04;   -4444487
3.1438734817500e-04;   -4444489
3.1440732169200e-04;   -4444489
3.1442564976600e-04;   -4444492
3.1444561908600e-04;   -4444492
3.1446395115500e-04;   -4444494
3.1448392436900e-04;   -4444494
3.1450225235000e-04;   -4444497
3.1452222578800e-04;   -4444497
3.1454055390200e-04;   -4444499
3.1456052308800e-04;   -4444499
3.1458052028100e-04;   -4444501
3.1459882834900e-04;   -4444501
3.1461882184100e-04;   -4444504
3.1463712574300e-04;   -4444504
3.1465712330300e-04;   -4444508
3.1467542728500e-04;   -4444508
3.1469542483500e-04;   -4444513
3.1471373270400e-04;   -4444513
3.1473372617800e-04;   -4444518
3.1475369543800e-04;   -4444518
3.1477202756000e-04;   -4444523
3.1479200077400e-04;   -4444523
3.1481032896200e-04;   -4444528
3.1483030210800e-04;   -4444528
3.1484863015200e-04;   -4444531
3.1486859926700e-04;   -4444531
3.1488693147600e-04;   -4444533
3.1490690475300e-04;   -4444533
3.1492523279800e-04;   -4444533
3.1494520225500e-04;   -4444533
3.1496519933100e-04;   -4444532
3.1498350346500e-04;   -4444532
3.1500350081000e-04;   -4444529
3.1502180903600e-04;   -4444529
3.1504180242900e-04;   -4444526
3.1506010656800e-04;   -4444526
3.1508010397000e-04;   -4444522
3.1509841194200e-04;   -4444522
3.1511840529000e-04;   -4444518
3.1513837457900e-04;   -4444518
3.1515670661100e-04;   -4444515
3.1517667598500e-04;   -4444515
3.1519500806200e-04;   -4444513
3.1521498139200e-04;   -4444513
3.1523330944700e-04;   -4444512
3.1525327884200e-04;   -4444512
3.1527161070500e-04;   -4444513
3.1529158407700e-04;   -4444513
3.1530991212700e-04;   -4444514
3.1532988553400e-04;   -4444514
3.1534821353000e-04;   -4444515
3.1536818291900e-04;   -4444515
3.1538818009100e-04;   -4444515
3.1540648818100e-04;   -4444515
3.1542648143400e-04;   -4444516
3.1544478553300e-04;   -4444516
3.1546478294800e-04;   -4444516
3.1548308703400e-04;   -4444516
3.1550308434600e-04;   -4444517
3.1552139234600e-04;   -4444517
3.1554138584700e-04;   -4444516
3.1556135511300e-04;   -4444516
3.1557968727000e-04;   -4444514
3.1559966064000e-04;   -4444514
3.1561798868100e-04;   -4444511
3.1563795803400e-04;   -4444511
3.1565629015900e-04;   -4444508
3.1567625959000e-04;   -4444508
3.1569459152100e-04;   -4444506
3.1571456504700e-04;   -4444506
3.1573289301500e-04;   -4444505
3.1575286244600e-04;   -4444505
3.1577285977000e-04;   -4444505
3.1579116773300e-04;   -4444505
3.1581116122900e-04;   -4444506
3.1582946924400e-04;   -4444506
3.1584946252200e-04;   -4444507
3.1586776662500e-04;   -4444507
3.1588776395000e-04;   -4444508
3.1590607214800e-04;   -4444508
3.1592606548700e-04;   -4444509
3.1594603474000e-04;   -4444509
3.1596436678400e-04;   -4444510
3.1598434006600e-04;   -4444510
3.1600266814700e-04;   -4444510
3.1602264149600e-04;   -4444510
3.1604096961300e-04;   -4444511
3.1606093895800e-04;   -4444511
3.1607927091100e-04;   -4444512
3.1609924424700e-04;   -4444512
3.1611757235000e-04;   -4444514
3.1613754152900e-04;   -4444514
3.1615753906000e-04;   -4444516
3.1617584315100e-04;   -4444516
3.1619584064300e-04;   -4444520
3.1621414868800e-04;   -4444520
3.1623414195100e-04;   -4444524
3.1625244608000e-04;   -4444524
3.1627244334800e-04;   -4444528
3.1629075130300e-04;   -4444528
3.1631074460400e-04;   -4444532
3.1632905261100e-04;   -4444532
3.1634904596600e-04;   -4444535
3.1636901537500e-04;   -4444535
3.1638734735500e-04;   -4444536
3.1640732072400e-04;   -4444536
3.1642564895500e-04;   -4444537
3.1644561823300e-04;   -4444537
3.1646395032000e-04;   -4444537
3.1648391977000e-04;   -4444537
3.1650225172300e-04;   -4444538
3.1652222511600e-04;   -4444538
3.1654055318600e-04;   -4444538
3.1656052265800e-04;   -4444538
3.1658051977600e-04;   -4444539
3.1659882761800e-04;   -4444539
3.1661882101300e-04;   -4444539
3.1663712499600e-04;   -4444539
3.1665712234200e-04;   -4444540
3.1667542654900e-04;   -4444540
3.1669542382700e-04;   -4444541
3.1671373201400e-04;   -4444541
3.1673372535600e-04;   -4444542
3.1675369461800e-04;   -4444542
3.1677202678300e-04;   -4444544
3.1679199993300e-04;   -4444544
3.1681032795100e-04;   -4444545
3.1683030119100e-04;   -4444545
3.1684862924000e-04;   -4444545
3.1686859885000e-04;   -4444545
3.1688693083200e-04;   -4444544
3.1690690419300e-04;   -4444544
3.1692523225200e-04;   -4444543
3.1694520150100e-04;   -4444543
3.1696519896700e-04;   -4444542
3.1698350705400e-04;   -4444542
3.1700350031300e-04;   -4444540
3.1702180822000e-04;   -4444540
3.1704180177000e-04;   -4444538
3.1706010564200e-04;   -4444538
3.1708010294700e-04;   -4444536
3.1709841090100e-04;   -4444536
3.1711840419700e-04;   -4444535
3.1713837353600e-04;   -4444535
3.1715670561400e-04;   -4444535
3.1717667490800e-04;   -4444535
3.1719500702300e-04;   -4444537
3.1721498019900e-04;   -4444537
3.1723330840400e-04;   -4444539
3.1725327758900e-04;   -4444539
3.1727160976500e-04;   -4444541
3.1729158331800e-04;   -4444541
3.1730991135200e-04;   -4444543
3.1732988459300e-04;   -4444543
3.1734821279800e-04;   -4444544
3.1736818202700e-04;   -4444544
3.1738817926900e-04;   -4444544
3.1740648741800e-04;   -4444544
3.1742648063500e-04;   -4444544
3.1744478475600e-04;   -4444544
3.1746478219400e-04;   -4444543
3.1748309021300e-04;   -4444543
3.1750308343900e-04;   -4444542
3.1752139143700e-04;   -4444542
3.1754138462500e-04;   -4444540
3.1756135406700e-04;   -4444540
3.1757968601900e-04;   -4444538
3.1759965943700e-04;   -4444538
3.1761798739600e-04;   -4444537
3.1763795676100e-04;   -4444537
3.1765628880900e-04;   -4444538
3.1767625817000e-04;   -4444538
3.1769459034000e-04;   -4444539
3.1771456367500e-04;   -4444539
3.1773289181000e-04;   -4444541
3.1775286109200e-04;   -4444541
3.1777285841600e-04;   -4444543
3.1779116653800e-04;   -4444543
3.1781115991500e-04;   -4444545
3.1782946793300e-04;   -4444545
3.1784946145600e-04;   -4444546
3.1786776574300e-04;   -4444546
3.1788776309800e-04;   -4444546
3.1790607133700e-04;   -4444546
3.1792606476800e-04;   -4444545
3.1794603425400e-04;   -4444545
3.1796436645700e-04;   -4444544
3.1798433574300e-04;   -4444544
3.1800266794500e-04;   -4444544
3.1802264128600e-04;   -4444544
3.1804096926200e-04;   -4444544
3.1806093866600e-04;   -4444544
3.1807927065300e-04;   -4444543
3.1809924411100e-04;   -4444543
3.1811757218800e-04;   -4444543
3.1813754169200e-04;   -4444543
3.1815753916900e-04;   -4444543
3.1817584318200e-04;   -4444543
3.1819584062000e-04;   -4444544
3.1821414884900e-04;   -4444544
3.1823414223800e-04;   -4444545
3.1825244646600e-04;   -4444545
3.1827244373900e-04;   -4444546
3.1829075173600e-04;   -4444546
3.1831074518800e-04;   -4444547
3.1832905315800e-04;   -4444547
3.1834904644500e-04;   -4444547
3.1836901589900e-04;   -4444547
3.1838734795700e-04;   -4444546
3.1840732142100e-04;   -4444546
3.1842564936900e-04;   -4444545
3.1844561866100e-04;   -4444545
3.1846395067000e-04;   -4444543
3.1848392006500e-04;   -4444543
3.1850225215600e-04;   -4444541
3.1852222563700e-04;   -4444541
3.1854055350500e-04;   -4444538
3.1856052285000e-04;   -4444538
3.1858052020400e-04;   -4444533
3.1859882817700e-04;   -4444533
3.1861882173000e-04;   -4444528
3.1863712565400e-04;   -4444528
3.1865712319500e-04;   -4444523
3.1867542729400e-04;   -4444523
3.1869542458100e-04;   -4444520
3.1871373267300e-04;   -4444520
3.1873372604000e-04;   -4444517
3.1875369550600e-04;   -4444517
3.1877202777000e-04;   -4444516
3.1879200107100e-04;   -4444516
3.1881032908600e-04;   -4444516
3.1883030252200e-04;   -4444516
3.1884863053800e-04;   -4444515
3.1886860000400e-04;   -4444515
3.1888693205000e-04;   -4444515
3.1890690531600e-04;   -4444515
3.1892523342800e-04;   -4444515
3.1894520276800e-04;   -4444515
3.1896520022000e-04;   -4444515
3.1898350441700e-04;   -4444515
3.1900350159800e-04;   -4444515
3.1902180970200e-04;   -4444515
3.1904180304900e-04;   -4444514
3.1906010715300e-04;   -4444514
3.1908010443100e-04;   -4444512
3.1909841253200e-04;   -4444512
3.1911840592300e-04;   -4444509
3.1913837535000e-04;   -4444509
3.1915670736400e-04;   -4444506
3.1917667674000e-04;   -4444506
3.1919500856900e-04;   -4444505
3.1921498194200e-04;   -4444505
3.1923331005700e-04;   -4444504
3.1925327952400e-04;   -4444504
3.1927161154200e-04;   -4444505
3.1929158505500e-04;   -4444505
3.1930991312100e-04;   -4444506
3.1932988651600e-04;   -4444506
3.1934821460400e-04;   -4444507
3.1936818397300e-04;   -4444507
3.1938818114100e-04;   -4444508
3.1940648918500e-04;   -4444508
3.1942648262800e-04;   -4444508
3.1944478675400e-04;   -4444508
3.1946478408300e-04;   -4444507
3.1948308821900e-04;   -4444507
3.1950308562700e-04;   -4444506
3.1952139367200e-04;   -4444506
3.1954138693000e-04;   -4444503
3.1956135624000e-04;   -4444503
3.1957968822900e-04;   -4444499
3.1959966168100e-04;   -4444499
3.1961798966100e-04;   -4444495
3.1963795904100e-04;   -4444495
3.1965629103800e-04;   -4444491
3.1967626034300e-04;   -4444491
3.1969459235800e-04;   -4444489
3.1971456576700e-04;   -4444489
3.1973289380900e-04;   -4444488
3.1975286332400e-04;   -4444488
3.1977286061000e-04;   -4444489
3.1979116864500e-04;   -4444489
3.1981116183300e-04;   -4444490
3.1982946993500e-04;   -4444490
3.1984946337700e-04;   -4444492
3.1986776747300e-04;   -4444492
3.1988776486500e-04;   -4444494
3.1990607302100e-04;   -4444494
3.1992606632800e-04;   -4444495
3.1994603564500e-04;   -4444495
3.1996436770700e-04;   -4444496
3.1998433706100e-04;   -4444496
3.2000266909800e-04;   -4444496
3.2002264239100e-04;   -4444496
3.2004097063500e-04;   -4444494
3.2006093971100e-04;   -4444494
3.2007927193800e-04;   -4444491
3.2009924519600e-04;   -4444491
3.2011757334800e-04;   -4444488
3.2013754269600e-04;   -4444488
3.2015754013600e-04;   -4444485
3.2017584418600e-04;   -4444485
3.2019584160500e-04;   -4444484
3.2021414965500e-04;   -4444484
3.2023414306100e-04;   -4444484
3.2025244731200e-04;   -4444484
3.2027244479100e-04;   -4444485
3.2029075298900e-04;   -4444485
3.2031074624600e-04;   -4444487
3.2032905438700e-04;   -4444487
3.2034904769500e-04;   -4444490
3.2036901716000e-04;   -4444490
3.2038734912900e-04;   -4444492
3.2040732237000e-04;   -4444492
3.2042565050600e-04;   -4444495
3.2044561992700e-04;   -4444495
3.2046395199700e-04;   -4444497
3.2048392113300e-04;   -4444497
3.2050225319200e-04;   -4444500
3.2052222655300e-04;   -4444500
3.2054055447300e-04;   -4444502
3.2056052384400e-04;   -4444502
3.2058052135700e-04;   -4444503
3.2059882934900e-04;   -4444503
3.2061882282500e-04;   -4444505
3.2063712693200e-04;   -4444505
3.2065712412000e-04;   -4444506
3.2067542829800e-04;   -4444506
3.2069542558000e-04;   -4444508
3.2071373376700e-04;   -4444508
3.2073372706100e-04;   -4444511
3.2075369639400e-04;   -4444511
3.2077202837200e-04;   -4444514
3.2079200172700e-04;   -4444514
3.2081032988500e-04;   -4444517
3.2083030326100e-04;   -4444517
3.2084863137900e-04;   -4444519
3.2086860081200e-04;   -4444519
3.2088693267700e-04;   -4444521
3.2090690611400e-04;   -4444521
3.2092523424600e-04;   -4444521
3.2094520354700e-04;   -4444521
3.2096520095300e-04;   -4444520
3.2098350505800e-04;   -4444520
3.2100350249500e-04;   -4444518
3.2102181054600e-04;   -4444518
3.2104180398100e-04;   -4444516
3.2106010828800e-04;   -4444516
3.2108010572100e-04;   -4444513
3.2109841364500e-04;   -4444513
3.2111840698900e-04;   -4444510
3.2113837638500e-04;   -4444510
3.2115670850900e-04;   -4444508
3.2117667786900e-04;   -4444508
3.2119500984900e-04;   -4444507
3.2121498317100e-04;   -4444507
3.2123331143300e-04;   -4444507
3.2125328064900e-04;   -4444507
3.2127161269100e-04;   -4444509
3.2129158616900e-04;   -4444509
3.2130991436400e-04;   -4444511
3.2132988770800e-04;   -4444511
3.2134821580500e-04;   -4444513
3.2136818529100e-04;   -4444513
3.2138818253800e-04;   -4444514
3.2140649056100e-04;   -4444514
3.2142648397900e-04;   -4444515
3.2144478813300e-04;   -4444515
3.2146478555900e-04;   -4444516
3.2148308954000e-04;   -4444516
3.2150308696800e-04;   -4444517
3.2152139514900e-04;   -4444517
3.2154138840300e-04;   -4444517
3.2156135792100e-04;   -4444517
3.2157968984700e-04;   -4444515
3.2159966325800e-04;   -4444515
3.2161799143100e-04;   -4444512
3.2163796066200e-04;   -4444512
3.2165629271800e-04;   -4444510
3.2167626213100e-04;   -4444510
3.2169459417900e-04;   -4444508
3.2171456757600e-04;   -4444508
3.2173289546900e-04;   -4444507
3.2175286471600e-04;   -4444507
3.2177286228900e-04;   -4444508
3.2179117048800e-04;   -4444508
3.2181116385100e-04;   -4444509
3.2182947190900e-04;   -4444509
3.2184946521200e-04;   -4444510
3.2186776936500e-04;   -4444510
3.2188776659600e-04;   -4444510
3.2190607463800e-04;   -4444510
3.2192606807100e-04;   -4444510
3.2194603750600e-04;   -4444510
3.2196436953000e-04;   -4444509
3.2198433891900e-04;   -4444509
3.2200267083900e-04;   -4444508
3.2202264416900e-04;   -4444508
3.2204097215600e-04;   -4444505
3.2206094155100e-04;   -4444505
3.2207927351700e-04;   -4444501
3.2209924672100e-04;   -4444501
3.2211757494200e-04;   -4444496
3.2213754428000e-04;   -4444496
3.2215754174200e-04;   -4444492
3.2217584567800e-04;   -4444492
3.2219584295700e-04;   -4444490
3.2221415101100e-04;   -4444490
3.2223414436300e-04;   -4444489
3.2225244849600e-04;   -4444489
3.2227244573000e-04;   -4444490
3.2229075386000e-04;   -4444490
3.2231074718900e-04;   -4444492
3.2232905525100e-04;   -4444492
3.2234904872500e-04;   -4444494
3.2236901816000e-04;   -4444494
3.2238735018200e-04;   -4444496
3.2240732362800e-04;   -4444496
3.2242565142100e-04;   -4444498
3.2244562093500e-04;   -4444498
3.2246395309900e-04;   -4444500
3.2248392245000e-04;   -4444500
3.2250225458200e-04;   -4444502
3.2252222780800e-04;   -4444502
3.2254055599200e-04;   -4444503
3.2256052521200e-04;   -4444503
3.2258052262400e-04;   -4444503
3.2259883066900e-04;   -4444503
3.2261882403800e-04;   -4444501
3.2263712799100e-04;   -4444501
3.2265712530600e-04;   -4444500
3.2267542941200e-04;   -4444500
3.2269542665000e-04;   -4444500
3.2271373478500e-04;   -4444500
3.2273372807500e-04;   -4444500
3.2275369742800e-04;   -4444500
3.2277202957900e-04;   -4444502
3.2279200288700e-04;   -4444502
3.2281033090000e-04;   -4444504
3.2283030414400e-04;   -4444504
3.2284863237800e-04;   -4444505
3.2286860160200e-04;   -4444505
3.2288693382600e-04;   -4444507
3.2290690718300e-04;   -4444507
3.2292523533600e-04;   -4444507
3.2294520466300e-04;   -4444507
3.2296520209500e-04;   -4444507
3.2298350605400e-04;   -4444507
3.2300350347100e-04;   -4444506
3.2302181147800e-04;   -4444506
3.2304180491300e-04;   -4444504
3.2306010900300e-04;   -4444504
3.2308010627800e-04;   -4444502
3.2309841434700e-04;   -4444502
3.2311840766700e-04;   -4444501
3.2313837703800e-04;   -4444501
3.2315670909000e-04;   -4444500
3.2317667845500e-04;   -4444500
3.2319501046200e-04;   -4444500
3.2321498365700e-04;   -4444500
3.2323331191900e-04;   -4444501
3.2325328129200e-04;   -4444501
3.2327161342400e-04;   -4444504
3.2329158672700e-04;   -4444504
3.2330991483100e-04;   -4444507
3.2332988821600e-04;   -4444507
3.2334821632500e-04;   -4444509
3.2336818556800e-04;   -4444509
3.2338818283800e-04;   -4444511
3.2340649082900e-04;   -4444511
3.2342648430500e-04;   -4444513
3.2344478831900e-04;   -4444513
3.2346478559800e-04;   -4444515
3.2348308953400e-04;   -4444515
3.2350308702900e-04;   -4444516
3.2352139523100e-04;   -4444516
3.2354138846900e-04;   -4444516
3.2356135785500e-04;   -4444516
3.2357968970700e-04;   -4444514
3.2359966305900e-04;   -4444514
3.2361799119600e-04;   -4444512
3.2363796067100e-04;   -4444512
3.2365629276100e-04;   -4444509
3.2367626227600e-04;   -4444509
3.2369459453200e-04;   -4444508
3.2371456783300e-04;   -4444508
3.2373289600800e-04;   -4444508
3.2375286529900e-04;   -4444508
3.2377286273600e-04;   -4444508
3.2379117071100e-04;   -4444508
3.2381116422600e-04;   -4444509
3.2382947237600e-04;   -4444509
3.2384946578800e-04;   -4444510
3.2386776976100e-04;   -4444510
3.2388776721900e-04;   -4444511
3.2390607520100e-04;   -4444511
3.2392606852600e-04;   -4444511
3.2394603789700e-04;   -4444511
3.2396437006100e-04;   -4444510
3.2398433924600e-04;   -4444510
3.2400267137100e-04;   -4444509
3.2402264473400e-04;   -4444509
3.2404097286300e-04;   -4444506
3.2406094215000e-04;   -4444506
3.2407927434100e-04;   -4444502
3.2409924772200e-04;   -4444502
3.2411757562900e-04;   -4444497
3.2413754500600e-04;   -4444497
3.2415754226400e-04;   -4444493
3.2417584641800e-04;   -4444493
3.2419584360500e-04;   -4444491
3.2421415168700e-04;   -4444491
3.2423414515000e-04;   -4444490
3.2425244918500e-04;   -4444490
3.2427244647700e-04;   -4444491
3.2429075454800e-04;   -4444491
3.2431074782900e-04;   -4444493
3.2432905593900e-04;   -4444493
3.2434904933400e-04;   -4444495
3.2436901846700e-04;   -4444495
3.2438735055800e-04;   -4444497
3.2440732393500e-04;   -4444497
3.2442565191400e-04;   -4444498
3.2444562122700e-04;   -4444498
3.2446395330200e-04;   -4444498
3.2448392274500e-04;   -4444498
3.2450225489900e-04;   -4444498
3.2452222830600e-04;   -4444498
3.2454055635100e-04;   -4444496
3.2456052584000e-04;   -4444496
3.2458052325900e-04;   -4444493
3.2459883119800e-04;   -4444493
3.2461882453800e-04;   -4444490
3.2463712867100e-04;   -4444490
3.2465712600900e-04;   -4444487
3.2467543009200e-04;   -4444487
3.2469542736200e-04;   -4444486
3.2471373534900e-04;   -4444486
3.2473372860400e-04;   -4444486
3.2475369784600e-04;   -4444486
3.2477202997400e-04;   -4444487
3.2479200303400e-04;   -4444487
3.2481033108200e-04;   -4444490
3.2483030437300e-04;   -4444490
3.2484863227700e-04;   -4444492
3.2486860167700e-04;   -4444492
3.2488693382000e-04;   -4444494
3.2490690723000e-04;   -4444494
3.2492523521400e-04;   -4444496
3.2494520459500e-04;   -4444496
3.2496520180100e-04;   -4444497
3.2498350593200e-04;   -4444497
3.2500350318800e-04;   -4444497
3.2502181132900e-04;   -4444497
3.2504180460700e-04;   -4444495
3.2506010862900e-04;   -4444495
3.2508010587900e-04;   -4444493
3.2509841380000e-04;   -4444493
3.2511840737200e-04;   -4444489
3.2513837658000e-04;   -4444489
3.2515670869900e-04;   -4444487
3.2517667795700e-04;   -4444487
3.2519501006700e-04;   -4444486
3.2521498340000e-04;   -4444486
3.2523331157000e-04;   -4444486
3.2525328095900e-04;   -4444486
3.2527161315400e-04;   -4444487
3.2529158640800e-04;   -4444487
3.2530991447600e-04;   -4444490
3.2532988781000e-04;   -4444490
3.2534821591900e-04;   -4444492
3.2536818540700e-04;   -4444492
3.2538818262400e-04;   -4444495
3.2540649062300e-04;   -4444495
3.2542648393400e-04;   -4444496
3.2544478792600e-04;   -4444496
3.2546478519100e-04;   -4444497
3.2548308925700e-04;   -4444497
3.2550308644200e-04;   -4444497
3.2552139443000e-04;   -4444497
3.2554138771100e-04;   -4444497
3.2556135720400e-04;   -4444497
3.2557968924900e-04;   -4444496
3.2559966265000e-04;   -4444496
3.2561799070600e-04;   -4444495
3.2563796003300e-04;   -4444495
3.2565629205500e-04;   -4444495
3.2567626127300e-04;   -4444495
3.2569459327000e-04;   -4444496
3.2571456678100e-04;   -4444496
3.2573289488900e-04;   -4444498
3.2575286419400e-04;   -4444498
3.2577286147800e-04;   -4444501
3.2579116946400e-04;   -4444501
3.2581116259100e-04;   -4444505
3.2582947082300e-04;   -4444505
3.2584946414700e-04;   -4444508
3.2586776804600e-04;   -4444508
3.2588776539400e-04;   -4444510
3.2590607357900e-04;   -4444510
3.2592606684400e-04;   -4444511
3.2594603620700e-04;   -4444511
3.2596436843200e-04;   -4444511
3.2598433790000e-04;   -4444511
3.2600266998000e-04;   -4444511
3.2602264336300e-04;   -4444511
3.2604097130800e-04;   -4444509
3.2606094067900e-04;   -4444509
3.2607927282400e-04;   -4444507
3.2609924623600e-04;   -4444507
3.2611757426000e-04;   -4444505
3.2613754361700e-04;   -4444505
3.2615754080500e-04;   -4444504
3.2617584494000e-04;   -4444504
3.2619584224100e-04;   -4444504
3.2621415026600e-04;   -4444504
3.2623414353400e-04;   -4444505
3.2625244769700e-04;   -4444505
3.2627244498400e-04;   -4444507
3.2629075307200e-04;   -4444507
3.2631074640700e-04;   -4444510
3.2632905448400e-04;   -4444510
3.2634904785800e-04;   -4444512
3.2636901727300e-04;   -4444512
3.2638734935800e-04;   -4444514
3.2640732279900e-04;   -4444514
3.2642565089600e-04;   -4444515
3.2644562026900e-04;   -4444515
3.2646395232600e-04;   -4444514
3.2648392154300e-04;   -4444514
3.2650225363300e-04;   -4444513
3.2652222682500e-04;   -4444513
3.2654055491000e-04;   -4444510
3.2656052418800e-04;   -4444510
3.2658052166400e-04;   -4444506
3.2659882977500e-04;   -4444506
3.2661882320200e-04;   -4444502
3.2663712732500e-04;   -4444502
3.2665712459400e-04;   -4444498
3.2667542855200e-04;   -4444498
3.2669542593800e-04;   -4444495
3.2671373402900e-04;   -4444495
3.2673372736800e-04;   -4444494
3.2675369665800e-04;   -4444494
3.2677202880600e-04;   -4444495
3.2679200197800e-04;   -4444495
3.2681033022300e-04;   -4444496
3.2683030353100e-04;   -4444496
3.2684863146000e-04;   -4444498
3.2686860075600e-04;   -4444498
3.2688693298200e-04;   -4444499
3.2690690632400e-04;   -4444499
3.2692523453400e-04;   -4444500
3.2694520399300e-04;   -4444500
3.2696520126900e-04;   -4444501
3.2698350522100e-04;   -4444501
3.2700350266200e-04;   -4444500
3.2702181074700e-04;   -4444500
3.2704180420800e-04;   -4444498
3.2706010826900e-04;   -4444498
3.2708010567800e-04;   -4444495
3.2709841373200e-04;   -4444495
3.2711840708900e-04;   -4444492
3.2713837645000e-04;   -4444492
3.2715670862800e-04;   -4444489
3.2717667796300e-04;   -4444489
3.2719501001700e-04;   -4444488
3.2721498325800e-04;   -4444488
3.2723331135200e-04;   -4444488
3.2725328070400e-04;   -4444488
3.2727161278400e-04;   -4444489
3.2729158598500e-04;   -4444489
3.2730991411200e-04;   -4444491
3.2732988739200e-04;   -4444491
3.2734821554100e-04;   -4444494
3.2736818487000e-04;   -4444494
3.2738818221700e-04;   -4444496
3.2740649026800e-04;   -4444496
3.2742648357100e-04;   -4444497
3.2744478767000e-04;   -4444497
3.2746478492300e-04;   -4444498
3.2748308909000e-04;   -4444498
3.2750308646500e-04;   -4444498
3.2752139454600e-04;   -4444498
3.2754138778500e-04;   -4444497
3.2756135706900e-04;   -4444497
3.2757968923900e-04;   -4444494
3.2759966273800e-04;   -4444494
3.2761799082500e-04;   -4444491
3.2763796020100e-04;   -4444491
3.2765629221500e-04;   -4444488
3.2767626165400e-04;   -4444488
3.2769459372400e-04;   -4444487
3.2771456723600e-04;   -4444487
3.2773289519500e-04;   -4444487
3.2775286466700e-04;   -4444487
3.2777286215400e-04;   -4444488
3.2779117011800e-04;   -4444488
3.2781116346400e-04;   -4444491
3.2782947156900e-04;   -4444491
3.2784946484100e-04;   -4444493
3.2786776884300e-04;   -4444493
3.2788776613200e-04;   -4444496
3.2790607448400e-04;   -4444496
3.2792606778100e-04;   -4444497
3.2794603715300e-04;   -4444497
3.2796436938800e-04;   -4444498
3.2798433873600e-04;   -4444498
3.2800267076500e-04;   -4444498
3.2802264416700e-04;   -4444498
3.2804097220600e-04;   -4444497
3.2806094141000e-04;   -4444497
3.2807927341900e-04;   -4444494
3.2809924666800e-04;   -4444494
3.2811757470000e-04;   -4444491
3.2813754403300e-04;   -4444491
3.2815754135700e-04;   -4444488
3.2817584539000e-04;   -4444488
3.2819584258400e-04;   -4444487
3.2821415066700e-04;   -4444487
3.2823414405600e-04;   -4444487
3.2825244814200e-04;   -4444487
3.2827244533500e-04;   -4444489
3.2829075347400e-04;   -4444489
3.2831074682000e-04;   -4444491
3.2832905490200e-04;   -4444491
3.2834904824000e-04;   -4444494
3.2836901753700e-04;   -4444494
3.2838734959700e-04;   -4444496
3.2840732287700e-04;   -4444496
3.2842565102300e-04;   -4444498
3.2844562026700e-04;   -4444498
3.2846395242200e-04;   -4444498
3.2848392160600e-04;   -4444498
3.2850225361500e-04;   -4444498
3.2852222693800e-04;   -4444498
3.2854055496200e-04;   -4444498
3.2856052415700e-04;   -4444498
3.2858052154100e-04;   -4444497
3.2859882961000e-04;   -4444497
3.2861882298600e-04;   -4444496
3.2863712697000e-04;   -4444496
3.2865712432600e-04;   -4444496
3.2867542845800e-04;   -4444496
3.2869542574800e-04;   -4444498
3.2871373376600e-04;   -4444498
3.2873372718400e-04;   -4444500
3.2875369653300e-04;   -4444500
3.2877202857900e-04;   -4444503
3.2879200195800e-04;   -4444503
3.2881033003800e-04;   -4444506
3.2883030338500e-04;   -4444506
3.2884863156600e-04;   -4444509
3.2886860100800e-04;   -4444509
3.2888693307400e-04;   -4444512
3.2890690630600e-04;   -4444512
3.2892523448600e-04;   -4444513
3.2894520390300e-04;   -4444513
3.2896520126000e-04;   -4444513
3.2898350524200e-04;   -4444513
3.2900350257700e-04;   -4444512
3.2902181073800e-04;   -4444512
3.2904180400700e-04;   -4444510
3.2906010813500e-04;   -4444510
3.2908010548000e-04;   -4444506
3.2909841355200e-04;   -4444506
3.2911840681900e-04;   -4444501
3.2913837619300e-04;   -4444501
3.2915670830600e-04;   -4444498
3.2917667758300e-04;   -4444498
3.2919500957300e-04;   -4444496
3.2921498277300e-04;   -4444496
3.2923331072700e-04;   -4444495
3.2925328001500e-04;   -4444495
3.2927161213400e-04;   -4444495
3.2929158552200e-04;   -4444495
3.2930991378600e-04;   -4444497
3.2932988721500e-04;   -4444497
3.2934821521600e-04;   -4444499
3.2936818456200e-04;   -4444499
3.2938818196700e-04;   -4444500
3.2940649002300e-04;   -4444500
3.2942648349000e-04;   -4444502
3.2944478750300e-04;   -4444502
3.2946478476500e-04;   -4444504
3.2948308873200e-04;   -4444504
3.2950308611000e-04;   -4444506
3.2952139417700e-04;   -4444506
3.2954138756100e-04;   -4444508
3.2956135688500e-04;   -4444508
3.2957968889200e-04;   -4444509
3.2959966221700e-04;   -4444509
3.2961799015400e-04;   -4444510
3.2963795943400e-04;   -4444510
3.2965629145500e-04;   -4444512
3.2967626084900e-04;   -4444512
3.2969459298900e-04;   -4444514
3.2971456620400e-04;   -4444514
3.2973289424500e-04;   -4444516
3.2975286360400e-04;   -4444516
3.2977286096300e-04;   -4444519
3.2979116911900e-04;   -4444519
3.2981116241300e-04;   -4444522
3.2982947048800e-04;   -4444522
3.2984946377800e-04;   -4444524
3.2986776795600e-04;   -4444524
3.2988776524600e-04;   -4444526
3.2990607353100e-04;   -4444526
3.2992606673200e-04;   -4444526
3.2994603613400e-04;   -4444526
3.2996436818700e-04;   -4444525
3.2998433734300e-04;   -4444525
3.3000266941600e-04;   -4444523
3.3002264285800e-04;   -4444523
3.3004097083600e-04;   -4444519
3.3006094019200e-04;   -4444519
3.3007927224500e-04;   -4444514
3.3009924556800e-04;   -4444514
3.3011757360300e-04;   -4444509
3.3013754279200e-04;   -4444509
3.3015753998200e-04;   -4444504
3.3017584402700e-04;   -4444504
3.3019584122200e-04;   -4444501
3.3021414942200e-04;   -4444501
3.3023414286100e-04;   -4444500
3.3025244684300e-04;   -4444500
3.3027244433200e-04;   -4444500
3.3029075235700e-04;   -4444500
3.3031074574300e-04;   -4444501
3.3032905377100e-04;   -4444501
3.3034904702500e-04;   -4444502
3.3036901639200e-04;   -4444502
3.3038734849000e-04;   -4444503
3.3040732165700e-04;   -4444503
3.3042564984200e-04;   -4444505
3.3044561907200e-04;   -4444505
3.3046395098100e-04;   -4444507
3.3048392027400e-04;   -4444507
3.3050225242900e-04;   -4444508
3.3052222566000e-04;   -4444508
3.3054055378000e-04;   -4444510
3.3056052313500e-04;   -4444510
3.3058052050700e-04;   -4444511
3.3059882855200e-04;   -4444511
3.3061882203100e-04;   -4444512
3.3063712616300e-04;   -4444512
3.3065712355600e-04;   -4444513
3.3067542750700e-04;   -4444513
3.3069542494300e-04;   -4444515
3.3071373303800e-04;   -4444515
3.3073372638100e-04;   -4444517
3.3075369559600e-04;   -4444517
3.3077202760400e-04;   -4444520
3.3079200100600e-04;   -4444520
3.3081032884500e-04;   -4444523
3.3083030228100e-04;   -4444523
3.3084863025400e-04;   -4444525
3.3086859974100e-04;   -4444525
3.3088693182400e-04;   -4444526
3.3090690516800e-04;   -4444526
3.3092523327700e-04;   -4444526
3.3094520263700e-04;   -4444526
3.3096520005400e-04;   -4444525
3.3098350404800e-04;   -4444525
3.3100350146300e-04;   -4444523
3.3102180933900e-04;   -4444523
3.3104180270100e-04;   -4444521
3.3106010683700e-04;   -4444521
3.3108010417300e-04;   -4444518
3.3109841216400e-04;   -4444518
3.3111840559200e-04;   -4444515
3.3113837514000e-04;   -4444515
3.3115670717600e-04;   -4444513
3.3117667665100e-04;   -4444513
3.3119500885000e-04;   -4444512
3.3121498225400e-04;   -4444512
3.3123331038000e-04;   -4444512
3.3125327975400e-04;   -4444512
3.3127161162200e-04;   -4444514
3.3129158517400e-04;   -4444514
3.3130991321000e-04;   -4444516
3.3132988660100e-04;   -4444516
3.3134821478900e-04;   -4444518
3.3136818415200e-04;   -4444518
3.3138818159400e-04;   -4444519
3.3140648971400e-04;   -4444519
3.3142648314400e-04;   -4444520
3.3144478717100e-04;   -4444520
3.3146478453900e-04;   -4444521
3.3148308867800e-04;   -4444521
3.3150308612700e-04;   -4444522
3.3152139409500e-04;   -4444522
3.3154138747700e-04;   -4444523
3.3156135691000e-04;   -4444523
3.3157968890900e-04;   -4444523
3.3159966234000e-04;   -4444523
3.3161799039300e-04;   -4444522
3.3163795983200e-04;   -4444522
3.3165629190600e-04;   -4444522
3.3167626122000e-04;   -4444522
3.3169459316100e-04;   -4444523
3.3171456663300e-04;   -4444523
3.3173289457100e-04;   -4444525
3.3175286399300e-04;   -4444525
3.3177286124200e-04;   -4444526
3.3179116939600e-04;   -4444526
3.3181116274400e-04;   -4444528
3.3182947085600e-04;   -4444528
3.3184946428800e-04;   -4444530
3.3186776821000e-04;   -4444530
3.3188776549200e-04;   -4444531
3.3190607348200e-04;   -4444531
3.3192606693700e-04;   -4444530
3.3194603639400e-04;   -4444530
3.3196436834400e-04;   -4444529
3.3198433764000e-04;   -4444529
3.3200266965300e-04;   -4444526
3.3202264304200e-04;   -4444526
3.3204097104400e-04;   -4444522
3.3206094036900e-04;   -4444522
3.3207927239600e-04;   -4444517
3.3209924568000e-04;   -4444517
3.3211757390000e-04;   -4444511
3.3213754326400e-04;   -4444511
3.3215754067400e-04;   -4444506
3.3217584462600e-04;   -4444506
3.3219584205500e-04;   -4444503
3.3221415012400e-04;   -4444503
3.3223414334200e-04;   -4444501
3.3225244757700e-04;   -4444501
3.3227244489200e-04;   -4444501
3.3229075286900e-04;   -4444501
3.3231074628400e-04;   -4444502
3.3232905431300e-04;   -4444502
3.3234904769900e-04;   -4444503
3.3236901700400e-04;   -4444503
3.3238734913300e-04;   -4444504
3.3240732244700e-04;   -4444504
3.3242565051000e-04;   -4444505
3.3244561993400e-04;   -4444505
3.3246395197000e-04;   -4444505
3.3248392122400e-04;   -4444505
3.3250225327300e-04;   -4444504
3.3252222671900e-04;   -4444504
3.3254055485300e-04;   -4444503
3.3256052412000e-04;   -4444503
3.3258052156400e-04;   -4444502
3.3259882975800e-04;   -4444502
3.3261882304900e-04;   -4444500
3.3263712724800e-04;   -4444500
3.3265712449500e-04;   -4444500
3.3267542847100e-04;   -4444500
3.3269542593900e-04;   -4444501
3.3271373385000e-04;   -4444501
3.3273372718100e-04;   -4444503
3.3275369658400e-04;   -4444503
3.3277202853200e-04;   -4444506
3.3279200195000e-04;   -4444506
3.3281032997800e-04;   -4444509
3.3283030322400e-04;   -4444509
3.3284863139300e-04;   -4444512
3.3286860064600e-04;   -4444512
3.3288693274400e-04;   -4444514
3.3290690605800e-04;   -4444514
3.3292523422100e-04;   -4444515
3.3294520344500e-04;   -4444515
3.3296520085900e-04;   -4444515
3.3298350484800e-04;   -4444515
3.3300350219600e-04;   -4444514
3.3302181015400e-04;   -4444514
3.3304180359600e-04;   -4444513
3.3306010766400e-04;   -4444513
3.3308010497000e-04;   -4444511
3.3309841298800e-04;   -4444511
3.3311840626100e-04;   -4444509
3.3313837567300e-04;   -4444509
3.3315670775100e-04;   -4444508
3.3317667702700e-04;   -4444508
3.3319500901900e-04;   -4444508
3.3321498226100e-04;   -4444508
3.3323331043500e-04;   -4444509
3.3325327969600e-04;   -4444509
3.3327161163700e-04;   -4444511
3.3329158493500e-04;   -4444511
3.3330991302000e-04;   -4444514
3.3332988632800e-04;   -4444514
3.3334821451000e-04;   -4444516
3.3336818385700e-04;   -4444516
3.3338818115800e-04;   -4444518
3.3340648925000e-04;   -4444518
3.3342648248400e-04;   -4444518
3.3344478662100e-04;   -4444518
3.3346478393700e-04;   -4444518
3.3348309215500e-04;   -4444518
3.3350308553600e-04;   -4444517
3.3352139359700e-04;   -4444517
3.3354138682200e-04;   -4444514
3.3356135610600e-04;   -4444514
3.3357968834300e-04;   -4444511
3.3359966175600e-04;   -4444511
3.3361798981800e-04;   -4444508
3.3363795927700e-04;   -4444508
3.3365629136900e-04;   -4444506
3.3367626074100e-04;   -4444506
3.3369459271500e-04;   -4444506
3.3371456605600e-04;   -4444506
3.3373289401700e-04;   -4444508
3.3375286338900e-04;   -4444508
3.3377286076300e-04;   -4444510
3.3379116864200e-04;   -4444510
3.3381116221900e-04;   -4444513
3.3382947021200e-04;   -4444513
3.3384946375300e-04;   -4444516
3.3386776795500e-04;   -4444516
3.3388776536100e-04;   -4444518
3.3390607352600e-04;   -4444518
3.3392606681000e-04;   -4444520
3.3394603596900e-04;   -4444520
3.3396436800100e-04;   -4444522
3.3398433746100e-04;   -4444522
3.3400266930300e-04;   -4444523
3.3402264266200e-04;   -4444523
3.3404097078700e-04;   -4444524
3.3406094010400e-04;   -4444524
3.3407927224400e-04;   -4444524
3.3409924560900e-04;   -4444524
3.3411757370600e-04;   -4444524
3.3413754307700e-04;   -4444524
3.3415754045400e-04;   -4444524
3.3417584458000e-04;   -4444524
3.3419584190300e-04;   -4444525
3.3421415013000e-04;   -4444525
3.3423414341300e-04;   -4444526
3.3425244753800e-04;   -4444526
3.3427244460600e-04;   -4444528
3.3429075263800e-04;   -4444528
3.3431074586800e-04;   -4444530
3.3432905401100e-04;   -4444530
3.3434904726600e-04;   -4444532
3.3436901657500e-04;   -4444532
3.3438734874900e-04;   -4444532
3.3440732209700e-04;   -4444532
3.3442565034900e-04;   -4444533
3.3444561978400e-04;   -4444533
3.3446395184700e-04;   -4444533
3.3448392124700e-04;   -4444533
3.3450225330700e-04;   -4444533
3.3452222648300e-04;   -4444533
3.3454055458200e-04;   -4444532
3.3456052403700e-04;   -4444532
3.3458052146300e-04;   -4444529
3.3459882968000e-04;   -4444529
3.3461882317400e-04;   -4444525
3.3463712715000e-04;   -4444525
3.3465712459100e-04;   -4444522
3.3467542859500e-04;   -4444522
3.3469542608900e-04;   -4444519
3.3471373405800e-04;   -4444519
3.3473372742600e-04;   -4444518
3.3475369680000e-04;   -4444518
3.3477202900500e-04;   -4444518
3.3479200224400e-04;   -4444518
3.3481033027800e-04;   -4444518
3.3483030364800e-04;   -4444518
3.3484863160200e-04;   -4444519
3.3486860091000e-04;   -4444519
3.3488693312400e-04;   -4444519
3.3490690658200e-04;   -4444519
3.3492523461100e-04;   -4444519
3.3494520398100e-04;   -4444519
3.3496520125400e-04;   -4444517
3.3498350518800e-04;   -4444517
3.3500350246800e-04;   -4444516
3.3502181058500e-04;   -4444516
3.3504180396200e-04;   -4444512
3.3506010795200e-04;   -4444512
3.3508010524500e-04;   -4444508
3.3509841335000e-04;   -4444508
3.3511840677600e-04;   -4444503
3.3513837616800e-04;   -4444503
3.3515670817900e-04;   -4444500
3.3517667764900e-04;   -4444500
3.3519500971400e-04;   -4444497
3.3521498307100e-04;   -4444497
3.3523331117600e-04;   -4444496
3.3525328070900e-04;   -4444496
3.3527161274300e-04;   -4444497
3.3529158604200e-04;   -4444497
3.3530991404200e-04;   -4444499
3.3532988725900e-04;   -4444499
3.3534821534400e-04;   -4444501
3.3536818476200e-04;   -4444501
3.3538818202700e-04;   -4444502
3.3540649008500e-04;   -4444502
3.3542648339900e-04;   -4444503
3.3544478735900e-04;   -4444503
3.3546478485800e-04;   -4444504
3.3548308895400e-04;   -4444504
3.3550308621100e-04;   -4444504
3.3552139424800e-04;   -4444504
3.3554138760800e-04;   -4444502
3.3556135696700e-04;   -4444502
3.3557968917100e-04;   -4444499
3.3559966243000e-04;   -4444499
3.3561799061600e-04;   -4444496
3.3563795999300e-04;   -4444496
3.3565629194100e-04;   -4444493
3.3567626137000e-04;   -4444493
3.3569459353300e-04;   -4444491
3.3571456679400e-04;   -4444491
3.3573289500600e-04;   -4444491
3.3575286431800e-04;   -4444491
3.3577286169400e-04;   -4444493
3.3579116996600e-04;   -4444493
3.3581116332300e-04;   -4444495
3.3582947133700e-04;   -4444495
3.3584946475000e-04;   -4444498
3.3586776885000e-04;   -4444498
3.3588776627700e-04;   -4444500
3.3590607411300e-04;   -4444500
3.3592606746200e-04;   -4444502
3.3594603690500e-04;   -4444502
3.3596436892200e-04;   -4444502
3.3598433827600e-04;   -4444502
3.3600267033200e-04;   -4444502
3.3602264371900e-04;   -4444502
3.3604097176600e-04;   -4444501
3.3606094098000e-04;   -4444501
3.3607927309200e-04;   -4444498
3.3609924617800e-04;   -4444498
3.3611757432900e-04;   -4444495
3.3613754354300e-04;   -4444495
3.3615754097500e-04;   -4444492
3.3617584496900e-04;   -4444492
3.3619584243800e-04;   -4444491
3.3621415061900e-04;   -4444491
3.3623414385300e-04;   -4444491
3.3625244769500e-04;   -4444491
3.3627244501100e-04;   -4444493
3.3629075332900e-04;   -4444493
3.3631074667500e-04;   -4444495
3.3632905485300e-04;   -4444495
3.3634904825300e-04;   -4444498
3.3636901765700e-04;   -4444498
3.3638734972500e-04;   -4444500
3.3640732308600e-04;   -4444500
3.3642565100000e-04;   -4444502
3.3644562031900e-04;   -4444502
3.3646395241900e-04;   -4444503
3.3648392162800e-04;   -4444503
3.3650225380000e-04;   -4444502
3.3652222706700e-04;   -4444502
3.3654055511100e-04;   -4444501
3.3656052432600e-04;   -4444501
3.3658052167500e-04;   -4444498
3.3659882966700e-04;   -4444498
3.3661882292700e-04;   -4444495
3.3663712696200e-04;   -4444495
3.3665712433700e-04;   -4444493
3.3667542848000e-04;   -4444493
3.3669542585400e-04;   -4444491
3.3671373385600e-04;   -4444491
3.3673372725300e-04;   -4444491
3.3675369659600e-04;   -4444491
3.3677202870700e-04;   -4444493
3.3679200202900e-04;   -4444493
3.3681033018600e-04;   -4444495
3.3683030346700e-04;   -4444495
3.3684863163000e-04;   -4444498
3.3686860113700e-04;   -4444498
3.3688693303500e-04;   -4444500
3.3690690634600e-04;   -4444500
3.3692523418200e-04;   -4444503
3.3694520357200e-04;   -4444503
3.3696520094500e-04;   -4444506
3.3698350494400e-04;   -4444506
3.3700350232800e-04;   -4444508
3.3702181020200e-04;   -4444508
3.3704180362700e-04;   -4444509
3.3706010754800e-04;   -4444509
3.3708010500600e-04;   -4444509
3.3709841311800e-04;   -4444509
3.3711840658700e-04;   -4444508
3.3713837604000e-04;   -4444508
3.3715670815900e-04;   -4444507
3.3717667757600e-04;   -4444507
3.3719500961200e-04;   -4444506
3.3721498292200e-04;   -4444506
3.3723331087400e-04;   -4444507
3.3725328018900e-04;   -4444507
3.3727161218200e-04;   -4444508
3.3729158557300e-04;   -4444508
3.3730991373700e-04;   -4444510
3.3732988707100e-04;   -4444510
3.3734821513100e-04;   -4444512
3.3736818451400e-04;   -4444512
3.3738818182300e-04;   -4444514
3.3740648979900e-04;   -4444514
3.3742648332100e-04;   -4444514
3.3744478746700e-04;   -4444514
3.3746478483100e-04;   -4444514
3.3748308895400e-04;   -4444514
3.3750308633100e-04;   -4444513
3.3752139437600e-04;   -4444513
3.3754138764700e-04;   -4444512
3.3756135698900e-04;   -4444512
3.3757968908800e-04;   -4444510
3.3759966240900e-04;   -4444510
3.3761799046000e-04;   -4444508
3.3763795995700e-04;   -4444508
3.3765629201700e-04;   -4444507
3.3767626125500e-04;   -4444507
3.3769459328700e-04;   -4444507
3.3771456671500e-04;   -4444507
3.3773289476100e-04;   -4444509
3.3775286412000e-04;   -4444509
3.3777286117000e-04;   -4444511
3.3779116921400e-04;   -4444511
3.3781116262400e-04;   -4444514
3.3782947066100e-04;   -4444514
3.3784946399100e-04;   -4444516
3.3786776810000e-04;   -4444516
3.3788776533000e-04;   -4444518
3.3790607330300e-04;   -4444518
3.3792606660900e-04;   -4444520
3.3794603596600e-04;   -4444520
3.3796436802000e-04;   -4444522
3.3798433757300e-04;   -4444522
3.3800266937600e-04;   -4444523
3.3802264256300e-04;   -4444523
3.3804097063900e-04;   -4444523
3.3806093995200e-04;   -4444523
3.3807927209300e-04;   -4444521
3.3809924546800e-04;   -4444521
3.3811757345700e-04;   -4444519
3.3813754293400e-04;   -4444519
3.3815754033300e-04;   -4444517
3.3817584438300e-04;   -4444517
3.3819584170800e-04;   -4444515
3.3821414973000e-04;   -4444515
3.3823414312700e-04;   -4444515
3.3825244706200e-04;   -4444515
3.3827244446500e-04;   -4444515
3.3829075248200e-04;   -4444515
3.3831074590700e-04;   -4444516
3.3832905395300e-04;   -4444516
3.3834904737400e-04;   -4444517
3.3836901666400e-04;   -4444517
3.3838734876300e-04;   -4444518
3.3840732201500e-04;   -4444518
3.3842565015800e-04;   -4444519
3.3844561952500e-04;   -4444519
3.3846395152600e-04;   -4444520
3.3848392070000e-04;   -4444520
3.3850225266300e-04;   -4444521
3.3852222612700e-04;   -4444521
3.3854055433000e-04;   -4444521
3.3856052372700e-04;   -4444521
3.3858052093300e-04;   -4444519
3.3859882908400e-04;   -4444519
3.3861882235200e-04;   -4444517
3.3863712655000e-04;   -4444517
3.3865712387200e-04;   -4444514
3.3867542783500e-04;   -4444514
3.3869542521400e-04;   -4444513
3.3871373333000e-04;   -4444513
3.3873372661500e-04;   -4444513
3.3875369604400e-04;   -4444513
3.3877202809100e-04;   -4444514
3.3879200127400e-04;   -4444514
3.3881032949700e-04;   -4444515
3.3883030262100e-04;   -4444515
3.3884863086300e-04;   -4444516
3.3886860019100e-04;   -4444516
3.3888693229700e-04;   -4444517
3.3890690568900e-04;   -4444517
3.3892523366600e-04;   -4444518
3.3894520312200e-04;   -4444518
3.3896520063200e-04;   -4444520
3.3898350459800e-04;   -4444520
3.3900350196500e-04;   -4444520
3.3902181009400e-04;   -4444520
3.3904180342000e-04;   -4444520
3.3906010753300e-04;   -4444520
3.3908010479500e-04;   -4444519
3.3909841323600e-04;   -4444519
3.3911840666000e-04;   -4444516
3.3913837600300e-04;   -4444516
3.3915670796000e-04;   -4444514
3.3917667739800e-04;   -4444514
3.3919500956700e-04;   -4444513
3.3921498299600e-04;   -4444513
3.3923331096100e-04;   -4444513
3.3925328016000e-04;   -4444513
3.3927161214600e-04;   -4444514
3.3929158555100e-04;   -4444514
3.3930991366700e-04;   -4444515
3.3932988696300e-04;   -4444515
3.3934821505100e-04;   -4444516
3.3936818450300e-04;   -4444516
3.3938818181300e-04;   -4444517
3.3940648990800e-04;   -4444517
3.3942648327400e-04;   -4444518
3.3944478731900e-04;   -4444518
3.3946478448700e-04;   -4444520
3.3948308856300e-04;   -4444520
3.3950308581000e-04;   -4444521
3.3952139400900e-04;   -4444521
3.3954138744800e-04;   -4444521
3.3956135672600e-04;   -4444521
3.3957968870100e-04;   -4444519
3.3959966210500e-04;   -4444519
3.3961799041800e-04;   -4444517
3.3963795966800e-04;   -4444517
3.3965629184800e-04;   -4444515
3.3967626117600e-04;   -4444515
3.3969459331800e-04;   -4444513
3.3971456670200e-04;   -4444513
3.3973289484700e-04;   -4444513
3.3975286412000e-04;   -4444513
3.3977286138100e-04;   -4444514
3.3979116934300e-04;   -4444514
3.3981116268200e-04;   -4444515
3.3982947089200e-04;   -4444515
3.3984946403300e-04;   -4444517
3.3986776809800e-04;   -4444517
3.3988776532400e-04;   -4444518
3.3990607348500e-04;   -4444518
3.3992606698700e-04;   -4444518
3.3994603622000e-04;   -4444518
3.3996436832000e-04;   -4444517
3.3998433756200e-04;   -4444517
3.4000266964700e-04;   -4444516
3.4002264312300e-04;   -4444516
3.4004097120100e-04;   -4444513
3.4006094070000e-04;   -4444513
3.4007927274000e-04;   -4444509
3.4009924607600e-04;   -4444509
3.4011757425700e-04;   -4444505
3.4013754341400e-04;   -4444505
3.4015754069200e-04;   -4444501
3.4017584476100e-04;   -4444501
3.4019584209700e-04;   -4444499
3.4021415010500e-04;   -4444499
3.4023414363000e-04;   -4444498
3.4025244739400e-04;   -4444498
3.4027244488700e-04;   -4444499
3.4029075294900e-04;   -4444499
3.4031074622600e-04;   -4444501
3.4032905436000e-04;   -4444501
3.4034904780700e-04;   -4444503
3.4036901697600e-04;   -4444503
3.4038734888000e-04;   -4444505
3.4040732239800e-04;   -4444505
3.4042565057400e-04;   -4444507
3.4044561983800e-04;   -4444507
3.4046395195600e-04;   -4444509
3.4048392131600e-04;   -4444509
3.4050225348000e-04;   -4444511
3.4052222652100e-04;   -4444511
3.4054055462100e-04;   -4444513
3.4056052400100e-04;   -4444513
3.4058052136800e-04;   -4444514
3.4059882929000e-04;   -4444514
3.4061882279400e-04;   -4444515
3.4063712684900e-04;   -4444515
3.4065712431200e-04;   -4444517
3.4067542833100e-04;   -4444517
3.4069542574400e-04;   -4444519
3.4071373359300e-04;   -4444519
3.4073372705700e-04;   -4444521
3.4075369651000e-04;   -4444521
3.4077202860800e-04;   -4444524
3.4079200191600e-04;   -4444524
3.4081032995700e-04;   -4444527
3.4083030335100e-04;   -4444527
3.4084863153000e-04;   -4444530
3.4086860088700e-04;   -4444530
3.4088693287500e-04;   -4444531
3.4090690634600e-04;   -4444531
3.4092523441100e-04;   -4444532
3.4094520378400e-04;   -4444532
3.4096520136200e-04;   -4444533
3.4098350524000e-04;   -4444533
3.4100350258200e-04;   -4444533
3.4102181067900e-04;   -4444533
3.4104180390700e-04;   -4444533
3.4106010797600e-04;   -4444533
3.4108010501600e-04;   -4444533
3.4109841305300e-04;   -4444533
3.4111840631600e-04;   -4444532
3.4113837574000e-04;   -4444532
3.4115670773700e-04;   -4444531
3.4117667710200e-04;   -4444531
3.4119500924500e-04;   -4444532
3.4121498256100e-04;   -4444532
3.4123331058300e-04;   -4444533
3.4125327979500e-04;   -4444533
3.4127161192100e-04;   -4444534
3.4129158541900e-04;   -4444534
3.4130991317300e-04;   -4444536
3.4132988643700e-04;   -4444536
3.4134821470200e-04;   -4444537
3.4136818417800e-04;   -4444537
3.4138818139300e-04;   -4444537
3.4140648932200e-04;   -4444537
3.4142648254300e-04;   -4444537
3.4144478642800e-04;   -4444537
3.4146478376900e-04;   -4444537
3.4148308805800e-04;   -4444537
3.4150308525300e-04;   -4444537
3.4152139332300e-04;   -4444537
3.4154138655900e-04;   -4444537
3.4156135595100e-04;   -4444537
3.4157968815600e-04;   -4444535
3.4159966149400e-04;   -4444535
3.4161798948000e-04;   -4444534
3.4163795898700e-04;   -4444534
3.4165629115200e-04;   -4444533
3.4167626058100e-04;   -4444533
3.4169459268800e-04;   -4444533
3.4171456600700e-04;   -4444533
3.4173289412000e-04;   -4444534
3.4175286329900e-04;   -4444534
3.4177286090900e-04;   -4444535
3.4179116896500e-04;   -4444535
3.4181116239600e-04;   -4444537
3.4182947050900e-04;   -4444537
3.4184946381300e-04;   -4444538
3.4186776806400e-04;   -4444538
3.4188776529700e-04;   -4444538
3.4190607359300e-04;   -4444538
3.4192606674900e-04;   -4444537
3.4194603611100e-04;   -4444537
3.4196436828700e-04;   -4444535
3.4198433767700e-04;   -4444535
3.4200266970400e-04;   -4444532
3.4202264303800e-04;   -4444532
3.4204097110000e-04;   -4444528
3.4206094031600e-04;   -4444528
3.4207927234200e-04;   -4444523
3.4209924585700e-04;   -4444523
3.4211757392000e-04;   -4444517
3.4213754313900e-04;   -4444517
3.4215754048200e-04;   -4444512
3.4217584461600e-04;   -4444512
3.4219584201600e-04;   -4444509
3.4221415025900e-04;   -4444509
3.4223414364600e-04;   -4444507
3.4225244753200e-04;   -4444507
3.4227244502100e-04;   -4444506
3.4229075293500e-04;   -4444506
3.4231074620500e-04;   -4444507
3.4232905431100e-04;   -4444507
3.4234904766200e-04;   -4444508
3.4236901695000e-04;   -4444508
3.4238734913100e-04;   -4444510
3.4240732265300e-04;   -4444510
3.4242565061100e-04;   -4444511
3.4244561993900e-04;   -4444511
3.4246395212200e-04;   -4444513
3.4248392142900e-04;   -4444513
3.4250225340800e-04;   -4444515
3.4252222679800e-04;   -4444515
3.4254055485600e-04;   -4444515
3.4256052410500e-04;   -4444515
3.4258052150300e-04;   -4444514
3.4259882962300e-04;   -4444514
3.4261882295400e-04;   -4444513
3.4263712699100e-04;   -4444513
3.4265712436200e-04;   -4444511
3.4267542838700e-04;   -4444511
3.4269542584300e-04;   -4444511
3.4271373394000e-04;   -4444511
3.4273372721800e-04;   -4444511
3.4275369657200e-04;   -4444511
3.4277202871900e-04;   -4444512
3.4279200198400e-04;   -4444512
3.4281033001900e-04;   -4444514
3.4283030348100e-04;   -4444514
3.4284863170800e-04;   -4444516
3.4286860097100e-04;   -4444516
3.4288693320000e-04;   -4444517
3.4290690644700e-04;   -4444517
3.4292523443700e-04;   -4444519
3.4294520379200e-04;   -4444519
3.4296520112700e-04;   -4444520
3.4298350522100e-04;   -4444520
3.4300350250800e-04;   -4444521
3.4302181034300e-04;   -4444521
3.4304180383400e-04;   -4444521
3.4306010781100e-04;   -4444521
3.4308010520300e-04;   -4444520
3.4309841312800e-04;   -4444520
3.4311840664200e-04;   -4444518
3.4313837602300e-04;   -4444518
3.4315670815300e-04;   -4444516
3.4317667751100e-04;   -4444516
3.4319500950000e-04;   -4444515
3.4321498283700e-04;   -4444515
3.4323331089500e-04;   -4444515
3.4325328027800e-04;   -4444515
3.4327161232200e-04;   -4444515
3.4329158580000e-04;   -4444515
3.4330991402200e-04;   -4444517
3.4332988720700e-04;   -4444517
3.4334821535500e-04;   -4444518
3.4336818463600e-04;   -4444518
3.4338818201000e-04;   -4444519
3.4340648994300e-04;   -4444519
3.4342648331100e-04;   -4444519
3.4344478747100e-04;   -4444519
3.4346478474900e-04;   -4444519
3.4348308883400e-04;   -4444519
3.4350308609200e-04;   -4444517
3.4352139411600e-04;   -4444517
3.4354138751200e-04;   -4444515
3.4356135674200e-04;   -4444515
3.4357968878200e-04;   -4444511
3.4359966209400e-04;   -4444511
3.4361799010800e-04;   -4444506
3.4363795959000e-04;   -4444506
3.4365629167300e-04;   -4444503
3.4367626104300e-04;   -4444503
3.4369459309500e-04;   -4444501
3.4371456660500e-04;   -4444501
3.4373289481700e-04;   -4444500
3.4375286411400e-04;   -4444500
3.4377286119000e-04;   -4444501
3.4379116930000e-04;   -4444501
3.4381116266500e-04;   -4444502
3.4382947075600e-04;   -4444502
3.4384946410000e-04;   -4444504
3.4386776829800e-04;   -4444504
3.4388776576900e-04;   -4444506
3.4390607385900e-04;   -4444506
3.4392606729600e-04;   -4444507
3.4394603661300e-04;   -4444507
3.4396436859100e-04;   -4444508
3.4398434202500e-04;   -4444508
3.4400267012500e-04;   -4444508
3.4402264350000e-04;   -4444508
3.4404097144000e-04;   -4444506
3.4406094090100e-04;   -4444506
3.4407927302200e-04;   -4444504
3.4409924626100e-04;   -4444504
3.4411757442200e-04;   -4444502
3.4413754370700e-04;   -4444502
3.4415754103100e-04;   -4444502
3.4417584516500e-04;   -4444502
3.4419584241500e-04;   -4444503
3.4421415035700e-04;   -4444503
3.4423414371700e-04;   -4444506
3.4425244784200e-04;   -4444506
3.4427244518000e-04;   -4444509
3.4429075323500e-04;   -4444509
3.4431074666600e-04;   -4444513
3.4432905484100e-04;   -4444513
3.4434904810600e-04;   -4444517
3.4436901745600e-04;   -4444517
3.4438734945500e-04;   -4444519
3.4440732283100e-04;   -4444519
3.4442565090500e-04;   -4444521
3.4444562001100e-04;   -4444521
3.4446395221800e-04;   -4444522
3.4448392158300e-04;   -4444522
3.4450225356000e-04;   -4444521
3.4452222692400e-04;   -4444521
3.4454055505200e-04;   -4444519
3.4456052438700e-04;   -4444519
3.4458052184300e-04;   -4444515
3.4459882997000e-04;   -4444515
3.4461882331000e-04;   -4444510
3.4463712736700e-04;   -4444510
3.4465712471400e-04;   -4444507
3.4467542879900e-04;   -4444507
3.4469542619600e-04;   -4444504
3.4471373415400e-04;   -4444504
3.4473372752700e-04;   -4444503
3.4475369688200e-04;   -4444503
3.4477202903300e-04;   -4444504
3.4479200237800e-04;   -4444504
3.4481033049000e-04;   -4444505
3.4483030373900e-04;   -4444505
3.4484863176900e-04;   -4444507
3.4486860119100e-04;   -4444507
3.4488693306000e-04;   -4444509
3.4490690644500e-04;   -4444509
3.4492523444100e-04;   -4444510
3.4494520397300e-04;   -4444510
3.4496520132600e-04;   -4444510
3.4498350555000e-04;   -4444510
3.4500350284400e-04;   -4444509
3.4502181093100e-04;   -4444509
3.4504180432800e-04;   -4444508
3.4506010851100e-04;   -4444508
3.4508010577300e-04;   -4444505
3.4509841393100e-04;   -4444505
3.4511840723800e-04;   -4444501
3.4513837663000e-04;   -4444501
3.4515670888400e-04;   -4444498
3.4517667789100e-04;   -4444498
3.4519501009100e-04;   -4444497
3.4521498333500e-04;   -4444497
3.4523331134200e-04;   -4444497
3.4525328080900e-04;   -4444497
3.4527161287100e-04;   -4444498
3.4529158614000e-04;   -4444498
3.4530991418500e-04;   -4444500
3.4532988767200e-04;   -4444500
3.4534821565200e-04;   -4444503
3.4536818500400e-04;   -4444503
3.4538818227400e-04;   -4444505
3.4540649029600e-04;   -4444505
3.4542648365100e-04;   -4444507
3.4544478762900e-04;   -4444507
3.4546478509900e-04;   -4444507
3.4548308910000e-04;   -4444507
3.4550308646200e-04;   -4444507
3.4552139440900e-04;   -4444507
3.4554138779500e-04;   -4444506
3.4556135717100e-04;   -4444506
3.4557968926200e-04;   -4444503
3.4559966256600e-04;   -4444503
3.4561799062600e-04;   -4444500
3.4563795998600e-04;   -4444500
3.4565629201000e-04;   -4444497
3.4567626123700e-04;   -4444497
3.4569459345500e-04;   -4444496
3.4571456696700e-04;   -4444496
3.4573289509900e-04;   -4444496
3.4575286425200e-04;   -4444496
3.4577286162400e-04;   -4444497
3.4579116975200e-04;   -4444497
3.4581116293600e-04;   -4444500
3.4582947095700e-04;   -4444500
3.4584946420600e-04;   -4444502
3.4586776835000e-04;   -4444502
3.4588776551900e-04;   -4444505
3.4590607370800e-04;   -4444505
3.4592606708600e-04;   -4444506
3.4594603645800e-04;   -4444506
3.4596436842400e-04;   -4444507
3.4598433775800e-04;   -4444507
3.4600266984400e-04;   -4444507
3.4602264331400e-04;   -4444507
3.4604097145600e-04;   -4444506
3.4606094073200e-04;   -4444506
3.4607927275200e-04;   -4444503
3.4609924602700e-04;   -4444503
3.4611757403600e-04;   -4444500
3.4613754346000e-04;   -4444500
3.4615754082100e-04;   -4444497
3.4617584500900e-04;   -4444497
3.4619584231100e-04;   -4444496
3.4621415035100e-04;   -4444496
3.4623414392700e-04;   -4444496
3.4625244787000e-04;   -4444496
3.4627244532800e-04;   -4444498
3.4629075331400e-04;   -4444498
3.4631074671700e-04;   -4444500
3.4632905481100e-04;   -4444500
3.4634904821200e-04;   -4444503
3.4636901757200e-04;   -4444503
3.4638734963200e-04;   -4444505
3.4640732305100e-04;   -4444505
3.4642565099100e-04;   -4444507
3.4644562033600e-04;   -4444507
3.4646395239100e-04;   -4444507
3.4648392184100e-04;   -4444507
3.4650225400700e-04;   -4444507
3.4652222732700e-04;   -4444507
3.4654055525000e-04;   -4444506
3.4656052460300e-04;   -4444506
3.4658052189400e-04;   -4444503
3.4659882996900e-04;   -4444503
3.4661882345000e-04;   -4444500
3.4663712753100e-04;   -4444500
3.4665712489000e-04;   -4444498
3.4667542895600e-04;   -4444498
3.4669542626300e-04;   -4444496
3.4671373430200e-04;   -4444496
3.4673372751800e-04;   -4444496
3.4675369695000e-04;   -4444496
3.4677202910300e-04;   -4444498
3.4679200259000e-04;   -4444498
3.4681033055400e-04;   -4444500
3.4683030386600e-04;   -4444500
3.4684863201600e-04;   -4444503
3.4686860130000e-04;   -4444503
3.4688693315600e-04;   -4444505
3.4690690651800e-04;   -4444505
3.4692523475900e-04;   -4444507
3.4694520395400e-04;   -4444507
3.4696520140100e-04;   -4444508
3.4698350552800e-04;   -4444508
3.4700350285800e-04;   -4444508
3.4702181101100e-04;   -4444508
3.4704180435300e-04;   -4444506
3.4706010844400e-04;   -4444506
3.4708010579600e-04;   -4444504
3.4709841378100e-04;   -4444504
3.4711840713000e-04;   -4444500
3.4713837654100e-04;   -4444500
3.4715670859100e-04;   -4444498
3.4717667805100e-04;   -4444498
3.4719501007100e-04;   -4444497
3.4721498349100e-04;   -4444497
3.4723331135500e-04;   -4444497
3.4725328071300e-04;   -4444497
3.4727161286200e-04;   -4444498
3.4729158617700e-04;   -4444498
3.4730991421400e-04;   -4444501
3.4732988745800e-04;   -4444501
3.4734821536600e-04;   -4444503
3.4736818481600e-04;   -4444503
3.4738818226100e-04;   -4444505
3.4740649025800e-04;   -4444505
3.4742648372600e-04;   -4444507
3.4744478796000e-04;   -4444507
3.4746478516800e-04;   -4444508
3.4748308921000e-04;   -4444508
3.4750308666900e-04;   -4444508
3.4752139470800e-04;   -4444508
3.4754138811200e-04;   -4444507
3.4756135743900e-04;   -4444507
3.4757968950700e-04;   -4444504
3.4759966286000e-04;   -4444504
3.4761799083900e-04;   -4444501
3.4763796020300e-04;   -4444501
3.4765629220600e-04;   -4444498
3.4767626160000e-04;   -4444498
3.4769459342300e-04;   -4444497
3.4771456681300e-04;   -4444497
3.4773289483800e-04;   -4444497
3.4775286421100e-04;   -4444497
3.4777286173900e-04;   -4444497
3.4779116982000e-04;   -4444497
3.4781116307700e-04;   -4444498
3.4782947123700e-04;   -4444498
3.4784946475700e-04;   -4444498
3.4786776872000e-04;   -4444498
3.4788776626800e-04;   -4444498
3.4790607432700e-04;   -4444498
3.4792606745700e-04;   -4444498
3.4794603701900e-04;   -4444498
3.4796436921700e-04;   -4444499
3.4798433861800e-04;   -4444499
3.4800267070000e-04;   -4444500
3.4802264419700e-04;   -4444500
3.4804097221700e-04;   -4444500
3.4806094151100e-04;   -4444500
3.4807927350400e-04;   -4444499
3.4809924680900e-04;   -4444499
3.4811757508000e-04;   -4444498
3.4813754454200e-04;   -4444498
3.4815754175900e-04;   -4444497
3.4817584580800e-04;   -4444497
3.4819584320500e-04;   -4444498
3.4821415134400e-04;   -4444498
3.4823414458400e-04;   -4444499
3.4825244872000e-04;   -4444499
3.4827244600700e-04;   -4444502
3.4829075413900e-04;   -4444502
3.4831074746800e-04;   -4444505
3.4832905570300e-04;   -4444505
3.4834904898500e-04;   -4444508
3.4836901850000e-04;   -4444508
3.4838735055000e-04;   -4444510
3.4840732391200e-04;   -4444510
3.4842565190500e-04;   -4444512
3.4844562143200e-04;   -4444512
3.4846395359300e-04;   -4444513
3.4848392297900e-04;   -4444513
3.4850225497900e-04;   -4444513
3.4852222836100e-04;   -4444513
3.4854055630500e-04;   -4444511
3.4856052575200e-04;   -4444511
3.4858052320900e-04;   -4444508
3.4859883143200e-04;   -4444508
3.4861882466900e-04;   -4444504
3.4863712871100e-04;   -4444504
3.4865712599400e-04;   -4444501
3.4867542995000e-04;   -4444501
3.4869542729000e-04;   -4444500
3.4871373530900e-04;   -4444500
3.4873372848700e-04;   -4444500
3.4875369782000e-04;   -4444500
3.4877202976900e-04;   -4444501
3.4879200335500e-04;   -4444501
3.4881033155200e-04;   -4444503
3.4883030474600e-04;   -4444503
3.4884863291300e-04;   -4444505
3.4886860223800e-04;   -4444505
3.4888693429100e-04;   -4444507
3.4890690765200e-04;   -4444507
3.4892523562900e-04;   -4444509
3.4894520501100e-04;   -4444509
3.4896520243000e-04;   -4444510
3.4898350669400e-04;   -4444510
3.4900350404100e-04;   -4444509
3.4902181204700e-04;   -4444509
3.4904180528000e-04;   -4444508
3.4906010932900e-04;   -4444508
3.4908010676000e-04;   -4444505
3.4909841468700e-04;   -4444505
3.4911840807500e-04;   -4444502
3.4913837745500e-04;   -4444502
3.4915670968300e-04;   -4444499
3.4917667905300e-04;   -4444499
3.4919501094300e-04;   -4444498
3.4921498417300e-04;   -4444498
3.4923331230500e-04;   -4444498
3.4925328153900e-04;   -4444498
3.4927161343100e-04;   -4444499
3.4929158682300e-04;   -4444499
3.4930991505200e-04;   -4444502
3.4932988841700e-04;   -4444502
3.4934821653300e-04;   -4444504
3.4936818602400e-04;   -4444504
3.4938818339400e-04;   -4444507
3.4940649159100e-04;   -4444507
3.4942648488400e-04;   -4444508
3.4944478894100e-04;   -4444508
3.4946478626700e-04;   -4444509
3.4948309037800e-04;   -4444509
3.4950308752700e-04;   -4444509
3.4952139559400e-04;   -4444509
3.4954138896900e-04;   -4444508
3.4956135838500e-04;   -4444508
3.4957969031300e-04;   -4444505
3.4959966369500e-04;   -4444505
3.4961799188900e-04;   -4444502
3.4963796116600e-04;   -4444502
3.4965629328800e-04;   -4444499
3.4967626263000e-04;   -4444499
3.4969459465500e-04;   -4444498
3.4971456806400e-04;   -4444498
3.4973289628500e-04;   -4444498
3.4975286562200e-04;   -4444498
3.4977286310700e-04;   -4444499
3.4979117108400e-04;   -4444499
3.4981116448100e-04;   -4444502
3.4982947256000e-04;   -4444502
3.4984946585100e-04;   -4444504
3.4986776982200e-04;   -4444504
3.4988776714900e-04;   -4444507
3.4990607539200e-04;   -4444507
3.4992606854200e-04;   -4444508
3.4994603777700e-04;   -4444508
3.4996436974600e-04;   -4444509
3.4998433926600e-04;   -4444509
3.5000267136100e-04;   -4444509
3.5002264480900e-04;   -4444509
3.5004097282500e-04;   -4444508
3.5006094226000e-04;   -4444508
3.5007927437700e-04;   -4444505
3.5009924765500e-04;   -4444505
3.5011757575300e-04;   -4444502
3.5013754507300e-04;   -4444502
3.5015754241400e-04;   -4444499
3.5017584655800e-04;   -4444499
3.5019584383200e-04;   -4444498
3.5021415179900e-04;   -4444498
3.5023414526100e-04;   -4444498
3.5025244925900e-04;   -4444498
3.5027244661500e-04;   -4444500
3.5029075469200e-04;   -4444500
3.5031074810700e-04;   -4444502
3.5032905608600e-04;   -4444502
3.5034904935500e-04;   -4444505
3.5036901863500e-04;   -4444505
3.5038735071200e-04;   -4444507
3.5040732420100e-04;   -4444507
3.5042565219600e-04;   -4444509
3.5044562173300e-04;   -4444509
3.5046395383300e-04;   -4444509
3.5048392318400e-04;   -4444509
3.5050225538000e-04;   -4444509
3.5052222878800e-04;   -4444509
3.5054055685500e-04;   -4444508
3.5056052624200e-04;   -4444508
3.5058052373100e-04;   -4444505
3.5059883163700e-04;   -4444505
3.5061882498600e-04;   -4444502
3.5063712911800e-04;   -4444502
3.5065712637300e-04;   -4444500
3.5067543022600e-04;   -4444500
3.5069542747100e-04;   -4444498
3.5071373551000e-04;   -4444498
3.5073372880900e-04;   -4444498
3.5075369818500e-04;   -4444498
3.5077203039200e-04;   -4444500
3.5079200375000e-04;   -4444500
3.5081033174800e-04;   -4444502
3.5083030497600e-04;   -4444502
3.5084863308400e-04;   -4444505
3.5086860255700e-04;   -4444505
3.5088693456800e-04;   -4444507
3.5090690802500e-04;   -4444507
3.5092523610600e-04;   -4444509
3.5094520539200e-04;   -4444509
3.5096520278800e-04;   -4444510
3.5098350677400e-04;   -4444510
3.5100350430700e-04;   -4444510
3.5102181243800e-04;   -4444510
3.5104180562800e-04;   -4444509
3.5106010966900e-04;   -4444509
3.5108010700300e-04;   -4444508
3.5109841512100e-04;   -4444508
3.5111840858800e-04;   -4444508
3.5113837791200e-04;   -4444508
3.5115671001200e-04;   -4444508
3.5117667939100e-04;   -4444508
3.5119501131300e-04;   -4444509
3.5121498477200e-04;   -4444509
3.5123331279100e-04;   -4444511
3.5125328216500e-04;   -4444511
3.5127161418600e-04;   -4444514
3.5129158763000e-04;   -4444514
3.5130991551500e-04;   -4444517
3.5132988901900e-04;   -4444517
3.5134821704200e-04;   -4444520
3.5136818636300e-04;   -4444520
3.5138818370900e-04;   -4444523
3.5140649164600e-04;   -4444523
3.5142648498200e-04;   -4444525
3.5144478894900e-04;   -4444525
3.5146478640300e-04;   -4444527
3.5148309058200e-04;   -4444527
3.5150308786400e-04;   -4444528
3.5152139595800e-04;   -4444528
3.5154138928100e-04;   -4444529
3.5156135864000e-04;   -4444529
3.5157969073500e-04;   -4444527
3.5159966412000e-04;   -4444527
3.5161799235000e-04;   -4444525
3.5163796177400e-04;   -4444525
3.5165629367200e-04;   -4444523
3.5167626307700e-04;   -4444523
3.5169459525700e-04;   -4444522
3.5171456857900e-04;   -4444522
3.5173289656500e-04;   -4444521
3.5175286592800e-04;   -4444521
3.5177286330500e-04;   -4444522
3.5179117131100e-04;   -4444522
3.5181116487800e-04;   -4444523
3.5182947299700e-04;   -4444523
3.5184946631000e-04;   -4444524
3.5186777039900e-04;   -4444524
3.5188776781400e-04;   -4444525
3.5190607579800e-04;   -4444525
3.5192606917300e-04;   -4444525
3.5194603858500e-04;   -4444525
3.5196437073500e-04;   -4444524
3.5198434005600e-04;   -4444524
3.5200267228000e-04;   -4444523
3.5202264551600e-04;   -4444523
3.5204097350600e-04;   -4444520
3.5206094292100e-04;   -4444520
3.5207927499500e-04;   -4444516
3.5209924833000e-04;   -4444516
3.5211757632700e-04;   -4444511
3.5213754572100e-04;   -4444511
3.5215754304100e-04;   -4444507
3.5217584720200e-04;   -4444507
3.5219584450400e-04;   -4444505
3.5221415259200e-04;   -4444505
3.5223414596100e-04;   -4444504
3.5225245000000e-04;   -4444504
3.5227244731100e-04;   -4444504
3.5229075537300e-04;   -4444504
3.5231074875900e-04;   -4444504
3.5232905672800e-04;   -4444504
3.5234904998300e-04;   -4444504
3.5236901937200e-04;   -4444504
3.5238735147700e-04;   -4444503
3.5240732490800e-04;   -4444503
3.5242565310000e-04;   -4444502
3.5244562240400e-04;   -4444502
3.5246395442500e-04;   -4444500
3.5248392383600e-04;   -4444500
3.5250225581200e-04;   -4444498
3.5252222917000e-04;   -4444498
3.5254055724600e-04;   -4444496
3.5256052665500e-04;   -4444496
3.5258052388200e-04;   -4444492
3.5259883202700e-04;   -4444492
3.5261882559300e-04;   -4444489
3.5263712971800e-04;   -4444489
3.5265712707300e-04;   -4444486
3.5267543112100e-04;   -4444486
3.5269542843000e-04;   -4444486
3.5271373648600e-04;   -4444486
3.5273372979000e-04;   -4444487
3.5275369903400e-04;   -4444487
3.5277203122600e-04;   -4444489
3.5279200460200e-04;   -4444489
3.5281033265500e-04;   -4444492
3.5283030604400e-04;   -4444492
3.5284863418300e-04;   -4444496
3.5286860356100e-04;   -4444496
3.5288693545800e-04;   -4444499
3.5290690885600e-04;   -4444499
3.5292523680500e-04;   -4444502
3.5294520615000e-04;   -4444502
3.5296520353100e-04;   -4444504
3.5298350752400e-04;   -4444504
3.5300350491400e-04;   -4444505
3.5302181303900e-04;   -4444505
3.5304180641200e-04;   -4444504
3.5306011053200e-04;   -4444504
3.5308010794600e-04;   -4444502
3.5309841575200e-04;   -4444502
3.5311840913000e-04;   -4444500
3.5313837863200e-04;   -4444500
3.5315671068000e-04;   -4444498
3.5317668002900e-04;   -4444498
3.5319501215800e-04;   -4444497
3.5321498563700e-04;   -4444497
3.5323331374700e-04;   -4444497
3.5325328297500e-04;   -4444497
3.5327161509800e-04;   -4444498
3.5329158840700e-04;   -4444498
3.5330991635800e-04;   -4444499
3.5332988970100e-04;   -4444499
3.5334821799800e-04;   -4444500
3.5336818740300e-04;   -4444500
3.5338818477300e-04;   -4444500
3.5340649303000e-04;   -4444500
3.5342648612300e-04;   -4444499
3.5344479022800e-04;   -4444499
3.5346478756000e-04;   -4444498
3.5348309137600e-04;   -4444498
3.5350308888300e-04;   -4444497
3.5352139700000e-04;   -4444497
3.5354139015200e-04;   -4444494
3.5356135938700e-04;   -4444494
3.5357969163500e-04;   -4444491
3.5359966501900e-04;   -4444491
3.5361799307700e-04;   -4444488
3.5363796242200e-04;   -4444488
3.5365629452900e-04;   -4444485
3.5367626386300e-04;   -4444485
3.5369459581400e-04;   -4444483
3.5371456904300e-04;   -4444483
3.5373289713900e-04;   -4444481
3.5375286643700e-04;   -4444481
3.5377286386700e-04;   -4444481
3.5379117195400e-04;   -4444481
3.5381116513000e-04;   -4444482
3.5382947309500e-04;   -4444482
3.5384946627400e-04;   -4444484
3.5386777059700e-04;   -4444484
3.5388776788000e-04;   -4444486
3.5390607607000e-04;   -4444486
3.5392606941300e-04;   -4444488
3.5394603885400e-04;   -4444488
3.5396437092600e-04;   -4444489
3.5398434023600e-04;   -4444489
3.5400267242500e-04;   -4444490
3.5402264587500e-04;   -4444490
3.5404097398300e-04;   -4444490
3.5406094325700e-04;   -4444490
3.5407927534300e-04;   -4444489
3.5409924896900e-04;   -4444489
3.5411757699200e-04;   -4444487
3.5413754634100e-04;   -4444487
3.5415754365100e-04;   -4444486
3.5417584766100e-04;   -4444486
3.5419584504200e-04;   -4444486
3.5421415284800e-04;   -4444486
3.5423414631700e-04;   -4444488
3.5425245016200e-04;   -4444488
3.5427244765500e-04;   -4444491
3.5429075576800e-04;   -4444491
3.5431074915700e-04;   -4444495
3.5432905707500e-04;   -4444495
3.5434905046900e-04;   -4444498
3.5436901972300e-04;   -4444498
3.5438735173600e-04;   -4444502
3.5440732510500e-04;   -4444502
3.5442565300600e-04;   -4444505
3.5444562238900e-04;   -4444505
3.5446395441400e-04;   -4444506
3.5448392374000e-04;   -4444506
3.5450225573000e-04;   -4444507
3.5452222912600e-04;   -4444507
3.5454055717100e-04;   -4444506
3.5456052661300e-04;   -4444506
3.5458052384800e-04;   -4444504
3.5459883191600e-04;   -4444504
3.5461882529500e-04;   -4444502
3.5463712938600e-04;   -4444502
3.5465712680500e-04;   -4444499
3.5467543098700e-04;   -4444499
3.5469542818300e-04;   -4444499
3.5471373616500e-04;   -4444499
3.5473372953400e-04;   -4444499
3.5475369886700e-04;   -4444499
3.5477203077800e-04;   -4444501
3.5479200422600e-04;   -4444501
3.5481033220000e-04;   -4444503
3.5483030570800e-04;   -4444503
3.5484863378600e-04;   -4444506
3.5486860293000e-04;   -4444506
3.5488693519400e-04;   -4444509
3.5490690846900e-04;   -4444509
3.5492523656400e-04;   -4444510
3.5494520590800e-04;   -4444510
3.5496520327700e-04;   -4444511
3.5498350741900e-04;   -4444511
3.5500350471400e-04;   -4444511
3.5502181258800e-04;   -4444511
3.5504180609800e-04;   -4444510
3.5506011015500e-04;   -4444510
3.5508010750300e-04;   -4444507
3.5509841552400e-04;   -4444507
3.5511840901700e-04;   -4444503
3.5513837850300e-04;   -4444503
3.5515671051700e-04;   -4444499
3.5517667989500e-04;   -4444499
3.5519501193300e-04;   -4444495
3.5521498518100e-04;   -4444495
3.5523331320100e-04;   -4444493
3.5525328262800e-04;   -4444493
3.5527161465800e-04;   -4444492
3.5529158798800e-04;   -4444492
3.5530991615400e-04;   -4444492
3.5532988952500e-04;   -4444492
3.5534821755500e-04;   -4444493
3.5536818712000e-04;   -4444493
3.5538818446700e-04;   -4444495
3.5540649269600e-04;   -4444495
3.5542648598000e-04;   -4444496
3.5544479019000e-04;   -4444496
3.5546478766700e-04;   -4444497
3.5548309155600e-04;   -4444497
3.5550308901600e-04;   -4444497
3.5552139720900e-04;   -4444497
3.5554139042800e-04;   -4444496
3.5556135969500e-04;   -4444496
3.5557969178000e-04;   -4444495
3.5559966515400e-04;   -4444495
3.5561799333800e-04;   -4444492
3.5563796266400e-04;   -4444492
3.5565629480400e-04;   -4444491
3.5567626433100e-04;   -4444491
3.5569459631100e-04;   -4444491
3.5571456965200e-04;   -4444491
3.5573289767600e-04;   -4444492
3.5575286718100e-04;   -4444492
3.5577286460200e-04;   -4444494
3.5579117254300e-04;   -4444494
3.5581116596500e-04;   -4444495
3.5582947407800e-04;   -4444495
3.5584946747500e-04;   -4444496
3.5586777146800e-04;   -4444496
3.5588776877000e-04;   -4444497
3.5590607699700e-04;   -4444497
3.5592607028200e-04;   -4444497
3.5594603970500e-04;   -4444497
3.5596437169800e-04;   -4444496
3.5598434101900e-04;   -4444496
3.5600267294700e-04;   -4444495
3.5602264643700e-04;   -4444495
3.5604097443300e-04;   -4444493
3.5606094370200e-04;   -4444493
3.5607927579300e-04;   -4444491
3.5609924907400e-04;   -4444491
3.5611757706200e-04;   -4444488
3.5613754663300e-04;   -4444488
3.5615754393200e-04;   -4444486
3.5617584782400e-04;   -4444486
3.5619584528700e-04;   -4444486
3.5621415346800e-04;   -4444486
3.5623414689100e-04;   -4444487
3.5625245102400e-04;   -4444487
3.5627244822500e-04;   -4444489
3.5629075635800e-04;   -4444489
3.5631074983200e-04;   -4444490
3.5632905804100e-04;   -4444490
3.5634905135800e-04;   -4444492
3.5636902074000e-04;   -4444492
3.5638735271000e-04;   -4444493
3.5640732610400e-04;   -4444493
3.5642565405800e-04;   -4444493
3.5644562330400e-04;   -4444493
3.5646395543400e-04;   -4444493
3.5648392490500e-04;   -4444493
3.5650225663900e-04;   -4444492
3.5652223003000e-04;   -4444492
3.5654055827800e-04;   -4444491
3.5656052764600e-04;   -4444491
3.5658052505200e-04;   -4444489
3.5659883319200e-04;   -4444489
3.5661882644600e-04;   -4444486
3.5663713052500e-04;   -4444486
3.5665712797700e-04;   -4444483
3.5667543204800e-04;   -4444483
3.5669542949400e-04;   -4444482
3.5671373759600e-04;   -4444482
3.5673373072400e-04;   -4444481
3.5675370023700e-04;   -4444481
3.5677203232300e-04;   -4444480
3.5679200552400e-04;   -4444480
3.5681033363000e-04;   -4444480
3.5683030691800e-04;   -4444480
3.5684863495400e-04;   -4444479
3.5686860442700e-04;   -4444479
3.5688693651200e-04;   -4444479
3.5690690980100e-04;   -4444479
3.5692523790100e-04;   -4444478
3.5694520725600e-04;   -4444478
3.5696520484700e-04;   -4444478
3.5698350874600e-04;   -4444478
3.5700350626500e-04;   -4444477
3.5702181432200e-04;   -4444477
3.5704180766500e-04;   -4444476
3.5706011185500e-04;   -4444476
3.5708010928300e-04;   -4444474
3.5709841741700e-04;   -4444474
3.5711841065700e-04;   -4444473
3.5713838014300e-04;   -4444473
3.5715671216700e-04;   -4444471
3.5717668155500e-04;   -4444471
3.5719501334100e-04;   -4444471
3.5721498678500e-04;   -4444471
3.5723331481400e-04;   -4444471
3.5725328419200e-04;   -4444471
3.5727161623200e-04;   -4444471
3.5729158956700e-04;   -4444471
3.5730991782000e-04;   -4444472
3.5732989104100e-04;   -4444472
3.5734821906900e-04;   -4444472
3.5736818835100e-04;   -4444472
3.5738818579100e-04;   -4444473
3.5740649384400e-04;   -4444473
3.5742648716000e-04;   -4444473
3.5744479129600e-04;   -4444473
3.5746478857300e-04;   -4444473
3.5748309256000e-04;   -4444473
3.5750308987900e-04;   -4444474
3.5752139793900e-04;   -4444474
3.5754139134600e-04;   -4444473
3.5756136061500e-04;   -4444473
3.5757969252200e-04;   -4444472
3.5759966596800e-04;   -4444472
3.5761799386800e-04;   -4444471
3.5763796322600e-04;   -4444471
3.5765629546500e-04;   -4444470
3.5767626473300e-04;   -4444470
3.5769459691400e-04;   -4444469
3.5771457019700e-04;   -4444469
3.5773289825200e-04;   -4444470
3.5775286756300e-04;   -4444470
3.5777286484900e-04;   -4444470
3.5779117297100e-04;   -4444470
3.5781116638100e-04;   -4444471
3.5782947444300e-04;   -4444471
3.5784946775500e-04;   -4444472
3.5786777188400e-04;   -4444472
3.5788776908500e-04;   -4444472
3.5790607704400e-04;   -4444472
3.5792607039200e-04;   -4444473
3.5794603971300e-04;   -4444473
3.5796437180800e-04;   -4444473
3.5798434111500e-04;   -4444473
3.5800267317900e-04;   -4444473
3.5802264660500e-04;   -4444473
3.5804097461300e-04;   -4444473
3.5806094394800e-04;   -4444473
3.5807927604100e-04;   -4444472
3.5809924932300e-04;   -4444472
3.5811757738300e-04;   -4444471
3.5813754672300e-04;   -4444471
3.5815754411900e-04;   -4444471
3.5817584819400e-04;   -4444471
3.5819584556700e-04;   -4444471
3.5821415367700e-04;   -4444471
3.5823414703800e-04;   -4444472
3.5825245121900e-04;   -4444472
3.5827244842800e-04;   -4444473
3.5829075658800e-04;   -4444473
3.5831074993700e-04;   -4444474
3.5832905796000e-04;   -4444474
3.5834905141100e-04;   -4444474
3.5836902078800e-04;   -4444474
3.5838735298300e-04;   -4444474
3.5840732630900e-04;   -4444474
3.5842565438300e-04;   -4444474
3.5844562360800e-04;   -4444474
3.5846395557300e-04;   -4444474
3.5848392472300e-04;   -4444474
3.5850225665200e-04;   -4444474
3.5852223001000e-04;   -4444474
3.5854055805700e-04;   -4444473
3.5856052744100e-04;   -4444473
3.5858052466800e-04;   -4444472
3.5859883287200e-04;   -4444472
3.5861882623100e-04;   -4444470
3.5863713033900e-04;   -4444470
3.5865712759000e-04;   -4444470
3.5867543166500e-04;   -4444470
3.5869542908500e-04;   -4444471
3.5871373718000e-04;   -4444471
3.5873373050500e-04;   -4444474
3.5875369981200e-04;   -4444474
3.5877203188700e-04;   -4444478
3.5879200516300e-04;   -4444478
3.5881033326400e-04;   -4444484
3.5883030661600e-04;   -4444484
3.5884863466800e-04;   -4444489
3.5886860400100e-04;   -4444489
3.5888693594800e-04;   -4444494
3.5890690944900e-04;   -4444494
3.5892523749400e-04;   -4444497
3.5894520671600e-04;   -4444497
3.5896520402200e-04;   -4444500
3.5898350804900e-04;   -4444500
3.5900350545400e-04;   -4444502
3.5902181345800e-04;   -4444502
3.5904180685700e-04;   -4444503
3.5906011092700e-04;   -4444503
3.5908010838100e-04;   -4444501
3.5909841640200e-04;   -4444501
3.5911840975300e-04;   -4444499
3.5913837924500e-04;   -4444499
3.5915671128600e-04;   -4444498
3.5917668071500e-04;   -4444498
3.5919501295800e-04;   -4444498
3.5921498626900e-04;   -4444498
3.5923331449000e-04;   -4444499
3.5925328369700e-04;   -4444499
3.5927161579600e-04;   -4444501
3.5929158907700e-04;   -4444501
3.5930991711500e-04;   -4444504
3.5932989045900e-04;   -4444504
3.5934821861300e-04;   -4444507
3.5936818786000e-04;   -4444507
3.5938818522600e-04;   -4444510
3.5940649325400e-04;   -4444510
3.5942648662600e-04;   -4444512
3.5944479067200e-04;   -4444512
3.5946478818600e-04;   -4444513
3.5948309221600e-04;   -4444513
3.5950308938700e-04;   -4444513
3.5952139746500e-04;   -4444513
3.5954139090400e-04;   -4444512
3.5956136018800e-04;   -4444512
3.5957969235500e-04;   -4444509
3.5959966552700e-04;   -4444509
3.5961799358100e-04;   -4444505
3.5963796289700e-04;   -4444505
3.5965629510900e-04;   -4444501
3.5967626437400e-04;   -4444501
3.5969459663700e-04;   -4444497
3.5971456978500e-04;   -4444497
3.5973289802300e-04;   -4444495
3.5975286729000e-04;   -4444495
3.5977286457900e-04;   -4444493
3.5979117264000e-04;   -4444493
3.5981116611100e-04;   -4444492
3.5982947409700e-04;   -4444492
3.5984946761300e-04;   -4444490
3.5986777161600e-04;   -4444490
3.5988776895600e-04;   -4444489
3.5990607712700e-04;   -4444489
3.5992607040200e-04;   -4444488
3.5994603971000e-04;   -4444488
3.5996437177000e-04;   -4444487
3.5998434102400e-04;   -4444487
3.6000267309700e-04;   -4444486
3.6002264655900e-04;   -4444486
3.6004097481300e-04;   -4444484
3.6006094419600e-04;   -4444484
3.6007927619800e-04;   -4444482
3.6009924961900e-04;   -4444482
3.6011757770800e-04;   -4444479
3.6013754695100e-04;   -4444479
3.6015754431200e-04;   -4444478
3.6017584825300e-04;   -4444478
3.6019584553800e-04;   -4444479
3.6021415380300e-04;   -4444479
3.6023414713600e-04;   -4444481
3.6025245132500e-04;   -4444481
3.6027244869800e-04;   -4444484
3.6029075668300e-04;   -4444484
3.6031075003400e-04;   -4444486
3.6032905811000e-04;   -4444486
3.6034905137900e-04;   -4444488
3.6036902054300e-04;   -4444488
3.6038735255100e-04;   -4444490
3.6040732600400e-04;   -4444490
3.6042565404500e-04;   -4444491
3.6044562346200e-04;   -4444491
3.6046395554700e-04;   -4444492
3.6048392480000e-04;   -4444492
3.6050225695500e-04;   -4444491
3.6052223043900e-04;   -4444491
3.6054055843200e-04;   -4444490
3.6056052767800e-04;   -4444490
3.6058052501600e-04;   -4444488
3.6059883311000e-04;   -4444488
3.6061882638900e-04;   -4444486
3.6063713041900e-04;   -4444486
3.6065712798500e-04;   -4444485
3.6067543195300e-04;   -4444485
3.6069542926000e-04;   -4444485
3.6071373722900e-04;   -4444485
3.6073373065200e-04;   -4444487
3.6075370001300e-04;   -4444487
3.6077203212400e-04;   -4444489
3.6079200550800e-04;   -4444489
3.6081033340700e-04;   -4444491
3.6083030664000e-04;   -4444491
3.6084863468200e-04;   -4444493
3.6086860414200e-04;   -4444493
3.6088693605400e-04;   -4444494
3.6090690940900e-04;   -4444494
3.6092523755400e-04;   -4444494
3.6094520696700e-04;   -4444494
3.6096520419200e-04;   -4444495
3.6098350831100e-04;   -4444495
3.6100350560000e-04;   -4444494
3.6102181371900e-04;   -4444494
3.6104180686400e-04;   -4444493
3.6106011073500e-04;   -4444493
3.6108010817600e-04;   -4444490
3.6109841619200e-04;   -4444490
3.6111840958900e-04;   -4444487
3.6113837900800e-04;   -4444487
3.6115671113300e-04;   -4444483
3.6117668022600e-04;   -4444483
3.6119501218900e-04;   -4444478
3.6121498554200e-04;   -4444478
3.6123331364000e-04;   -4444472
3.6125328286300e-04;   -4444472
3.6127161494700e-04;   -4444467
3.6129158826900e-04;   -4444467
3.6130991646500e-04;   -4444462
3.6132988971000e-04;   -4444462
3.6134821765000e-04;   -4444457
3.6136818712700e-04;   -4444457
3.6138818449400e-04;   -4444454
3.6140649253100e-04;   -4444454
3.6142648597700e-04;   -4444451
3.6144479015900e-04;   -4444451
3.6146478733000e-04;   -4444450
3.6148309135700e-04;   -4444450
3.6150308856400e-04;   -4444449
3.6152139668100e-04;   -4444449
3.6154139013900e-04;   -4444449
3.6156135934500e-04;   -4444449
3.6157969146200e-04;   -4444448
3.6159966458800e-04;   -4444448
3.6161799276000e-04;   -4444448
3.6163796211900e-04;   -4444448
3.6165629419000e-04;   -4444450
3.6167626359900e-04;   -4444450
3.6169459570300e-04;   -4444453
3.6171456917700e-04;   -4444453
3.6173289746900e-04;   -4444458
3.6175286675300e-04;   -4444458
3.6177286414000e-04;   -4444464
3.6179117226800e-04;   -4444464
3.6181116564400e-04;   -4444471
3.6182947369900e-04;   -4444471
3.6184946720200e-04;   -4444478
3.6186777104400e-04;   -4444478
3.6188776852100e-04;   -4444485
3.6190607657500e-04;   -4444485
3.6192606980400e-04;   -4444490
3.6194603906800e-04;   -4444490
3.6196437115200e-04;   -4444494
3.6198434045900e-04;   -4444494
3.6200267242800e-04;   -4444497
3.6202264591700e-04;   -4444497
3.6204097392800e-04;   -4444498
3.6206094350200e-04;   -4444498
3.6207927546500e-04;   -4444498
3.6209924880600e-04;   -4444498
3.6211757677600e-04;   -4444497
3.6213754614200e-04;   -4444497
3.6215754340100e-04;   -4444496
3.6217584736000e-04;   -4444496
3.6219584488800e-04;   -4444496
3.6221415302600e-04;   -4444496
3.6223414643400e-04;   -4444498
3.6225245057900e-04;   -4444498
3.6227244792100e-04;   -4444500
3.6229075605300e-04;   -4444500
3.6231074934000e-04;   -4444504
3.6232905746600e-04;   -4444504
3.6234905089000e-04;   -4444507
3.6236902027400e-04;   -4444507
3.6238735242000e-04;   -4444510
3.6240732590600e-04;   -4444510
3.6242565406500e-04;   -4444512
3.6244562361000e-04;   -4444512
3.6246395564800e-04;   -4444514
3.6248392502500e-04;   -4444514
3.6250225706900e-04;   -4444514
3.6252223043800e-04;   -4444514
3.6254055858700e-04;   -4444513
3.6256052797700e-04;   -4444513
3.6258052521100e-04;   -4444510
3.6259883325300e-04;   -4444510
3.6261882672300e-04;   -4444507
3.6263713070700e-04;   -4444507
3.6265712812700e-04;   -4444504
3.6267543244900e-04;   -4444504
3.6269542984600e-04;   -4444501
3.6271373792700e-04;   -4444501
3.6273373126800e-04;   -4444499
3.6275370050800e-04;   -4444499
3.6277203258800e-04;   -4444497
3.6279200598600e-04;   -4444497
3.6281033407600e-04;   -4444495
3.6283030756400e-04;   -4444495
3.6284863563400e-04;   -4444493
3.6286860493400e-04;   -4444493
3.6288693686000e-04;   -4444491
3.6290691010200e-04;   -4444491
3.6292523826900e-04;   -4444490
3.6294520770200e-04;   -4444490
3.6296520501300e-04;   -4444488
3.6298350904900e-04;   -4444488
3.6300350647100e-04;   -4444487
3.6302181446900e-04;   -4444487
3.6304180777400e-04;   -4444485
3.6306011185000e-04;   -4444485
3.6308010918400e-04;   -4444482
3.6309841723900e-04;   -4444482
3.6311841048300e-04;   -4444480
3.6313837987000e-04;   -4444480
3.6315671196100e-04;   -4444479
3.6317668131200e-04;   -4444479
3.6319501346700e-04;   -4444479
3.6321498676200e-04;   -4444479
3.6323331476100e-04;   -4444481
3.6325328410600e-04;   -4444481
3.6327161628000e-04;   -4444484
3.6329158977300e-04;   -4444484
3.6330991768900e-04;   -4444487
3.6332989098000e-04;   -4444487
3.6334821907400e-04;   -4444489
3.6336818846000e-04;   -4444489
3.6338818582800e-04;   -4444491
3.6340649404700e-04;   -4444491
3.6342648745800e-04;   -4444492
3.6344479149100e-04;   -4444492
3.6346478882700e-04;   -4444492
3.6348309274300e-04;   -4444492
3.6350309007900e-04;   -4444492
3.6352139818900e-04;   -4444492
3.6354139143400e-04;   -4444491
3.6356136081400e-04;   -4444491
3.6357969287600e-04;   -4444490
3.6359966622200e-04;   -4444490
3.6361799425200e-04;   -4444486
3.6363796361200e-04;   -4444486
3.6365629554200e-04;   -4444482
3.6367626473300e-04;   -4444482
3.6369459677000e-04;   -4444478
3.6371457024800e-04;   -4444478
3.6373289833400e-04;   -4444475
3.6375286766200e-04;   -4444475
3.6377286506100e-04;   -4444472
3.6379117312300e-04;   -4444472
3.6381116643300e-04;   -4444470
3.6382947447900e-04;   -4444470
3.6384946771800e-04;   -4444468
3.6386777168400e-04;   -4444468
3.6388776920500e-04;   -4444467
3.6390607724300e-04;   -4444467
3.6392607069300e-04;   -4444466
3.6394603993400e-04;   -4444466
3.6396437183000e-04;   -4444466
3.6398434125700e-04;   -4444466
3.6400267332900e-04;   -4444465
3.6402264658100e-04;   -4444465
3.6404097450700e-04;   -4444465
3.6406094392400e-04;   -4444465
3.6407927607900e-04;   -4444464
3.6409924928100e-04;   -4444464
3.6411757732100e-04;   -4444464
3.6413754685500e-04;   -4444464
3.6415754418300e-04;   -4444464
3.6417584824600e-04;   -4444464
3.6419584566000e-04;   -4444467
3.6421415368400e-04;   -4444467
3.6423414717500e-04;   -4444470
3.6425245130500e-04;   -4444470
3.6427244853200e-04;   -4444475
3.6429075664300e-04;   -4444475
3.6431074999400e-04;   -4444481
3.6432905809000e-04;   -4444481
3.6434905150600e-04;   -4444487
3.6436902083400e-04;   -4444487
3.6438735276100e-04;   -4444493
3.6440732619300e-04;   -4444493
3.6442565428700e-04;   -4444497
3.6444562379100e-04;   -4444497
3.6446395576100e-04;   -4444501
3.6448392513200e-04;   -4444501
3.6450225711700e-04;   -4444503
3.6452223040300e-04;   -4444503
3.6454055843800e-04;   -4444503
3.6456052779600e-04;   -4444503
3.6458052516700e-04;   -4444503
3.6459883333300e-04;   -4444503
3.6461882669800e-04;   -4444500
3.6463713063600e-04;   -4444500
3.6465712807800e-04;   -4444496
3.6467543214500e-04;   -4444496
3.6469542945200e-04;   -4444492
3.6471373764400e-04;   -4444492
3.6473373092300e-04;   -4444488
3.6475370028900e-04;   -4444488
3.6477203226600e-04;   -4444484
3.6479200557500e-04;   -4444484
3.6481033367000e-04;   -4444481
3.6483030695300e-04;   -4444481
3.6484863495600e-04;   -4444478
3.6486860442200e-04;   -4444478
3.6488693634500e-04;   -4444476
3.6490690970400e-04;   -4444476
3.6492523771000e-04;   -4444474
3.6494520709200e-04;   -4444474
3.6496520439700e-04;   -4444473
3.6498350829800e-04;   -4444473
3.6500350573300e-04;   -4444472
3.6502181377400e-04;   -4444472
3.6504180709100e-04;   -4444471
3.6506011102500e-04;   -4444471
3.6508010848900e-04;   -4444469
3.6509841662400e-04;   -4444469
3.6511840996200e-04;   -4444467
3.6513837944000e-04;   -4444467
3.6515671159300e-04;   -4444464
3.6517668083900e-04;   -4444464
3.6519501282400e-04;   -4444462
3.6521498627900e-04;   -4444462
3.6523331426600e-04;   -4444460
3.6525328387700e-04;   -4444460
3.6527161584400e-04;   -4444460
3.6529158912000e-04;   -4444460
3.6530991718000e-04;   -4444461
3.6532989047900e-04;   -4444461
3.6534821862900e-04;   -4444463
3.6536818778700e-04;   -4444463
3.6538818509000e-04;   -4444466
3.6540649335600e-04;   -4444466
3.6542648660200e-04;   -4444468
3.6544479069100e-04;   -4444468
3.6546478804700e-04;   -4444471
3.6548309226900e-04;   -4444471
3.6550308957200e-04;   -4444474
3.6552139763100e-04;   -4444474
3.6554139091800e-04;   -4444475
3.6556136032700e-04;   -4444475
3.6557969249200e-04;   -4444476
3.6559966585300e-04;   -4444476
3.6561799387300e-04;   -4444476
3.6563796328900e-04;   -4444476
3.6565629521800e-04;   -4444476
3.6567626455100e-04;   -4444476
3.6569459673200e-04;   -4444475
3.6571457013100e-04;   -4444475
3.6573289837500e-04;   -4444474
3.6575286776900e-04;   -4444474
3.6577286498300e-04;   -4444473
3.6579117306100e-04;   -4444473
3.6581116644300e-04;   -4444471
3.6582947452500e-04;   -4444471
3.6584946772800e-04;   -4444469
3.6586777173000e-04;   -4444469
3.6588776899200e-04;   -4444468
3.6590607695900e-04;   -4444468
3.6592607035400e-04;   -4444466
3.6594603964000e-04;   -4444466
3.6596437184100e-04;   -4444465
3.6598434123700e-04;   -4444465
3.6600267340200e-04;   -4444465
3.6602264662100e-04;   -4444465
3.6604097469100e-04;   -4444464
3.6606094404300e-04;   -4444464
3.6607927619800e-04;   -4444463
3.6609924943200e-04;   -4444463
3.6611757737300e-04;   -4444461
3.6613754663400e-04;   -4444461
3.6615754411200e-04;   -4444459
3.6617584807900e-04;   -4444459
3.6619584540100e-04;   -4444456
3.6621415349400e-04;   -4444456
3.6623414697800e-04;   -4444453
3.6625245108600e-04;   -4444453
3.6627244849600e-04;   -4444450
3.6629075656700e-04;   -4444450
3.6631074986400e-04;   -4444447
3.6632905812700e-04;   -4444447
3.6634905139300e-04;   -4444445
3.6636902059400e-04;   -4444445
3.6638735266800e-04;   -4444443
3.6640732607800e-04;   -4444443
3.6642565409700e-04;   -4444443
3.6644562346500e-04;   -4444443
3.6646395570400e-04;   -4444443
3.6648392499400e-04;   -4444443
3.6650225710800e-04;   -4444443
3.6652223032900e-04;   -4444443
3.6654055852100e-04;   -4444444
3.6656052783000e-04;   -4444444
3.6658052523300e-04;   -4444445
3.6659883324300e-04;   -4444445
3.6661882670100e-04;   -4444446
3.6663713077900e-04;   -4444446
3.6665712800700e-04;   -4444448
3.6667543213600e-04;   -4444448
3.6669542950100e-04;   -4444451
3.6671373762400e-04;   -4444451
3.6673373096800e-04;   -4444454
3.6675370026900e-04;   -4444454
3.6677203233400e-04;   -4444455
3.6679200569400e-04;   -4444455
3.6681033375200e-04;   -4444456
3.6683030708100e-04;   -4444456
3.6684863523000e-04;   -4444456
3.6686860462200e-04;   -4444456
3.6688693666500e-04;   -4444455
3.6690690997800e-04;   -4444455
3.6692523820000e-04;   -4444455
3.6694520759300e-04;   -4444455
3.6696520500900e-04;   -4444455
3.6698350917500e-04;   -4444455
3.6700350645000e-04;   -4444455
3.6702181444900e-04;   -4444455
3.6704180786000e-04;   -4444455
3.6706011201600e-04;   -4444455
3.6708010936500e-04;   -4444455
3.6709841743100e-04;   -4444455
3.6711841079800e-04;   -4444455
3.6713838018100e-04;   -4444455
3.6715671237800e-04;   -4444456
3.6717668175500e-04;   -4444456
3.6719501385900e-04;   -4444459
3.6721498715700e-04;   -4444459
3.6723331528000e-04;   -4444463
3.6725328480800e-04;   -4444463
3.6727161669100e-04;   -4444468
3.6729159012900e-04;   -4444468
3.6730991827000e-04;   -4444473
3.6732989159500e-04;   -4444473
3.6734821964900e-04;   -4444477
3.6736818887200e-04;   -4444477
3.6738818627800e-04;   -4444481
3.6740649442800e-04;   -4444481
3.6742648785100e-04;   -4444484
3.6744479176900e-04;   -4444484
3.6746478911300e-04;   -4444486
3.6748309310800e-04;   -4444486
3.6750309061300e-04;   -4444487
3.6752139873600e-04;   -4444487
3.6754139209900e-04;   -4444487
3.6756136134200e-04;   -4444487
3.6757969326000e-04;   -4444486
3.6759966668100e-04;   -4444486
3.6761799469800e-04;   -4444485
3.6763796410200e-04;   -4444485
3.6765629614000e-04;   -4444484
3.6767626543900e-04;   -4444484
3.6769459753200e-04;   -4444484
3.6771457090000e-04;   -4444484
3.6773289911600e-04;   -4444485
3.6775286841000e-04;   -4444485
3.6777286580000e-04;   -4444485
3.6779117396200e-04;   -4444485
3.6781116732100e-04;   -4444485
3.6782947541500e-04;   -4444485
3.6784946881800e-04;   -4444484
3.6786777287900e-04;   -4444484
3.6788777024200e-04;   -4444484
3.6790607833400e-04;   -4444484
3.6792607161600e-04;   -4444483
3.6794604081100e-04;   -4444483
3.6796437281500e-04;   -4444482
3.6798434196800e-04;   -4444482
3.6800267408000e-04;   -4444482
3.6802264733500e-04;   -4444482
3.6804097539000e-04;   -4444480
3.6806094480300e-04;   -4444480
3.6807927675600e-04;   -4444479
3.6809925015600e-04;   -4444479
3.6811757836300e-04;   -4444477
3.6813754763000e-04;   -4444477
3.6815754497800e-04;   -4444476
3.6817584905200e-04;   -4444476
3.6819584635500e-04;   -4444477
3.6821415440900e-04;   -4444477
3.6823414787900e-04;   -4444480
3.6825245182900e-04;   -4444480
3.6827244907300e-04;   -4444483
3.6829075715900e-04;   -4444483
3.6831075044700e-04;   -4444486
3.6832905870600e-04;   -4444486
3.6834905194800e-04;   -4444489
3.6836902121200e-04;   -4444489
3.6838735321100e-04;   -4444491
3.6840732666100e-04;   -4444491
3.6842565464500e-04;   -4444492
3.6844562410700e-04;   -4444492
3.6846395609500e-04;   -4444493
3.6848392530000e-04;   -4444493
3.6850225736200e-04;   -4444494
3.6852223069800e-04;   -4444494
3.6854055880300e-04;   -4444493
3.6856052805600e-04;   -4444493
3.6858052549600e-04;   -4444491
3.6859883367000e-04;   -4444491
3.6861882689300e-04;   -4444489
3.6863713109900e-04;   -4444489
3.6865712849100e-04;   -4444488
3.6867543258100e-04;   -4444488
3.6869543001100e-04;   -4444488
3.6871373802100e-04;   -4444488
3.6873373129500e-04;   -4444490
3.6875370067100e-04;   -4444490
3.6877203269300e-04;   -4444492
3.6879200592500e-04;   -4444492
3.6881033390800e-04;   -4444495
3.6883030731700e-04;   -4444495
3.6884863551900e-04;   -4444496
3.6886860505500e-04;   -4444496
3.6888693701500e-04;   -4444498
3.6890691034200e-04;   -4444498
3.6892523845600e-04;   -4444498
3.6894520781600e-04;   -4444498
3.6896520522300e-04;   -4444498
3.6898350931400e-04;   -4444498
3.6900350666600e-04;   -4444498
3.6902181459100e-04;   -4444498
3.6904180795900e-04;   -4444497
3.6906011205100e-04;   -4444497
3.6908010936500e-04;   -4444494
3.6909841737600e-04;   -4444494
3.6911841084500e-04;   -4444491
3.6913838016900e-04;   -4444491
3.6915671219100e-04;   -4444487
3.6917668152200e-04;   -4444487
3.6919501363100e-04;   -4444481
3.6921498715300e-04;   -4444481
3.6923331518300e-04;   -4444476
3.6925328463100e-04;   -4444476
3.6927161678200e-04;   -4444471
3.6929159010500e-04;   -4444471
3.6930991830300e-04;   -4444466
3.6932989172000e-04;   -4444466
3.6934821984500e-04;   -4444461
3.6936818920000e-04;   -4444461
3.6938818659000e-04;   -4444458
3.6940649443800e-04;   -4444458
3.6942648786100e-04;   -4444455
3.6944479207400e-04;   -4444455
3.6946478932000e-04;   -4444454
3.6948309342200e-04;   -4444454
3.6950309084700e-04;   -4444453
3.6952139895300e-04;   -4444453
3.6954139217200e-04;   -4444453
3.6956136151200e-04;   -4444453
3.6957969346000e-04;   -4444452
3.6959966692300e-04;   -4444452
3.6961799492500e-04;   -4444452
3.6963796420800e-04;   -4444452
3.6965629640100e-04;   -4444450
3.6967626569100e-04;   -4444450
3.6969459777100e-04;   -4444449
3.6971457107100e-04;   -4444449
3.6973289916100e-04;   -4444449
3.6975286844600e-04;   -4444449
3.6977286571500e-04;   -4444449
3.6979117388100e-04;   -4444449
3.6981116728000e-04;   -4444450
3.6982947529200e-04;   -4444450
3.6984946851500e-04;   -4444451
3.6986777264300e-04;   -4444451
3.6988776976600e-04;   -4444452
3.6990607790100e-04;   -4444452
3.6992607127200e-04;   -4444454
3.6994604060200e-04;   -4444454
3.6996437278200e-04;   -4444455
3.6998434186300e-04;   -4444455
3.7000267391700e-04;   -4444457
3.7002264729100e-04;   -4444457
3.7004097539300e-04;   -4444459
3.7006094481500e-04;   -4444459
3.7007927676100e-04;   -4444459
3.7009925016500e-04;   -4444459
3.7011757810700e-04;   -4444460
3.7013754742900e-04;   -4444460
3.7015754482200e-04;   -4444462
3.7017584870300e-04;   -4444462
3.7019584595500e-04;   -4444465
3.7021415402200e-04;   -4444465
3.7023414759000e-04;   -4444469
3.7025245164700e-04;   -4444469
3.7027244918100e-04;   -4444474
3.7029075729800e-04;   -4444474
3.7031075054900e-04;   -4444479
3.7032905865200e-04;   -4444479
3.7034905205100e-04;   -4444483
3.7036902131100e-04;   -4444483
3.7038735342100e-04;   -4444486
3.7040732659500e-04;   -4444486
3.7042565453700e-04;   -4444488
3.7044562386800e-04;   -4444488
3.7046395594000e-04;   -4444490
3.7048392532200e-04;   -4444490
3.7050225736900e-04;   -4444491
3.7052223058300e-04;   -4444491
3.7054055868000e-04;   -4444491
3.7056052802300e-04;   -4444491
3.7058052527100e-04;   -4444490
3.7059883329100e-04;   -4444490
3.7061882674100e-04;   -4444487
3.7063713087000e-04;   -4444487
3.7065712822500e-04;   -4444484
3.7067543238100e-04;   -4444484
3.7069542978300e-04;   -4444479
3.7071373789500e-04;   -4444479
3.7073373127300e-04;   -4444474
3.7075370063000e-04;   -4444474
3.7077203269500e-04;   -4444469
3.7079200599500e-04;   -4444469
3.7081033388900e-04;   -4444465
3.7083030718000e-04;   -4444465
3.7084863526400e-04;   -4444460
3.7086860473000e-04;   -4444460
3.7088693672700e-04;   -4444457
3.7090690998800e-04;   -4444457
3.7092523826800e-04;   -4444455
3.7094520745600e-04;   -4444455
3.7096520468300e-04;   -4444454
3.7098350878900e-04;   -4444454
3.7100350621000e-04;   -4444453
3.7102181446200e-04;   -4444453
3.7104180771500e-04;   -4444453
3.7106011176900e-04;   -4444453
3.7108010908100e-04;   -4444453
3.7109841715200e-04;   -4444453
3.7111841070700e-04;   -4444453
3.7113837993900e-04;   -4444453
3.7115671190900e-04;   -4444454
3.7117668137000e-04;   -4444454
3.7119501340800e-04;   -4444458
3.7121498678400e-04;   -4444458
3.7123331484100e-04;   -4444463
3.7125328424600e-04;   -4444463
3.7127161615200e-04;   -4444468
3.7129158946800e-04;   -4444468
3.7130991750400e-04;   -4444473
3.7132989095800e-04;   -4444473
3.7134821903000e-04;   -4444478
3.7136818846700e-04;   -4444478
3.7138818589800e-04;   -4444481
3.7140649406300e-04;   -4444481
3.7142648741300e-04;   -4444484
3.7144479158200e-04;   -4444484
3.7146478882500e-04;   -4444487
3.7148309302400e-04;   -4444487
3.7150309047800e-04;   -4444488
3.7152139847500e-04;   -4444488
3.7154139180400e-04;   -4444488
3.7156136104800e-04;   -4444488
3.7157969309900e-04;   -4444488
3.7159966650600e-04;   -4444488
3.7161799464600e-04;   -4444486
3.7163796388600e-04;   -4444486
3.7165629571400e-04;   -4444485
3.7167626505600e-04;   -4444485
3.7169459700100e-04;   -4444484
3.7171457042300e-04;   -4444484
3.7173289854100e-04;   -4444484
3.7175286787700e-04;   -4444484
3.7177286522300e-04;   -4444484
3.7179117342100e-04;   -4444484
3.7181116664200e-04;   -4444484
3.7182947460700e-04;   -4444484
3.7184946805600e-04;   -4444484
3.7186777198800e-04;   -4444484
3.7188776930200e-04;   -4444484
3.7190607740500e-04;   -4444484
3.7192607073400e-04;   -4444484
3.7194603998700e-04;   -4444484
3.7196437197700e-04;   -4444484
3.7198434133900e-04;   -4444484
3.7200267351200e-04;   -4444484
3.7202264669200e-04;   -4444484
3.7204097469700e-04;   -4444483
3.7206094407300e-04;   -4444483
3.7207927610900e-04;   -4444481
3.7209924937700e-04;   -4444481
3.7211757743900e-04;   -4444480
3.7213754675200e-04;   -4444480
3.7215754416000e-04;   -4444479
3.7217584798900e-04;   -4444479
3.7219584516900e-04;   -4444480
3.7221415340400e-04;   -4444480
3.7223414677700e-04;   -4444483
3.7225245083300e-04;   -4444483
3.7227244830100e-04;   -4444487
3.7229075654500e-04;   -4444487
3.7231074980700e-04;   -4444492
3.7232905783900e-04;   -4444492
3.7234905125500e-04;   -4444497
3.7236902071500e-04;   -4444497
3.7238735265600e-04;   -4444502
3.7240732599000e-04;   -4444502
3.7242565419600e-04;   -4444506
3.7244562346900e-04;   -4444506
3.7246395561300e-04;   -4444508
3.7248392480600e-04;   -4444508
3.7250225717700e-04;   -4444510
3.7252223051300e-04;   -4444510
3.7254055862500e-04;   -4444510
3.7256052802600e-04;   -4444510
3.7258052553700e-04;   -4444509
3.7259883368000e-04;   -4444509
3.7261882672500e-04;   -4444506
3.7263713080200e-04;   -4444506
3.7265712822100e-04;   -4444502
3.7267543232700e-04;   -4444502
3.7269542962200e-04;   -4444500
3.7271373763600e-04;   -4444500
3.7273373106500e-04;   -4444498
3.7275370039300e-04;   -4444498
3.7277203257200e-04;   -4444497
3.7279200578100e-04;   -4444497
3.7281033374600e-04;   -4444496
3.7283030689900e-04;   -4444496
3.7284863517200e-04;   -4444495
3.7286860454200e-04;   -4444495
3.7288693656900e-04;   -4444494
3.7290690991900e-04;   -4444494
3.7292523807200e-04;   -4444493
3.7294520742500e-04;   -4444493
3.7296520469900e-04;   -4444492
3.7298350881800e-04;   -4444492
3.7300350594300e-04;   -4444491
3.7302181410000e-04;   -4444491
3.7304180747200e-04;   -4444490
3.7306011147800e-04;   -4444490
3.7308010883200e-04;   -4444487
3.7309841687100e-04;   -4444487
3.7311841037500e-04;   -4444484
3.7313837964900e-04;   -4444484
3.7315671192100e-04;   -4444481
3.7317668111500e-04;   -4444481
3.7319501321900e-04;   -4444476
3.7321498668900e-04;   -4444476
3.7323331451200e-04;   -4444471
3.7325328391000e-04;   -4444471
3.7327161572400e-04;   -4444467
3.7329158911800e-04;   -4444467
3.7330991731100e-04;   -4444462
3.7332989059300e-04;   -4444462
3.7334821859900e-04;   -4444459
3.7336818788200e-04;   -4444459
3.7338818530900e-04;   -4444456
3.7340649341400e-04;   -4444456
3.7342648668200e-04;   -4444454
3.7344479058300e-04;   -4444454
3.7346478797100e-04;   -4444453
3.7348309196800e-04;   -4444453
3.7350308941400e-04;   -4444453
3.7352139741200e-04;   -4444453
3.7354139067900e-04;   -4444453
3.7356136013800e-04;   -4444453
3.7357969217100e-04;   -4444453
3.7359966542300e-04;   -4444453
3.7361799345500e-04;   -4444453
3.7363796275000e-04;   -4444453
3.7365629473100e-04;   -4444455
3.7367626410600e-04;   -4444455
3.7369459624100e-04;   -4444458
3.7371456959600e-04;   -4444458
3.7373289743300e-04;   -4444463
3.7375286704400e-04;   -4444463
3.7377286436000e-04;   -4444469
3.7379117244200e-04;   -4444469
3.7381116575500e-04;   -4444474
3.7382947388400e-04;   -4444474
3.7384946715900e-04;   -4444478
3.7386777118600e-04;   -4444478
3.7388776861100e-04;   -4444482
3.7390607672600e-04;   -4444482
3.7392607003400e-04;   -4444485
3.7394603941500e-04;   -4444485
3.7396437145700e-04;   -4444488
3.7398434086400e-04;   -4444488
3.7400267278000e-04;   -4444489
3.7402264607100e-04;   -4444489
3.7404097418900e-04;   -4444490
3.7406094338300e-04;   -4444490
3.7407927533800e-04;   -4444489
3.7409924857300e-04;   -4444489
3.7411757676900e-04;   -4444487
3.7413754603600e-04;   -4444487
3.7415754354700e-04;   -4444484
3.7417584745300e-04;   -4444484
3.7419584500500e-04;   -4444483
3.7421415303600e-04;   -4444483
3.7423414648400e-04;   -4444483
3.7425245048500e-04;   -4444483
3.7427244784800e-04;   -4444483
3.7429075585700e-04;   -4444483
3.7431074915800e-04;   -4444483
3.7432905740200e-04;   -4444483
3.7434905074300e-04;   -4444484
3.7436902000300e-04;   -4444484
3.7438735191200e-04;   -4444484
3.7440732533100e-04;   -4444484
3.7442565335200e-04;   -4444485
3.7444562274000e-04;   -4444485
3.7446395482100e-04;   -4444485
3.7448392408300e-04;   -4444485
3.7450225613200e-04;   -4444485
3.7452222949200e-04;   -4444485
3.7454055750200e-04;   -4444485
3.7456052691300e-04;   -4444485
3.7458052440400e-04;   -4444483
3.7459883246600e-04;   -4444483
3.7461882588500e-04;   -4444482
3.7463713002100e-04;   -4444482
3.7465712732500e-04;   -4444482
3.7467543134100e-04;   -4444482
3.7469542871900e-04;   -4444483
3.7471373682000e-04;   -4444483
3.7473373029900e-04;   -4444485
3.7475369945900e-04;   -4444485
3.7477203146900e-04;   -4444489
3.7479200490100e-04;   -4444489
3.7481033298800e-04;   -4444492
3.7483030614500e-04;   -4444492
3.7484863439300e-04;   -4444494
3.7486860356100e-04;   -4444494
3.7488693557400e-04;   -4444496
3.7490690890800e-04;   -4444496
3.7492523700800e-04;   -4444497
3.7494520629000e-04;   -4444497
3.7496520357600e-04;   -4444498
3.7498350763000e-04;   -4444498
3.7500350513300e-04;   -4444498
3.7502181334800e-04;   -4444498
3.7504180646600e-04;   -4444497
3.7506011063700e-04;   -4444497
3.7508010786000e-04;   -4444495
3.7509841587300e-04;   -4444495
3.7511840934400e-04;   -4444493
3.7513837848200e-04;   -4444493
3.7515671059100e-04;   -4444491
3.7517667986600e-04;   -4444491
3.7519501195200e-04;   -4444489
3.7521498549900e-04;   -4444489
3.7523331328500e-04;   -4444489
3.7525328268700e-04;   -4444489
3.7527161471700e-04;   -4444488
3.7529158788000e-04;   -4444488
3.7530991598900e-04;   -4444488
3.7532988926900e-04;   -4444488
3.7534821745500e-04;   -4444488
3.7536818677900e-04;   -4444488
3.7538818418800e-04;   -4444487
3.7540649230000e-04;   -4444487
3.7542648558500e-04;   -4444487
3.7544478967500e-04;   -4444487
3.7546478686000e-04;   -4444486
3.7548309094600e-04;   -4444486
3.7550308822400e-04;   -4444486
3.7552139628200e-04;   -4444486
3.7554138959600e-04;   -4444485
3.7556135887100e-04;   -4444485
3.7557969107500e-04;   -4444483
3.7559966449700e-04;   -4444483
3.7561799244800e-04;   -4444482
3.7563796179600e-04;   -4444482
3.7565629381400e-04;   -4444481
3.7567626303600e-04;   -4444481
3.7569459511600e-04;   -4444482
3.7571456849000e-04;   -4444482
3.7573289661200e-04;   -4444485
3.7575286601400e-04;   -4444485
3.7577286328700e-04;   -4444489
3.7579117130800e-04;   -4444489
3.7581116473700e-04;   -4444494
3.7582947269000e-04;   -4444494
3.7584946598800e-04;   -4444499
3.7586777003200e-04;   -4444499
3.7588776751500e-04;   -4444504
3.7590607536400e-04;   -4444504
3.7592606869200e-04;   -4444507
3.7594603806800e-04;   -4444507
3.7596437010400e-04;   -4444510
3.7598433951700e-04;   -4444510
3.7600267162200e-04;   -4444512
3.7602264508000e-04;   -4444512
3.7604097318600e-04;   -4444512
3.7606094259900e-04;   -4444512
3.7607927471100e-04;   -4444511
3.7609924801900e-04;   -4444511
3.7611757616900e-04;   -4444508
3.7613754535500e-04;   -4444508
3.7615754269500e-04;   -4444507
3.7617584669600e-04;   -4444507
3.7619584428700e-04;   -4444507
3.7621415227700e-04;   -4444507
3.7623414562300e-04;   -4444507
3.7625244977800e-04;   -4444507
3.7627244711300e-04;   -4444509
3.7629075514100e-04;   -4444509
3.7631074853300e-04;   -4444510
3.7632905650900e-04;   -4444510
3.7634904998700e-04;   -4444510
3.7636901921300e-04;   -4444510
3.7638735122200e-04;   -4444510
3.7640732449300e-04;   -4444510
3.7642565266800e-04;   -4444510
3.7644562203300e-04;   -4444510
3.7646395410400e-04;   -4444509
3.7648392354400e-04;   -4444509
3.7650225570700e-04;   -4444508
3.7652222891400e-04;   -4444508
3.7654055712700e-04;   -4444506
3.7656052657300e-04;   -4444506
3.7658052381600e-04;   -4444503
3.7659883187600e-04;   -4444503
3.7661882536200e-04;   -4444499
3.7663712924000e-04;   -4444499
3.7665712685100e-04;   -4444497
3.7667543100800e-04;   -4444497
3.7669542829700e-04;   -4444497
3.7671373654100e-04;   -4444497
3.7673372988600e-04;   -4444498
3.7675369925200e-04;   -4444498
3.7677203132700e-04;   -4444500
3.7679200457700e-04;   -4444500
3.7681033261500e-04;   -4444501
3.7683030592100e-04;   -4444501
3.7684863401500e-04;   -4444503
3.7686860333800e-04;   -4444503
3.7688693550400e-04;   -4444503
3.7690690896600e-04;   -4444503
3.7692523699400e-04;   -4444504
3.7694520631700e-04;   -4444504
3.7696520368300e-04;   -4444504
3.7698350782200e-04;   -4444504
3.7700350514000e-04;   -4444503
3.7702181306400e-04;   -4444503
3.7704180626400e-04;   -4444501
3.7706011053500e-04;   -4444501
3.7708010787500e-04;   -4444499
3.7709841599300e-04;   -4444499
3.7711840940300e-04;   -4444496
3.7713837888300e-04;   -4444496
3.7715671110500e-04;   -4444495
3.7717668053900e-04;   -4444495
3.7719501244500e-04;   -4444495
3.7721498587500e-04;   -4444495
3.7723331381300e-04;   -4444496
3.7725328317700e-04;   -4444496
3.7727161517400e-04;   -4444498
3.7729158863000e-04;   -4444498
3.7730991658800e-04;   -4444500
3.7732988990400e-04;   -4444500
3.7734821796800e-04;   -4444502
3.7736818718200e-04;   -4444502
3.7738818454200e-04;   -4444503
3.7740649261200e-04;   -4444503
3.7742648608000e-04;   -4444503
3.7744479002100e-04;   -4444503
3.7746478756500e-04;   -4444503
3.7748309163900e-04;   -4444503
3.7750308917900e-04;   -4444503
3.7752139725200e-04;   -4444503
3.7754139058100e-04;   -4444501
3.7756135977600e-04;   -4444501
3.7757969190800e-04;   -4444499
3.7759966516800e-04;   -4444499
3.7761799332100e-04;   -4444496
3.7763796259800e-04;   -4444496
3.7765629461300e-04;   -4444495
3.7767626403800e-04;   -4444495
3.7769459620100e-04;   -4444495
3.7771456960300e-04;   -4444495
3.7773289784800e-04;   -4444496
3.7775286732500e-04;   -4444496
3.7777286484900e-04;   -4444498
3.7779117283300e-04;   -4444498
3.7781116628500e-04;   -4444500
3.7782947432800e-04;   -4444500
3.7784946769600e-04;   -4444502
3.7786777180300e-04;   -4444502
3.7788776913800e-04;   -4444503
3.7790607716400e-04;   -4444503
3.7792607034300e-04;   -4444503
3.7794603971100e-04;   -4444503
3.7796437165200e-04;   -4444503
3.7798434111100e-04;   -4444503
3.7800267313600e-04;   -4444503
3.7802264659900e-04;   -4444503
3.7804097470600e-04;   -4444501
3.7806094408900e-04;   -4444501
3.7807927619400e-04;   -4444499
3.7809924962200e-04;   -4444499
3.7811757767400e-04;   -4444496
3.7813754706400e-04;   -4444496
3.7815754437900e-04;   -4444492
3.7817584846300e-04;   -4444492
3.7819584593900e-04;   -4444490
3.7821415403800e-04;   -4444490
3.7823414728100e-04;   -4444489
3.7825245157000e-04;   -4444489
3.7827244881800e-04;   -4444488
3.7829075690100e-04;   -4444488
3.7831075026200e-04;   -4444488
3.7832905847900e-04;   -4444488
3.7834905185900e-04;   -4444488
3.7836902125400e-04;   -4444488
3.7838735328400e-04;   -4444488
3.7840732674900e-04;   -4444488
3.7842565465900e-04;   -4444488
3.7844562412800e-04;   -4444488
3.7846395634700e-04;   -4444488
3.7848392559200e-04;   -4444488
3.7850225767600e-04;   -4444488
3.7852223098000e-04;   -4444488
3.7854055904000e-04;   -4444487
3.7856052821800e-04;   -4444487
3.7858052560200e-04;   -4444486
3.7859883364900e-04;   -4444486
3.7861882697700e-04;   -4444484
3.7863713106900e-04;   -4444484
3.7865712832700e-04;   -4444483
3.7867543242200e-04;   -4444483
3.7869542979300e-04;   -4444482
3.7871373791400e-04;   -4444482
3.7873373131600e-04;   -4444483
3.7875370058000e-04;   -4444483
3.7877203271400e-04;   -4444483
3.7879200608300e-04;   -4444483
3.7881033418200e-04;   -4444484
3.7883030755000e-04;   -4444484
3.7884863558800e-04;   -4444484
3.7886860507300e-04;   -4444484
3.7888693713900e-04;   -4444484
3.7890691050000e-04;   -4444484
3.7892523853200e-04;   -4444485
3.7894520780000e-04;   -4444485
3.7896520503600e-04;   -4444485
3.7898350926400e-04;   -4444485
3.7900350639300e-04;   -4444485
3.7902181446900e-04;   -4444485
3.7904180793100e-04;   -4444484
3.7906011206200e-04;   -4444484
3.7908010929200e-04;   -4444483
3.7909841742600e-04;   -4444483
3.7911841075700e-04;   -4444482
3.7913838040800e-04;   -4444482
3.7915671247900e-04;   -4444482
3.7917668189000e-04;   -4444482
3.7919501394000e-04;   -4444483
3.7921498735400e-04;   -4444483
3.7923331537200e-04;   -4444486
3.7925328454100e-04;   -4444486
3.7927161665900e-04;   -4444489
3.7929158981300e-04;   -4444489
3.7930991784400e-04;   -4444492
3.7932989114100e-04;   -4444492
3.7934821928400e-04;   -4444495
3.7936818862100e-04;   -4444495
3.7938818615800e-04;   -4444497
3.7940649425900e-04;   -4444497
3.7942648771600e-04;   -4444498
3.7944479177100e-04;   -4444498
3.7946478906700e-04;   -4444499
3.7948309305600e-04;   -4444499
3.7950309037200e-04;   -4444499
3.7952139847600e-04;   -4444499
3.7954139173700e-04;   -4444499
3.7956136115000e-04;   -4444499
3.7957969333900e-04;   -4444497
3.7959966678600e-04;   -4444497
3.7961799486700e-04;   -4444494
3.7963796427900e-04;   -4444494
3.7965629624300e-04;   -4444490
3.7967626558900e-04;   -4444490
3.7969459774700e-04;   -4444485
3.7971457111400e-04;   -4444485
3.7973289928000e-04;   -4444480
3.7975286853500e-04;   -4444480
3.7977286596200e-04;   -4444475
3.7979117394900e-04;   -4444475
3.7981116737800e-04;   -4444470
3.7982947543500e-04;   -4444470
3.7984946889400e-04;   -4444466
3.7986777282800e-04;   -4444466
3.7988777011000e-04;   -4444461
3.7990607822000e-04;   -4444461
3.7992607165200e-04;   -4444457
3.7994604111300e-04;   -4444457
3.7996437322400e-04;   -4444453
3.7998434266900e-04;   -4444453
3.8000267475800e-04;   -4444450
3.8002264806700e-04;   -4444450
3.8004097619600e-04;   -4444448
3.8006094546800e-04;   -4444448
3.8007927765300e-04;   -4444445
3.8009925107300e-04;   -4444445
3.8011757912500e-04;   -4444443
3.8013754865000e-04;   -4444443
3.8015754587900e-04;   -4444441
3.8017585000500e-04;   -4444441
3.8019584737200e-04;   -4444438
3.8021415551800e-04;   -4444438
3.8023414893400e-04;   -4444436
3.8025245305200e-04;   -4444436
3.8027245045900e-04;   -4444435
3.8029075845700e-04;   -4444435
3.8031075186800e-04;   -4444436
3.8032905999400e-04;   -4444436
3.8034905327800e-04;   -4444438
3.8036902271200e-04;   -4444438
3.8038735477700e-04;   -4444441
3.8040732798300e-04;   -4444441
3.8042565600800e-04;   -4444444
3.8044562543200e-04;   -4444444
3.8046395762100e-04;   -4444448
3.8048392700200e-04;   -4444448
3.8050225904600e-04;   -4444452
3.8052223240100e-04;   -4444452
3.8054056041800e-04;   -4444456
3.8056052983300e-04;   -4444456
3.8058052704500e-04;   -4444458
3.8059883524300e-04;   -4444458
3.8061882867100e-04;   -4444459
3.8063713262100e-04;   -4444459
3.8065713009300e-04;   -4444460
3.8067543421000e-04;   -4444460
3.8069543159300e-04;   -4444459
3.8071373966100e-04;   -4444459
3.8073373299200e-04;   -4444457
3.8075370230500e-04;   -4444457
3.8077203429300e-04;   -4444455
3.8079200759000e-04;   -4444455
3.8081033563900e-04;   -4444453
3.8083030893300e-04;   -4444453
3.8084863690300e-04;   -4444452
3.8086860637200e-04;   -4444452
3.8088693852700e-04;   -4444451
3.8090691194400e-04;   -4444451
3.8092524001800e-04;   -4444450
3.8094520933700e-04;   -4444450
3.8096520663100e-04;   -4444451
3.8098351075300e-04;   -4444451
3.8100350821600e-04;   -4444451
3.8102181622000e-04;   -4444451
3.8104180955800e-04;   -4444452
3.8106011359100e-04;   -4444452
3.8108011104000e-04;   -4444453
3.8109841916700e-04;   -4444453
3.8111841250300e-04;   -4444453
3.8113838180000e-04;   -4444453
3.8115671385600e-04;   -4444453
3.8117668315600e-04;   -4444453
3.8119501520800e-04;   -4444451
3.8121498858200e-04;   -4444451
3.8123331666600e-04;   -4444450
3.8125328596900e-04;   -4444450
3.8127161805300e-04;   -4444448
3.8129159144100e-04;   -4444448
3.8130991949300e-04;   -4444445
3.8132989276000e-04;   -4444445
3.8134822074000e-04;   -4444442
3.8136819034500e-04;   -4444442
3.8138818764300e-04;   -4444439
3.8140649582700e-04;   -4444439
3.8142648907400e-04;   -4444437
3.8144479314000e-04;   -4444437
3.8146479051300e-04;   -4444436
3.8148309463600e-04;   -4444436
3.8150309196100e-04;   -4444435
3.8152140010100e-04;   -4444435
3.8154139333100e-04;   -4444435
3.8156136271400e-04;   -4444435
3.8157969463200e-04;   -4444435
3.8159966803400e-04;   -4444435
3.8161799609800e-04;   -4444435
3.8163796527300e-04;   -4444435
3.8165629734600e-04;   -4444435
3.8167626686600e-04;   -4444435
3.8169459881400e-04;   -4444435
3.8171457218700e-04;   -4444435
3.8173290012700e-04;   -4444434
3.8175286941000e-04;   -4444434
3.8177286676200e-04;   -4444433
3.8179117488200e-04;   -4444433
3.8181116831800e-04;   -4444433
3.8182947627600e-04;   -4444433
3.8184946969800e-04;   -4444433
3.8186777352700e-04;   -4444433
3.8188777082400e-04;   -4444434
3.8190607882900e-04;   -4444434
3.8192607233600e-04;   -4444435
3.8194604165400e-04;   -4444435
3.8196437365800e-04;   -4444437
3.8198434309200e-04;   -4444437
3.8200267514800e-04;   -4444440
3.8202264845800e-04;   -4444440
3.8204097668200e-04;   -4444443
3.8206094589700e-04;   -4444443
3.8207927793100e-04;   -4444445
3.8209925117700e-04;   -4444445
3.8211757917200e-04;   -4444446
3.8213754854500e-04;   -4444446
3.8215754578000e-04;   -4444447
3.8217584990000e-04;   -4444447
3.8219584736700e-04;   -4444446
3.8221415535000e-04;   -4444446
3.8223414870500e-04;   -4444445
3.8225245275700e-04;   -4444445
3.8227245004900e-04;   -4444442
3.8229075813600e-04;   -4444442
3.8231075140900e-04;   -4444437
3.8232905945600e-04;   -4444437
3.8234905279500e-04;   -4444432
3.8236902214400e-04;   -4444432
3.8238735415800e-04;   -4444428
3.8240732736700e-04;   -4444428
3.8242565546500e-04;   -4444423
3.8244562472600e-04;   -4444423
3.8246395663800e-04;   -4444421
3.8248392601000e-04;   -4444421
3.8250225816500e-04;   -4444419
3.8252223149700e-04;   -4444419
3.8254055955700e-04;   -4444419
3.8256052876600e-04;   -4444419
3.8258052619000e-04;   -4444420
3.8259883432700e-04;   -4444420
3.8261882780400e-04;   -4444421
3.8263713174400e-04;   -4444421
3.8265712919400e-04;   -4444425
3.8267543327700e-04;   -4444425
3.8269543059700e-04;   -4444430
3.8271373865400e-04;   -4444430
3.8273373197700e-04;   -4444438
3.8275370137700e-04;   -4444438
3.8277203344200e-04;   -4444446
3.8279200677800e-04;   -4444446
3.8281033500400e-04;   -4444454
3.8283030833900e-04;   -4444454
3.8284863625100e-04;   -4444461
3.8286860579400e-04;   -4444461
3.8288693786700e-04;   -4444467
3.8290691112400e-04;   -4444467
3.8292523929300e-04;   -4444473
3.8294520837900e-04;   -4444473
3.8296520584800e-04;   -4444477
3.8298350982300e-04;   -4444477
3.8300350721800e-04;   -4444481
3.8302181534900e-04;   -4444481
3.8304180856800e-04;   -4444483
3.8306011273500e-04;   -4444483
3.8308011003700e-04;   -4444484
3.8309841816600e-04;   -4444484
3.8311841146700e-04;   -4444484
3.8313838092100e-04;   -4444484
3.8315671297700e-04;   -4444484
3.8317668245700e-04;   -4444484
3.8319501446200e-04;   -4444483
3.8321498770500e-04;   -4444483
3.8323331570700e-04;   -4444482
3.8325328504900e-04;   -4444482
3.8327161699400e-04;   -4444481
3.8329159051000e-04;   -4444481
3.8330991866300e-04;   -4444479
3.8332989199600e-04;   -4444479
3.8334821988700e-04;   -4444477
3.8336818923500e-04;   -4444477
3.8338818656000e-04;   -4444475
3.8340649468200e-04;   -4444475
3.8342648812500e-04;   -4444474
3.8344479217400e-04;   -4444474
3.8346478967800e-04;   -4444473
3.8348309379000e-04;   -4444473
3.8350309111600e-04;   -4444473
3.8352139926700e-04;   -4444473
3.8354139262700e-04;   -4444472
3.8356136210600e-04;   -4444472
3.8357969407200e-04;   -4444471
3.8359966745400e-04;   -4444471
3.8361799551300e-04;   -4444471
3.8363796477200e-04;   -4444471
3.8365629689800e-04;   -4444471
3.8367626641000e-04;   -4444471
3.8369459849100e-04;   -4444473
3.8371457182700e-04;   -4444473
3.8373289991600e-04;   -4444475
3.8375286924800e-04;   -4444475
3.8377286654400e-04;   -4444476
3.8379117468900e-04;   -4444476
3.8381116807400e-04;   -4444478
3.8382947598600e-04;   -4444478
3.8384946934500e-04;   -4444479
3.8386777335800e-04;   -4444479
3.8388777091400e-04;   -4444480
3.8390607887200e-04;   -4444480
3.8392607218500e-04;   -4444481
3.8394604161600e-04;   -4444481
3.8396437365100e-04;   -4444482
3.8398434301200e-04;   -4444482
3.8400267498700e-04;   -4444482
3.8402264845400e-04;   -4444482
3.8404097657200e-04;   -4444482
3.8406094605500e-04;   -4444482
3.8407927815300e-04;   -4444481
3.8409925143000e-04;   -4444481
3.8411757962000e-04;   -4444479
3.8413754896800e-04;   -4444479
3.8415754628600e-04;   -4444477
3.8417585043900e-04;   -4444477
3.8419584776600e-04;   -4444474
3.8421415584700e-04;   -4444474
3.8423414913100e-04;   -4444472
3.8425245333600e-04;   -4444472
3.8427245078000e-04;   -4444471
3.8429075881800e-04;   -4444471
3.8431075226500e-04;   -4444469
3.8432906021600e-04;   -4444469
3.8434905358800e-04;   -4444467
3.8436902296500e-04;   -4444467
3.8438735525100e-04;   -4444463
3.8440732845800e-04;   -4444463
3.8442565651400e-04;   -4444459
3.8444562576700e-04;   -4444459
3.8446395769500e-04;   -4444455
3.8448392691500e-04;   -4444455
3.8450225892300e-04;   -4444451
3.8452223225100e-04;   -4444451
3.8454056042100e-04;   -4444447
3.8456052975500e-04;   -4444447
3.8458052711800e-04;   -4444444
3.8459883512700e-04;   -4444444
3.8461882859700e-04;   -4444441
3.8463713248600e-04;   -4444441
3.8465712986300e-04;   -4444438
3.8467543397700e-04;   -4444438
3.8469543136000e-04;   -4444436
3.8471373937600e-04;   -4444436
3.8473373257400e-04;   -4444433
3.8475370195900e-04;   -4444433
3.8477203408400e-04;   -4444429
3.8479200746400e-04;   -4444429
3.8481033549700e-04;   -4444426
3.8483030888200e-04;   -4444426
3.8484863693500e-04;   -4444423
3.8486860651700e-04;   -4444423
3.8488693841400e-04;   -4444421
3.8490691174000e-04;   -4444421
3.8492523990400e-04;   -4444420
3.8494520936200e-04;   -4444420
3.8496520676900e-04;   -4444421
3.8498351084500e-04;   -4444421
3.8500350833700e-04;   -4444423
3.8502181631400e-04;   -4444423
3.8504180956600e-04;   -4444425
3.8506011370500e-04;   -4444425
3.8508011109500e-04;   -4444428
3.8509841905200e-04;   -4444428
3.8511841228800e-04;   -4444431
3.8513838165400e-04;   -4444431
3.8515671354600e-04;   -4444435
3.8517668288500e-04;   -4444435
3.8519501494600e-04;   -4444441
3.8521498827700e-04;   -4444441
3.8523331633900e-04;   -4444448
3.8525328567100e-04;   -4444448
3.8527161777600e-04;   -4444456
3.8529159106300e-04;   -4444456
3.8530991907200e-04;   -4444463
3.8532989234300e-04;   -4444463
3.8534822043100e-04;   -4444468
3.8536818965300e-04;   -4444468
3.8538818705700e-04;   -4444471
3.8540649513000e-04;   -4444471
3.8542648840900e-04;   -4444473
3.8544479244800e-04;   -4444473
3.8546478975000e-04;   -4444474
3.8548309378100e-04;   -4444474
3.8550309099500e-04;   -4444475
3.8552139914200e-04;   -4444475
3.8554139254800e-04;   -4444475
3.8556136191400e-04;   -4444475
3.8557969410000e-04;   -4444474
3.8559966742700e-04;   -4444474
3.8561799547200e-04;   -4444474
3.8563796491300e-04;   -4444474
3.8565629701800e-04;   -4444473
3.8567626618600e-04;   -4444473
3.8569459825700e-04;   -4444472
3.8571457167100e-04;   -4444472
3.8573289984800e-04;   -4444471
3.8575286926200e-04;   -4444471
3.8577286654200e-04;   -4444470
3.8579117472300e-04;   -4444470
3.8581116812300e-04;   -4444468
3.8582947610200e-04;   -4444468
3.8584946949300e-04;   -4444466
3.8586777347300e-04;   -4444466
3.8588777082300e-04;   -4444462
3.8590607898700e-04;   -4444462
3.8592607230500e-04;   -4444459
3.8594604173200e-04;   -4444459
3.8596437369100e-04;   -4444457
3.8598434305400e-04;   -4444457
3.8600267520200e-04;   -4444455
3.8602264845800e-04;   -4444455
3.8604097651400e-04;   -4444454
3.8606094589300e-04;   -4444454
3.8607927790900e-04;   -4444453
3.8609925125700e-04;   -4444453
3.8611757930500e-04;   -4444452
3.8613754857500e-04;   -4444452
3.8615754600000e-04;   -4444450
3.8617585004800e-04;   -4444450
3.8619584726600e-04;   -4444448
3.8621415522900e-04;   -4444448
3.8623414841000e-04;   -4444446
3.8625245255800e-04;   -4444446
3.8627244988000e-04;   -4444444
3.8629075791700e-04;   -4444444
3.8631075117400e-04;   -4444443
3.8632905908500e-04;   -4444443
3.8634905233400e-04;   -4444442
3.8636902168200e-04;   -4444442
3.8638735377500e-04;   -4444442
3.8640732715400e-04;   -4444442
3.8642565495900e-04;   -4444442
3.8644562437800e-04;   -4444442
3.8646395652700e-04;   -4444444
3.8648392588200e-04;   -4444444
3.8650225791700e-04;   -4444446
3.8652223132100e-04;   -4444446
3.8654055941800e-04;   -4444448
3.8656052883000e-04;   -4444448
3.8658052611300e-04;   -4444449
3.8659883423400e-04;   -4444449
3.8661882763000e-04;   -4444450
3.8663713166000e-04;   -4444450
3.8665712905600e-04;   -4444451
3.8667543302500e-04;   -4444451
3.8669543044400e-04;   -4444454
3.8671373832100e-04;   -4444454
3.8673373165800e-04;   -4444457
3.8675370117900e-04;   -4444457
3.8677203327900e-04;   -4444461
3.8679200653600e-04;   -4444461
3.8681033479400e-04;   -4444464
3.8683030798200e-04;   -4444464
3.8684863623300e-04;   -4444466
3.8686860546200e-04;   -4444466
3.8688693753400e-04;   -4444467
3.8690691089300e-04;   -4444467
3.8692523899300e-04;   -4444467
3.8694520826600e-04;   -4444467
3.8696520564700e-04;   -4444467
3.8698350972100e-04;   -4444467
3.8700350704500e-04;   -4444467
3.8702181515500e-04;   -4444467
3.8704180854200e-04;   -4444467
3.8706011257100e-04;   -4444467
3.8708011001800e-04;   -4444466
3.8709841818800e-04;   -4444466
3.8711841142200e-04;   -4444466
3.8713838087000e-04;   -4444466
3.8715671279600e-04;   -4444466
3.8717668202600e-04;   -4444466
3.8719501414900e-04;   -4444466
3.8721498768900e-04;   -4444466
3.8723331547400e-04;   -4444465
3.8725328483300e-04;   -4444465
3.8727161686100e-04;   -4444465
3.8729159024700e-04;   -4444465
3.8730991816700e-04;   -4444465
3.8732989164100e-04;   -4444465
3.8734821968500e-04;   -4444464
3.8736818899200e-04;   -4444464
3.8738818642300e-04;   -4444464
3.8740649437800e-04;   -4444464
3.8742648763700e-04;   -4444464
3.8744479175100e-04;   -4444464
3.8746478926600e-04;   -4444465
3.8748309343100e-04;   -4444465
3.8750309073900e-04;   -4444466
3.8752139868000e-04;   -4444466
3.8754139210100e-04;   -4444466
3.8756136149500e-04;   -4444466
3.8757969332200e-04;   -4444467
3.8759966677700e-04;   -4444467
3.8761799481600e-04;   -4444467
3.8763796405200e-04;   -4444467
3.8765629613600e-04;   -4444468
3.8767626543900e-04;   -4444468
3.8769459732700e-04;   -4444471
3.8771457065600e-04;   -4444471
3.8773289893100e-04;   -4444475
3.8775286829500e-04;   -4444475
3.8777286562000e-04;   -4444478
3.8779117376100e-04;   -4444478
3.8781116717600e-04;   -4444480
3.8782947527500e-04;   -4444480
3.8784946865400e-04;   -4444482
3.8786777269500e-04;   -4444482
3.8788777000700e-04;   -4444483
3.8790607800700e-04;   -4444483
3.8792607139400e-04;   -4444483
3.8794604057300e-04;   -4444483
3.8796437263900e-04;   -4444484
3.8798434209100e-04;   -4444484
3.8800267424400e-04;   -4444484
3.8802264759300e-04;   -4444484
3.8804097572100e-04;   -4444483
3.8806094494300e-04;   -4444483
3.8807927706800e-04;   -4444482
3.8809925052200e-04;   -4444482
3.8811757870400e-04;   -4444480
3.8813754787000e-04;   -4444480
3.8815754516700e-04;   -4444477
3.8817584932300e-04;   -4444477
3.8819584657500e-04;   -4444474
3.8821415474600e-04;   -4444474
3.8823414808000e-04;   -4444469
3.8825245218700e-04;   -4444469
3.8827244951400e-04;   -4444464
3.8829075753300e-04;   -4444464
3.8831075081900e-04;   -4444458
3.8832905881500e-04;   -4444458
3.8834905211000e-04;   -4444452
3.8836902139700e-04;   -4444452
3.8838735351200e-04;   -4444448
3.8840732684200e-04;   -4444448
3.8842565488100e-04;   -4444444
3.8844562428100e-04;   -4444444
3.8846395653700e-04;   -4444443
3.8848392572700e-04;   -4444443
3.8850225792600e-04;   -4444442
3.8852223113600e-04;   -4444442
3.8854055914500e-04;   -4444442
3.8856052839600e-04;   -4444442
3.8858052567900e-04;   -4444442
3.8859883362000e-04;   -4444442
3.8861882681700e-04;   -4444443
3.8863713087500e-04;   -4444443
3.8865712838500e-04;   -4444443
3.8867543252000e-04;   -4444443
3.8869542998200e-04;   -4444443
3.8871373808300e-04;   -4444443
3.8873373152200e-04;   -4444444
3.8875370080200e-04;   -4444444
3.8877203282700e-04;   -4444446
3.8879200621900e-04;   -4444446
3.8881033420600e-04;   -4444448
3.8883030751900e-04;   -4444448
3.8884863566300e-04;   -4444450
3.8886860491500e-04;   -4444450
3.8888693694600e-04;   -4444453
3.8890691020000e-04;   -4444453
3.8892523830900e-04;   -4444455
3.8894520760300e-04;   -4444455
3.8896520494900e-04;   -4444458
3.8898350898400e-04;   -4444458
3.8900350642300e-04;   -4444461
3.8902181439300e-04;   -4444461
3.8904180784600e-04;   -4444463
3.8906011188300e-04;   -4444463
3.8908010910900e-04;   -4444465
3.8909841724500e-04;   -4444465
3.8911841065600e-04;   -4444465
3.8913837990500e-04;   -4444465
3.8915671213500e-04;   -4444466
3.8917668140900e-04;   -4444466
3.8919501346900e-04;   -4444467
3.8921498671600e-04;   -4444467
3.8923331475800e-04;   -4444469
3.8925328407800e-04;   -4444469
3.8927161616600e-04;   -4444472
3.8929158952400e-04;   -4444472
3.8930991754200e-04;   -4444475
3.8932989088100e-04;   -4444475
3.8934821891000e-04;   -4444477
3.8936818822000e-04;   -4444477
3.8938818544900e-04;   -4444480
3.8940649352900e-04;   -4444480
3.8942648693200e-04;   -4444482
3.8944479102100e-04;   -4444482
3.8946478837500e-04;   -4444484
3.8948309251600e-04;   -4444484
3.8950308975200e-04;   -4444485
3.8952139780800e-04;   -4444485
3.8954139107900e-04;   -4444486
3.8956136031100e-04;   -4444486
3.8957969244600e-04;   -4444486
3.8959966582200e-04;   -4444486
3.8961799393700e-04;   -4444485
3.8963796324100e-04;   -4444485
3.8965629535900e-04;   -4444485
3.8967626479100e-04;   -4444485
3.8969459677300e-04;   -4444487
3.8971457014400e-04;   -4444487
3.8973289835900e-04;   -4444490
3.8975286768900e-04;   -4444490
3.8977286526700e-04;   -4444494
3.8979117335500e-04;   -4444494
3.8981116676200e-04;   -4444497
3.8982947484300e-04;   -4444497
3.8984946813200e-04;   -4444500
3.8986777208100e-04;   -4444500
3.8988776935400e-04;   -4444502
3.8990607729100e-04;   -4444502
3.8992607077400e-04;   -4444504
3.8994603997000e-04;   -4444504
3.8996437216700e-04;   -4444505
3.8998434154900e-04;   -4444505
3.9000267383700e-04;   -4444505
3.9002264716300e-04;   -4444505
3.9004097522800e-04;   -4444504
3.9006094463900e-04;   -4444504
3.9007927690900e-04;   -4444502
3.9009925015000e-04;   -4444502
3.9011757826800e-04;   -4444500
3.9013754764600e-04;   -4444500
3.9015754496400e-04;   -4444499
3.9017584915900e-04;   -4444499
3.9019584649300e-04;   -4444499
3.9021415467600e-04;   -4444499
3.9023414807700e-04;   -4444501
3.9025245206400e-04;   -4444501
3.9027244948700e-04;   -4444503
3.9029075758500e-04;   -4444503
3.9031075090800e-04;   -4444506
3.9032905897800e-04;   -4444506
3.9034905233800e-04;   -4444507
3.9036902173600e-04;   -4444507
3.9038735391600e-04;   -4444509
3.9040732726600e-04;   -4444509
3.9042565532500e-04;   -4444509
3.9044562455200e-04;   -4444509
3.9046395654800e-04;   -4444509
3.9048392598700e-04;   -4444509
3.9050225792400e-04;   -4444509
3.9052223124000e-04;   -4444509
3.9054055947800e-04;   -4444507
3.9056052878700e-04;   -4444507
3.9058052602500e-04;   -4444505
3.9059883404000e-04;   -4444505
3.9061882752900e-04;   -4444502
3.9063713166800e-04;   -4444502
3.9065712889800e-04;   -4444498
3.9067543304300e-04;   -4444498
3.9069543033300e-04;   -4444496
3.9071373828500e-04;   -4444496
3.9073373157800e-04;   -4444495
3.9075370078300e-04;   -4444495
3.9077203286000e-04;   -4444494
3.9079200629500e-04;   -4444494
3.9081033453500e-04;   -4444494
3.9083030797800e-04;   -4444494
3.9084863589100e-04;   -4444494
3.9086860518500e-04;   -4444494
3.9088693722100e-04;   -4444495
3.9090691063400e-04;   -4444495
3.9092523871200e-04;   -4444495
3.9094520791800e-04;   -4444495
3.9096520529600e-04;   -4444495
3.9098350930700e-04;   -4444495
3.9100350673200e-04;   -4444494
3.9102181488900e-04;   -4444494
3.9104180819000e-04;   -4444494
3.9106011222100e-04;   -4444494
3.9108010955600e-04;   -4444492
3.9109841760000e-04;   -4444492
3.9111841099300e-04;   -4444490
3.9113838033900e-04;   -4444490
3.9115671230200e-04;   -4444487
3.9117668158600e-04;   -4444487
3.9119501350700e-04;   -4444483
3.9121498690000e-04;   -4444483
3.9123331489500e-04;   -4444481
3.9125328421900e-04;   -4444481
3.9127161640400e-04;   -4444479
3.9129158969500e-04;   -4444479
3.9130991770000e-04;   -4444478
3.9132989117600e-04;   -4444478
3.9134821915500e-04;   -4444476
3.9136818858600e-04;   -4444476
3.9138818601500e-04;   -4444476
3.9140649401100e-04;   -4444476
3.9142648737600e-04;   -4444476
3.9144479155800e-04;   -4444476
3.9146478906800e-04;   -4444476
3.9148309312700e-04;   -4444476
3.9150309046100e-04;   -4444476
3.9152139846800e-04;   -4444476
3.9154139194900e-04;   -4444476
3.9156136131300e-04;   -4444476
3.9157969334800e-04;   -4444476
3.9159966680400e-04;   -4444476
3.9161799497800e-04;   -4444475
3.9163796418400e-04;   -4444475
3.9165629617300e-04;   -4444473
3.9167626555800e-04;   -4444473
3.9169459756900e-04;   -4444471
3.9171457082000e-04;   -4444471
3.9173289899300e-04;   -4444470
3.9175286837500e-04;   -4444470
3.9177286570200e-04;   -4444470
3.9179117370000e-04;   -4444470
3.9181116704100e-04;   -4444472
3.9182947512000e-04;   -4444472
3.9184946860200e-04;   -4444474
3.9186777269400e-04;   -4444474
3.9188776992800e-04;   -4444477
3.9190607799800e-04;   -4444477
3.9192607160300e-04;   -4444480
3.9194604079500e-04;   -4444480
3.9196437257700e-04;   -4444484
3.9198434200500e-04;   -4444484
3.9200267409100e-04;   -4444486
3.9202264748600e-04;   -4444486
3.9204097555400e-04;   -4444488
3.9206094499800e-04;   -4444488
3.9207927698900e-04;   -4444489
3.9209925029300e-04;   -4444489
3.9211757835900e-04;   -4444488
3.9213754758100e-04;   -4444488
3.9215754493900e-04;   -4444486
3.9217584902400e-04;   -4444486
3.9219584636900e-04;   -4444483
3.9221415451400e-04;   -4444483
3.9223414789800e-04;   -4444480
3.9225245207300e-04;   -4444480
3.9227244952300e-04;   -4444476
3.9229075756200e-04;   -4444476
3.9231075096500e-04;   -4444471
3.9232905923100e-04;   -4444471
3.9234905248200e-04;   -4444466
3.9236902179400e-04;   -4444466
3.9238735395700e-04;   -4444461
3.9240732716300e-04;   -4444461
3.9242565518100e-04;   -4444456
3.9244562458800e-04;   -4444456
3.9246395677100e-04;   -4444453
3.9248392596000e-04;   -4444453
3.9250225805400e-04;   -4444451
3.9252223147000e-04;   -4444451
3.9254055964800e-04;   -4444449
3.9256052898700e-04;   -4444449
3.9258052647300e-04;   -4444448
3.9259883443700e-04;   -4444448
3.9261882783900e-04;   -4444447
3.9263713182000e-04;   -4444447
3.9265712927400e-04;   -4444447
3.9267543324100e-04;   -4444447
3.9269543060000e-04;   -4444448
3.9271373859300e-04;   -4444448
3.9273373177900e-04;   -4444451
3.9275370116500e-04;   -4444451
3.9277203317600e-04;   -4444455
3.9279200648900e-04;   -4444455
3.9281033459000e-04;   -4444459
3.9283030789200e-04;   -4444459
3.9284863600000e-04;   -4444463
3.9286860534600e-04;   -4444463
3.9288693753700e-04;   -4444467
3.9290691089500e-04;   -4444467
3.9292523877100e-04;   -4444471
3.9294520823200e-04;   -4444471
3.9296520550900e-04;   -4444474
3.9298350968300e-04;   -4444474
3.9300350690000e-04;   -4444477
3.9302181492600e-04;   -4444477
3.9304180847400e-04;   -4444479
3.9306011261400e-04;   -4444479
3.9308010995900e-04;   -4444480
3.9309841812300e-04;   -4444480
3.9311841148900e-04;   -4444480
3.9313838091200e-04;   -4444480
3.9315671297000e-04;   -4444481
3.9317668229500e-04;   -4444481
3.9319501423600e-04;   -4444481
3.9321498756500e-04;   -4444481
3.9323331565000e-04;   -4444479
3.9325328499600e-04;   -4444479
3.9327161694300e-04;   -4444477
3.9329159041400e-04;   -4444477
3.9330991848100e-04;   -4444473
3.9332989163300e-04;   -4444473
3.9334821980900e-04;   -4444469
3.9336818914500e-04;   -4444469
3.9338818631100e-04;   -4444466
3.9340649447600e-04;   -4444466
3.9342648777400e-04;   -4444463
3.9344479170300e-04;   -4444463
3.9346478908700e-04;   -4444461
3.9348309313900e-04;   -4444461
3.9350309052400e-04;   -4444460
3.9352139855700e-04;   -4444460
3.9354139188000e-04;   -4444460
3.9356136120200e-04;   -4444460
3.9357969342200e-04;   -4444459
3.9359966664000e-04;   -4444459
3.9361799458200e-04;   -4444459
3.9363796409000e-04;   -4444459
3.9365629614900e-04;   -4444461
3.9367626555300e-04;   -4444461
3.9369459759800e-04;   -4444464
3.9371457103400e-04;   -4444464
3.9373289921000e-04;   -4444469
3.9375286840100e-04;   -4444469
3.9377286571200e-04;   -4444475
3.9379117362200e-04;   -4444475
3.9381116694100e-04;   -4444480
3.9382947504900e-04;   -4444480
3.9384946847400e-04;   -4444485
3.9386777257500e-04;   -4444485
3.9388776997600e-04;   -4444489
3.9390607818700e-04;   -4444489
3.9392607146000e-04;   -4444493
3.9394604073300e-04;   -4444493
3.9396437276700e-04;   -4444495
3.9398434212300e-04;   -4444495
3.9400267424200e-04;   -4444497
3.9402264756900e-04;   -4444497
3.9404097557300e-04;   -4444498
3.9406094494300e-04;   -4444498
3.9407927694300e-04;   -4444497
3.9409925038800e-04;   -4444497
3.9411757839000e-04;   -4444495
3.9413754758600e-04;   -4444495
3.9415754488000e-04;   -4444492
3.9417584883300e-04;   -4444492
3.9419584628800e-04;   -4444489
3.9421415433000e-04;   -4444489
3.9423414764400e-04;   -4444487
3.9425245167500e-04;   -4444487
3.9427244893700e-04;   -4444484
3.9429075710800e-04;   -4444484
3.9431075035100e-04;   -4444483
3.9432905839400e-04;   -4444483
3.9434905171300e-04;   -4444481
3.9436902109500e-04;   -4444481
3.9438735315500e-04;   -4444480
3.9440732654300e-04;   -4444480
3.9442565466000e-04;   -4444480
3.9444562421700e-04;   -4444480
3.9446395625800e-04;   -4444480
3.9448392545200e-04;   -4444480
3.9450225759500e-04;   -4444480
3.9452223100000e-04;   -4444480
3.9454055917600e-04;   -4444480
3.9456052833600e-04;   -4444480
3.9458052559200e-04;   -4444479
3.9459883344600e-04;   -4444479
3.9461882674600e-04;   -4444479
3.9463713083000e-04;   -4444479
3.9465712809900e-04;   -4444479
3.9467543215200e-04;   -4444479
3.9469542946800e-04;   -4444482
3.9471373743700e-04;   -4444482
3.9473373080100e-04;   -4444485
3.9475370011700e-04;   -4444485
3.9477203205100e-04;   -4444490
3.9479200562300e-04;   -4444490
3.9481033362400e-04;   -4444494
3.9483030699100e-04;   -4444494
3.9484863499500e-04;   -4444497
3.9486860440300e-04;   -4444497
3.9488693646000e-04;   -4444500
3.9490690999600e-04;   -4444500
3.9492523806300e-04;   -4444502
3.9494520742100e-04;   -4444502
3.9496520481000e-04;   -4444504
3.9498350892400e-04;   -4444504
3.9500350625400e-04;   -4444504
3.9502181431300e-04;   -4444504
3.9504180766700e-04;   -4444504
3.9506011172500e-04;   -4444504
3.9508010912500e-04;   -4444503
3.9509841722500e-04;   -4444503
3.9511841060300e-04;   -4444501
3.9513837982600e-04;   -4444501
3.9515671181900e-04;   -4444500
3.9517668119100e-04;   -4444500
3.9519501331700e-04;   -4444500
3.9521498661400e-04;   -4444500
3.9523331476800e-04;   -4444500
3.9525328403800e-04;   -4444500
3.9527161593900e-04;   -4444500
3.9529158928300e-04;   -4444500
3.9530991748200e-04;   -4444500
3.9532989084100e-04;   -4444500
3.9534821890100e-04;   -4444499
3.9536818822500e-04;   -4444499
3.9538818560700e-04;   -4444498
3.9540649373100e-04;   -4444498
3.9542648718100e-04;   -4444497
3.9544479137000e-04;   -4444497
3.9546478887300e-04;   -4444497
3.9548309278100e-04;   -4444497
3.9550309025300e-04;   -4444496
3.9552139834900e-04;   -4444496
3.9554139173300e-04;   -4444494
3.9556136123800e-04;   -4444494
3.9557969316500e-04;   -4444493
3.9559966640200e-04;   -4444493
3.9561799450000e-04;   -4444491
3.9563796371600e-04;   -4444491
3.9565629567800e-04;   -4444490
3.9567626507200e-04;   -4444490
3.9569459710700e-04;   -4444491
3.9571457046900e-04;   -4444491
3.9573289842800e-04;   -4444494
3.9575286785300e-04;   -4444494
3.9577286510600e-04;   -4444497
3.9579117319200e-04;   -4444497
3.9581116671900e-04;   -4444500
3.9582947476500e-04;   -4444500
3.9584946812600e-04;   -4444503
3.9586777217700e-04;   -4444503
3.9588776945800e-04;   -4444505
3.9590607753500e-04;   -4444505
3.9592607085000e-04;   -4444506
3.9594604023200e-04;   -4444506
3.9596437231000e-04;   -4444507
3.9598434166200e-04;   -4444507
3.9600267371600e-04;   -4444507
3.9602264725100e-04;   -4444507
3.9604097535600e-04;   -4444507
3.9606094471800e-04;   -4444507
3.9607927690400e-04;   -4444505
3.9609925036200e-04;   -4444505
3.9611757851300e-04;   -4444503
3.9613754778100e-04;   -4444503
3.9615754521800e-04;   -4444502
3.9617584944800e-04;   -4444502
3.9619584696200e-04;   -4444502
3.9621415494500e-04;   -4444502
3.9623414830700e-04;   -4444503
3.9625245231400e-04;   -4444503
3.9627244968300e-04;   -4444503
3.9629075780900e-04;   -4444503
3.9631075126700e-04;   -4444503
3.9632905936000e-04;   -4444503
3.9634905262700e-04;   -4444502
3.9636902205800e-04;   -4444502
3.9638735413000e-04;   -4444501
3.9640732745500e-04;   -4444501
3.9642565548300e-04;   -4444500
3.9644562482300e-04;   -4444500
3.9646395691600e-04;   -4444498
3.9648392646600e-04;   -4444498
3.9650225830200e-04;   -4444497
3.9652223177300e-04;   -4444497
3.9654055975100e-04;   -4444495
3.9656052920900e-04;   -4444495
3.9658052649100e-04;   -4444493
3.9659883456000e-04;   -4444493
3.9661882794200e-04;   -4444490
3.9663713192500e-04;   -4444490
3.9665712926400e-04;   -4444486
3.9667543352900e-04;   -4444486
3.9669543076300e-04;   -4444482
3.9671373877300e-04;   -4444482
3.9673373227400e-04;   -4444477
3.9675370162100e-04;   -4444477
3.9677203368800e-04;   -4444470
3.9679200697400e-04;   -4444470
3.9681033500800e-04;   -4444464
3.9683030844600e-04;   -4444464
3.9684863642200e-04;   -4444458
3.9686860565500e-04;   -4444458
3.9688693772200e-04;   -4444453
3.9690691106300e-04;   -4444453
3.9692523921800e-04;   -4444450
3.9694520842900e-04;   -4444450
3.9696520583900e-04;   -4444448
3.9698350986400e-04;   -4444448
3.9700350722800e-04;   -4444447
3.9702181516500e-04;   -4444447
3.9704180858500e-04;   -4444447
3.9706011264500e-04;   -4444447
3.9708010990400e-04;   -4444447
3.9709841809200e-04;   -4444447
3.9711841139700e-04;   -4444447
3.9713838074200e-04;   -4444447
3.9715671278700e-04;   -4444447
3.9717668238500e-04;   -4444447
3.9719501449900e-04;   -4444447
3.9721498781700e-04;   -4444447
3.9723331600100e-04;   -4444449
3.9725328523800e-04;   -4444449
3.9727161727400e-04;   -4444450
3.9729159050300e-04;   -4444450
3.9730991858100e-04;   -4444452
3.9732989199300e-04;   -4444452
3.9734822001600e-04;   -4444455
3.9736818945600e-04;   -4444455
3.9738818682200e-04;   -4444457
3.9740649499600e-04;   -4444457
3.9742648835500e-04;   -4444460
3.9744479231500e-04;   -4444460
3.9746478954900e-04;   -4444463
3.9748309362300e-04;   -4444463
3.9750309109000e-04;   -4444465
3.9752139915400e-04;   -4444465
3.9754139260000e-04;   -4444468
3.9756136184500e-04;   -4444468
3.9757969392700e-04;   -4444469
3.9759966737600e-04;   -4444469
3.9761799537300e-04;   -4444469
3.9763796483200e-04;   -4444469
3.9765629670300e-04;   -4444469
3.9767626608900e-04;   -4444469
3.9769459801900e-04;   -4444468
3.9771457138400e-04;   -4444468
3.9773289954700e-04;   -4444468
3.9775286892600e-04;   -4444468
3.9777286621500e-04;   -4444468
3.9779117435700e-04;   -4444468
3.9781116756700e-04;   -4444469
3.9782947570700e-04;   -4444469
3.9784946891800e-04;   -4444469
3.9786777298100e-04;   -4444469
3.9788777030800e-04;   -4444470
3.9790607841100e-04;   -4444470
3.9792607152100e-04;   -4444471
3.9794604095900e-04;   -4444471
3.9796437289800e-04;   -4444473
3.9798434217400e-04;   -4444473
3.9800267408600e-04;   -4444474
3.9802264744400e-04;   -4444474
3.9804097555000e-04;   -4444475
3.9806094471400e-04;   -4444475
3.9807927676400e-04;   -4444476
3.9809925021300e-04;   -4444476
3.9811757819400e-04;   -4444475
3.9813754761800e-04;   -4444475
3.9815754498800e-04;   -4444474
3.9817584910100e-04;   -4444474
3.9819584630300e-04;   -4444472
3.9821415457900e-04;   -4444472
3.9823414787400e-04;   -4444472
3.9825245199300e-04;   -4444472
3.9827244927900e-04;   -4444471
3.9829075729000e-04;   -4444471
3.9831075057700e-04;   -4444471
3.9832905868100e-04;   -4444471
3.9834905199600e-04;   -4444471
3.9836902126900e-04;   -4444471
3.9838735331900e-04;   -4444472
3.9840732674000e-04;   -4444472
3.9842565455500e-04;   -4444473
3.9844562400100e-04;   -4444473
3.9846395603400e-04;   -4444474
3.9848392542300e-04;   -4444474
3.9850225754600e-04;   -4444475
3.9852223081000e-04;   -4444475
3.9854055877200e-04;   -4444476
3.9856052840400e-04;   -4444476
3.9858052566600e-04;   -4444476
3.9859883361700e-04;   -4444476
3.9861882683800e-04;   -4444477
3.9863713087500e-04;   -4444477
3.9865712815300e-04;   -4444478
3.9867543230300e-04;   -4444478
3.9869542952200e-04;   -4444481
3.9871373753100e-04;   -4444481
3.9873373074100e-04;   -4444485
3.9875370019800e-04;   -4444485
3.9877203207100e-04;   -4444490
3.9879200538600e-04;   -4444490
3.9881033358500e-04;   -4444494
3.9883030685100e-04;   -4444494
3.9884863493100e-04;   -4444498
3.9886860425400e-04;   -4444498
3.9888693620500e-04;   -4444501
3.9890690934800e-04;   -4444501
3.9892523733000e-04;   -4444503
3.9894520677600e-04;   -4444503
3.9896520413800e-04;   -4444505
3.9898350810400e-04;   -4444505
3.9900350534200e-04;   -4444506
3.9902181352700e-04;   -4444506
3.9904180684500e-04;   -4444505
3.9906011086800e-04;   -4444505
3.9908010811900e-04;   -4444504
3.9909841620700e-04;   -4444504
3.9911840951400e-04;   -4444502
3.9913837880600e-04;   -4444502
3.9915671082800e-04;   -4444502
3.9917668028000e-04;   -4444502
3.9919501238400e-04;   -4444502
3.9921498579600e-04;   -4444502
3.9923331379400e-04;   -4444504
3.9925328305800e-04;   -4444504
3.9927161521200e-04;   -4444508
3.9929158855400e-04;   -4444508
3.9930991666400e-04;   -4444512
3.9932989003100e-04;   -4444512
3.9934821821200e-04;   -4444516
3.9936818752100e-04;   -4444516
3.9938818490900e-04;   -4444520
3.9940649303800e-04;   -4444520
3.9942648638700e-04;   -4444523
3.9944479061700e-04;   -4444523
3.9946478786900e-04;   -4444525
3.9948309197500e-04;   -4444525
3.9950308935700e-04;   -4444527
3.9952139737200e-04;   -4444527
3.9954139084200e-04;   -4444526
3.9956136018800e-04;   -4444526
3.9957969225300e-04;   -4444525
3.9959966548600e-04;   -4444525
3.9961799361000e-04;   -4444521
3.9963796290300e-04;   -4444521
3.9965629499100e-04;   -4444517
3.9967626416100e-04;   -4444517
3.9969459635600e-04;   -4444512
3.9971456965000e-04;   -4444512
3.9973289764900e-04;   -4444507
3.9975286696400e-04;   -4444507
3.9977286433200e-04;   -4444503
3.9979117236500e-04;   -4444503
3.9981116561400e-04;   -4444500
3.9982947379300e-04;   -4444500
3.9984946712000e-04;   -4444497
3.9986777125300e-04;   -4444497
3.9988776849500e-04;   -4444494
3.9990607659800e-04;   -4444494
3.9992606997800e-04;   -4444492
3.9994603936400e-04;   -4444492
3.9996437134800e-04;   -4444491
3.9998434077700e-04;   -4444491
4.0000267272500e-04;   -4444490
4.0002264611700e-04;   -4444490
4.0004097429300e-04;   -4444489
4.0006094359400e-04;   -4444489
4.0007927561700e-04;   -4444487
4.0009924898400e-04;   -4444487
4.0011757714800e-04;   -4444486
4.0013754635300e-04;   -4444486
4.0015754369600e-04;   -4444486
4.0017584763500e-04;   -4444486
4.0019584514300e-04;   -4444487
4.0021415309000e-04;   -4444487
4.0023414650900e-04;   -4444491
4.0025245062100e-04;   -4444491
4.0027244797400e-04;   -4444495
4.0029075597900e-04;   -4444495
4.0031074934300e-04;   -4444498
4.0032905733400e-04;   -4444498
4.0034905058200e-04;   -4444501
4.0036901993200e-04;   -4444501
4.0038735195800e-04;   -4444504
4.0040732547900e-04;   -4444504
4.0042565348200e-04;   -4444506
4.0044562272900e-04;   -4444506
4.0046395495000e-04;   -4444507
4.0048392422200e-04;   -4444507
4.0050225623800e-04;   -4444508
4.0052222971100e-04;   -4444508
4.0054055781200e-04;   -4444507
4.0056052724900e-04;   -4444507
4.0058052443300e-04;   -4444506
4.0059883251700e-04;   -4444506
4.0061882582400e-04;   -4444504
4.0063712991300e-04;   -4444504
4.0065712702800e-04;   -4444502
4.0067543119900e-04;   -4444502
4.0069542861000e-04;   -4444501
4.0071373651200e-04;   -4444501
4.0073372992500e-04;   -4444500
4.0075369922600e-04;   -4444500
4.0077203114600e-04;   -4444501
4.0079200448000e-04;   -4444501
4.0081033259500e-04;   -4444503
4.0083030599400e-04;   -4444503
4.0084863415200e-04;   -4444505
4.0086860343500e-04;   -4444505
4.0088693567700e-04;   -4444507
4.0090690895500e-04;   -4444507
4.0092523699600e-04;   -4444509
4.0094520651300e-04;   -4444509
4.0096520370000e-04;   -4444511
4.0098350771300e-04;   -4444511
4.0100350494400e-04;   -4444512
4.0102181314700e-04;   -4444512
4.0104180659600e-04;   -4444512
4.0106011074900e-04;   -4444512
4.0108010812600e-04;   -4444511
4.0109841605200e-04;   -4444511
4.0111840938700e-04;   -4444510
4.0113837880700e-04;   -4444510
4.0115671079600e-04;   -4444509
4.0117668027300e-04;   -4444509
4.0119501229200e-04;   -4444509
4.0121498570600e-04;   -4444509
4.0123331370600e-04;   -4444511
4.0125328309300e-04;   -4444511
4.0127161509900e-04;   -4444513
4.0129158843400e-04;   -4444513
4.0130991657600e-04;   -4444515
4.0132988975900e-04;   -4444515
4.0134821783600e-04;   -4444517
4.0136818705900e-04;   -4444517
4.0138818448300e-04;   -4444517
4.0140649262500e-04;   -4444517
4.0142648599800e-04;   -4444518
4.0144479003200e-04;   -4444518
4.0146478733900e-04;   -4444517
4.0148309158600e-04;   -4444517
4.0150308887700e-04;   -4444517
4.0152139710400e-04;   -4444517
4.0154139049500e-04;   -4444515
4.0156135984300e-04;   -4444515
4.0157969180900e-04;   -4444513
4.0159966528800e-04;   -4444513
4.0161799341800e-04;   -4444510
4.0163796287400e-04;   -4444510
4.0165629481500e-04;   -4444508
4.0167626427600e-04;   -4444508
4.0169459628200e-04;   -4444508
4.0171456960100e-04;   -4444508
4.0173289774800e-04;   -4444509
4.0175286711000e-04;   -4444509
4.0177286444400e-04;   -4444511
4.0179117242000e-04;   -4444511
4.0181116579000e-04;   -4444513
4.0182947387700e-04;   -4444513
4.0184946722000e-04;   -4444514
4.0186777121200e-04;   -4444514
4.0188776841000e-04;   -4444515
4.0190607650400e-04;   -4444515
4.0192606984600e-04;   -4444516
4.0194603910100e-04;   -4444516
4.0196437119300e-04;   -4444516
4.0198434075200e-04;   -4444516
4.0200267279300e-04;   -4444515
4.0202264608500e-04;   -4444515
4.0204097423100e-04;   -4444514
4.0206094374500e-04;   -4444514
4.0207927586900e-04;   -4444511
4.0209924931200e-04;   -4444511
4.0211757727900e-04;   -4444509
4.0213754667600e-04;   -4444509
4.0215754390800e-04;   -4444507
4.0217584803500e-04;   -4444507
4.0219584540800e-04;   -4444507
4.0221415336700e-04;   -4444507
4.0223414682100e-04;   -4444509
4.0225245078600e-04;   -4444509
4.0227244819000e-04;   -4444510
4.0229075641900e-04;   -4444510
4.0231074958500e-04;   -4444512
4.0232905758200e-04;   -4444512
4.0234905100800e-04;   -4444514
4.0236902018200e-04;   -4444514
4.0238735221400e-04;   -4444515
4.0240732552800e-04;   -4444515
4.0242565346800e-04;   -4444516
4.0244562277900e-04;   -4444516
4.0246395488000e-04;   -4444516
4.0248392424700e-04;   -4444516
4.0250225628900e-04;   -4444515
4.0252222960400e-04;   -4444515
4.0254055766300e-04;   -4444514
4.0256052694600e-04;   -4444514
4.0258052424200e-04;   -4444511
4.0259883234000e-04;   -4444511
4.0261882574900e-04;   -4444509
4.0263712981800e-04;   -4444509
4.0265712727400e-04;   -4444507
4.0267543130000e-04;   -4444507
4.0269542864200e-04;   -4444507
4.0271373669900e-04;   -4444507
4.0273373014600e-04;   -4444509
4.0275369952800e-04;   -4444509
4.0277203173400e-04;   -4444512
4.0279200502600e-04;   -4444512
4.0281033303100e-04;   -4444515
4.0283030639900e-04;   -4444515
4.0284863458700e-04;   -4444519
4.0286860400100e-04;   -4444519
4.0288693594800e-04;   -4444523
4.0290690951400e-04;   -4444523
4.0292523744300e-04;   -4444526
4.0294520691800e-04;   -4444526
4.0296520407300e-04;   -4444528
4.0298350817400e-04;   -4444528
4.0300350541400e-04;   -4444529
4.0302181346100e-04;   -4444529
4.0304180689200e-04;   -4444529
4.0306011076500e-04;   -4444529
4.0308010801700e-04;   -4444527
4.0309841602300e-04;   -4444527
4.0311840939600e-04;   -4444523
4.0313837878300e-04;   -4444523
4.0315671082200e-04;   -4444519
4.0317668007300e-04;   -4444519
4.0319501213600e-04;   -4444514
4.0321498559400e-04;   -4444514
4.0323331369700e-04;   -4444509
4.0325328310400e-04;   -4444509
4.0327161504800e-04;   -4444506
4.0329158846700e-04;   -4444506
4.0330991658800e-04;   -4444504
4.0332988980100e-04;   -4444504
4.0334821792400e-04;   -4444504
4.0336818723900e-04;   -4444504
4.0338818454300e-04;   -4444504
4.0340649281000e-04;   -4444504
4.0342648613200e-04;   -4444504
4.0344479024900e-04;   -4444504
4.0346478749700e-04;   -4444505
4.0348309172900e-04;   -4444505
4.0350308900800e-04;   -4444505
4.0352139702300e-04;   -4444505
4.0354139041200e-04;   -4444505
4.0356135984300e-04;   -4444505
4.0357969185600e-04;   -4444504
4.0359966519300e-04;   -4444504
4.0361799331700e-04;   -4444503
4.0363796251400e-04;   -4444503
4.0365629470700e-04;   -4444501
4.0367626404100e-04;   -4444501
4.0369459626800e-04;   -4444501
4.0371456962400e-04;   -4444501
4.0373289766100e-04;   -4444501
4.0375286700500e-04;   -4444501
4.0377286427500e-04;   -4444502
4.0379117241800e-04;   -4444502
4.0381116562100e-04;   -4444504
4.0382947368600e-04;   -4444504
4.0384946687700e-04;   -4444506
4.0386777101400e-04;   -4444506
4.0388776827400e-04;   -4444509
4.0390607623900e-04;   -4444509
4.0392606965100e-04;   -4444511
4.0394603916600e-04;   -4444511
4.0396437126200e-04;   -4444513
4.0398434051900e-04;   -4444513
4.0400267260000e-04;   -4444514
4.0402264586700e-04;   -4444514
4.0404097416300e-04;   -4444514
4.0406094345700e-04;   -4444514
4.0407927551300e-04;   -4444513
4.0409924884300e-04;   -4444513
4.0411757690900e-04;   -4444510
4.0413754611000e-04;   -4444510
4.0415754345400e-04;   -4444507
4.0417584761200e-04;   -4444507
4.0419584500100e-04;   -4444503
4.0421415305600e-04;   -4444503
4.0423414658800e-04;   -4444500
4.0425245068500e-04;   -4444500
4.0427244797200e-04;   -4444498
4.0429075608700e-04;   -4444498
4.0431074938000e-04;   -4444497
4.0432905743500e-04;   -4444497
4.0434905087000e-04;   -4444497
4.0436902022300e-04;   -4444497
4.0438735235100e-04;   -4444498
4.0440732569900e-04;   -4444498
4.0442565379300e-04;   -4444500
4.0444562305900e-04;   -4444500
4.0446395521600e-04;   -4444501
4.0448392467000e-04;   -4444501
4.0450225673500e-04;   -4444502
4.0452222995000e-04;   -4444502
4.0454055813500e-04;   -4444502
4.0456052745100e-04;   -4444502
4.0458052474700e-04;   -4444502
4.0459883276100e-04;   -4444502
4.0461882612400e-04;   -4444500
4.0463713005800e-04;   -4444500
4.0465712733200e-04;   -4444497
4.0467543146700e-04;   -4444497
4.0469542885800e-04;   -4444494
4.0471373675800e-04;   -4444494
4.0473373003100e-04;   -4444492
4.0475369942500e-04;   -4444492
4.0477203139200e-04;   -4444491
4.0479200473400e-04;   -4444491
4.0481033276700e-04;   -4444491
4.0483030603600e-04;   -4444491
4.0484863422400e-04;   -4444492
4.0486860371800e-04;   -4444492
4.0488693566500e-04;   -4444494
4.0490690898400e-04;   -4444494
4.0492523724300e-04;   -4444496
4.0494520649100e-04;   -4444496
4.0496520395200e-04;   -4444498
4.0498350804400e-04;   -4444498
4.0500350538400e-04;   -4444499
4.0502181349100e-04;   -4444499
4.0504180673400e-04;   -4444500
4.0506011074300e-04;   -4444500
4.0508010807400e-04;   -4444500
4.0509841632100e-04;   -4444500
4.0511840963700e-04;   -4444499
4.0513837887600e-04;   -4444499
4.0515671093600e-04;   -4444497
4.0517668021600e-04;   -4444497
4.0519501237700e-04;   -4444496
4.0521498567500e-04;   -4444496
4.0523331386400e-04;   -4444496
4.0525328317600e-04;   -4444496
4.0527161524100e-04;   -4444498
4.0529158865700e-04;   -4444498
4.0530991670100e-04;   -4444501
4.0532989002500e-04;   -4444501
4.0534821792500e-04;   -4444504
4.0536818728000e-04;   -4444504
4.0538818465400e-04;   -4444507
4.0540649281600e-04;   -4444507
4.0542648621300e-04;   -4444510
4.0544479047000e-04;   -4444510
4.0546478794300e-04;   -4444513
4.0548309206000e-04;   -4444513
4.0550308945700e-04;   -4444515
4.0552139740200e-04;   -4444515
4.0554139082200e-04;   -4444515
4.0556135998900e-04;   -4444515
4.0557969208600e-04;   -4444514
4.0559966564700e-04;   -4444514
4.0561799355800e-04;   -4444513
4.0563796290100e-04;   -4444513
4.0565629489800e-04;   -4444512
4.0567626415300e-04;   -4444512
4.0569459634200e-04;   -4444513
4.0571456948300e-04;   -4444513
4.0573289787300e-04;   -4444514
4.0575286696600e-04;   -4444514
4.0577286430600e-04;   -4444517
4.0579117236600e-04;   -4444517
4.0581116577900e-04;   -4444521
4.0582947387700e-04;   -4444521
4.0584946736400e-04;   -4444525
4.0586777133600e-04;   -4444525
4.0588776877800e-04;   -4444528
4.0590607705800e-04;   -4444528
4.0592607047600e-04;   -4444531
4.0594603986200e-04;   -4444531
4.0596437202900e-04;   -4444533
4.0598434127300e-04;   -4444533
4.0600267324500e-04;   -4444533
4.0602264669600e-04;   -4444533
4.0604097478300e-04;   -4444533
4.0606094406800e-04;   -4444533
4.0607927589000e-04;   -4444531
4.0609924928700e-04;   -4444531
4.0611757735700e-04;   -4444528
4.0613754667300e-04;   -4444528
4.0615754409000e-04;   -4444525
4.0617584829100e-04;   -4444525
4.0619584559000e-04;   -4444525
4.0621415364500e-04;   -4444525
4.0623414696300e-04;   -4444525
4.0625245097300e-04;   -4444525
4.0627244834100e-04;   -4444526
4.0629075651100e-04;   -4444526
4.0631074994800e-04;   -4444527
4.0632905813100e-04;   -4444527
4.0634905138200e-04;   -4444527
4.0636902085800e-04;   -4444527
4.0638735303400e-04;   -4444527
4.0640732632200e-04;   -4444527
4.0642565424600e-04;   -4444526
4.0644562371600e-04;   -4444526
4.0646395580200e-04;   -4444525
4.0648392520200e-04;   -4444525
4.0650225719300e-04;   -4444523
4.0652223057400e-04;   -4444523
4.0654055862500e-04;   -4444521
4.0656052800000e-04;   -4444521
4.0658052549500e-04;   -4444518
4.0659883363300e-04;   -4444518
4.0661882692800e-04;   -4444514
4.0663713108600e-04;   -4444514
4.0665712844700e-04;   -4444509
4.0667543246600e-04;   -4444509
4.0669542985800e-04;   -4444504
4.0671373803200e-04;   -4444504
4.0673373128000e-04;   -4444500
4.0675370055000e-04;   -4444500
4.0677203257000e-04;   -4444497
4.0679200597100e-04;   -4444497
4.0681033404400e-04;   -4444494
4.0683030736200e-04;   -4444494
4.0684863543000e-04;   -4444492
4.0686860476100e-04;   -4444492
4.0688693687700e-04;   -4444490
4.0690691023200e-04;   -4444490
4.0692523830300e-04;   -4444489
4.0694520758100e-04;   -4444489
4.0696520478900e-04;   -4444488
4.0698350883500e-04;   -4444488
4.0700350609700e-04;   -4444488
4.0702181396600e-04;   -4444488
4.0704180707500e-04;   -4444487
4.0706011115200e-04;   -4444487
4.0708010862200e-04;   -4444487
4.0709841680000e-04;   -4444487
4.0711841010800e-04;   -4444486
4.0713837953000e-04;   -4444486
4.0715671170100e-04;   -4444486
4.0717668096200e-04;   -4444486
4.0719501299600e-04;   -4444489
4.0721498610000e-04;   -4444489
4.0723331439100e-04;   -4444492
4.0725328361500e-04;   -4444492
4.0727161566400e-04;   -4444496
4.0729158923300e-04;   -4444496
4.0730991719200e-04;   -4444500
4.0732989043700e-04;   -4444500
4.0734821854600e-04;   -4444504
4.0736818796700e-04;   -4444504
4.0738818541000e-04;   -4444507
4.0740649340600e-04;   -4444507
4.0742648678500e-04;   -4444509
4.0744479075400e-04;   -4444509
4.0746478820600e-04;   -4444510
4.0748309238200e-04;   -4444510
4.0750308973500e-04;   -4444511
4.0752139800500e-04;   -4444511
4.0754139137800e-04;   -4444510
4.0756136085700e-04;   -4444510
4.0757969302700e-04;   -4444509
4.0759966648400e-04;   -4444509
4.0761799451900e-04;   -4444507
4.0763796366400e-04;   -4444507
4.0765629586000e-04;   -4444505
4.0767626516900e-04;   -4444505
4.0769459729100e-04;   -4444503
4.0771457059300e-04;   -4444503
4.0773289876800e-04;   -4444501
4.0775286830200e-04;   -4444501
4.0777286566400e-04;   -4444498
4.0779117364000e-04;   -4444498
4.0781116698300e-04;   -4444496
4.0782947494300e-04;   -4444496
4.0784946847200e-04;   -4444493
4.0786777262800e-04;   -4444493
4.0788777005000e-04;   -4444491
4.0790607808300e-04;   -4444491
4.0792607143700e-04;   -4444489
4.0794604082700e-04;   -4444489
4.0796437297800e-04;   -4444488
4.0798434221900e-04;   -4444488
4.0800267446500e-04;   -4444487
4.0802264782000e-04;   -4444487
4.0804097589100e-04;   -4444486
4.0806094518900e-04;   -4444486
4.0807927722000e-04;   -4444485
4.0809925059100e-04;   -4444485
4.0811757869900e-04;   -4444483
4.0813754792800e-04;   -4444483
4.0815754531400e-04;   -4444480
4.0817584931500e-04;   -4444480
4.0819584673800e-04;   -4444477
4.0821415485100e-04;   -4444477
4.0823414817800e-04;   -4444474
4.0825245230200e-04;   -4444474
4.0827244957100e-04;   -4444471
4.0829075768600e-04;   -4444471
4.0831075099400e-04;   -4444468
4.0832905916300e-04;   -4444468
4.0834905258900e-04;   -4444466
4.0836902185600e-04;   -4444466
4.0838735381000e-04;   -4444464
4.0840732712400e-04;   -4444464
4.0842565519700e-04;   -4444464
4.0844562456500e-04;   -4444464
4.0846395660700e-04;   -4444464
4.0848392593600e-04;   -4444464
4.0850225787600e-04;   -4444464
4.0852223107100e-04;   -4444464
4.0854055911600e-04;   -4444465
4.0856052840500e-04;   -4444465
4.0858052574200e-04;   -4444466
4.0859883386000e-04;   -4444466
4.0861882709600e-04;   -4444466
4.0863713122100e-04;   -4444466
4.0865712850300e-04;   -4444466
4.0867543263000e-04;   -4444466
4.0869542985500e-04;   -4444464
4.0871373806800e-04;   -4444464
4.0873373133400e-04;   -4444463
4.0875370072500e-04;   -4444463
4.0877203285600e-04;   -4444461
4.0879200607900e-04;   -4444461
4.0881033423200e-04;   -4444460
4.0883030740000e-04;   -4444460
4.0884863543100e-04;   -4444459
4.0886860482200e-04;   -4444459
4.0888693680200e-04;   -4444458
4.0890691032800e-04;   -4444458
4.0892523834000e-04;   -4444458
4.0894520764800e-04;   -4444458
4.0896520489700e-04;   -4444459
4.0898350887400e-04;   -4444459
4.0900350623700e-04;   -4444461
4.0902181417700e-04;   -4444461
4.0904180737600e-04;   -4444462
4.0906011147400e-04;   -4444462
4.0908010878100e-04;   -4444464
4.0909841695500e-04;   -4444464
4.0911841029400e-04;   -4444465
4.0913837950700e-04;   -4444465
4.0915671152200e-04;   -4444468
4.0917668074500e-04;   -4444468
4.0919501283700e-04;   -4444472
4.0921498605000e-04;   -4444472
4.0923331415100e-04;   -4444478
4.0925328357500e-04;   -4444478
4.0927161589700e-04;   -4444484
4.0929158923800e-04;   -4444484
4.0930991740400e-04;   -4444489
4.0932989080400e-04;   -4444489
4.0934821889900e-04;   -4444494
4.0936818818600e-04;   -4444494
4.0938818562100e-04;   -4444499
4.0940649349600e-04;   -4444499
4.0942648676600e-04;   -4444502
4.0944479089800e-04;   -4444502
4.0946478810100e-04;   -4444504
4.0948309215300e-04;   -4444504
4.0950308942100e-04;   -4444506
4.0952139755800e-04;   -4444506
4.0954139093700e-04;   -4444507
4.0956136031400e-04;   -4444507
4.0957969237300e-04;   -4444506
4.0959966589500e-04;   -4444506
4.0961799404200e-04;   -4444505
4.0963796359200e-04;   -4444505
4.0965629558400e-04;   -4444505
4.0967626482700e-04;   -4444505
4.0969459691600e-04;   -4444506
4.0971457036000e-04;   -4444506
4.0973289834500e-04;   -4444508
4.0975286764600e-04;   -4444508
4.0977286497700e-04;   -4444511
4.0979117308300e-04;   -4444511
4.0981116623000e-04;   -4444513
4.0982947444100e-04;   -4444513
4.0984946771200e-04;   -4444515
4.0986777188200e-04;   -4444515
4.0988776923000e-04;   -4444517
4.0990607729600e-04;   -4444517
4.0992607054400e-04;   -4444518
4.0994603997100e-04;   -4444518
4.0996437200500e-04;   -4444518
4.0998434143500e-04;   -4444518
4.1000267358700e-04;   -4444518
4.1002264698500e-04;   -4444518
4.1004097507100e-04;   -4444517
4.1006094429400e-04;   -4444517
4.1007927659000e-04;   -4444514
4.1009924997000e-04;   -4444514
4.1011757793900e-04;   -4444512
4.1013754717200e-04;   -4444512
4.1015754445500e-04;   -4444510
4.1017584842800e-04;   -4444510
4.1019584586600e-04;   -4444508
4.1021415401500e-04;   -4444508
4.1023414737600e-04;   -4444507
4.1025245151700e-04;   -4444507
4.1027244889800e-04;   -4444507
4.1029075685500e-04;   -4444507
4.1031075031300e-04;   -4444509
4.1032905844300e-04;   -4444509
4.1034905180000e-04;   -4444511
4.1036902104500e-04;   -4444511
4.1038735322600e-04;   -4444513
4.1040732644400e-04;   -4444513
4.1042565458500e-04;   -4444515
4.1044562385100e-04;   -4444515
4.1046395601700e-04;   -4444517
4.1048392527400e-04;   -4444517
4.1050225732600e-04;   -4444518
4.1052223080100e-04;   -4444518
4.1054055881100e-04;   -4444518
4.1056052816000e-04;   -4444518
4.1058052551700e-04;   -4444516
4.1059883352700e-04;   -4444516
4.1061882664900e-04;   -4444515
4.1063713081100e-04;   -4444515
4.1065712826200e-04;   -4444513
4.1067543235800e-04;   -4444513
4.1069542988400e-04;   -4444511
4.1071373786300e-04;   -4444511
4.1073373115400e-04;   -4444511
4.1075370049700e-04;   -4444511
4.1077203254200e-04;   -4444510
4.1079200578100e-04;   -4444510
4.1081033382600e-04;   -4444510
4.1083030719600e-04;   -4444510
4.1084863524800e-04;   -4444509
4.1086860451200e-04;   -4444509
4.1088693662200e-04;   -4444509
4.1090690995000e-04;   -4444509
4.1092523809900e-04;   -4444508
4.1094520733000e-04;   -4444508
4.1096520457400e-04;   -4444507
4.1098350858400e-04;   -4444507
4.1100350602200e-04;   -4444506
4.1102181410800e-04;   -4444506
4.1104180739700e-04;   -4444505
4.1106011139000e-04;   -4444505
4.1108010886800e-04;   -4444503
4.1109841711500e-04;   -4444503
4.1111841046500e-04;   -4444501
4.1113837983500e-04;   -4444501
4.1115671188700e-04;   -4444500
4.1117668140600e-04;   -4444500
4.1119501348200e-04;   -4444501
4.1121498701000e-04;   -4444501
4.1123331500100e-04;   -4444504
4.1125328407300e-04;   -4444504
4.1127161615500e-04;   -4444507
4.1129158958500e-04;   -4444507
4.1130991779800e-04;   -4444510
4.1132989116000e-04;   -4444510
4.1134821936100e-04;   -4444512
4.1136818860000e-04;   -4444512
4.1138818588400e-04;   -4444514
4.1140649402600e-04;   -4444514
4.1142648724100e-04;   -4444515
4.1144479143600e-04;   -4444515
4.1146478882000e-04;   -4444516
4.1148309284700e-04;   -4444516
4.1150309018400e-04;   -4444516
4.1152139828500e-04;   -4444516
4.1154139154000e-04;   -4444515
4.1156136076100e-04;   -4444515
4.1157969286400e-04;   -4444513
4.1159966610000e-04;   -4444513
4.1161799419100e-04;   -4444510
4.1163796356600e-04;   -4444510
4.1165629564100e-04;   -4444506
4.1167626511600e-04;   -4444506
4.1169459727400e-04;   -4444502
4.1171457068300e-04;   -4444502
4.1173289866000e-04;   -4444499
4.1175286806800e-04;   -4444499
4.1177286532600e-04;   -4444497
4.1179117342500e-04;   -4444497
4.1181116675800e-04;   -4444497
4.1182947477600e-04;   -4444497
4.1184946816700e-04;   -4444497
4.1186777212100e-04;   -4444497
4.1188776938400e-04;   -4444499
4.1190607735000e-04;   -4444499
4.1192607063100e-04;   -4444500
4.1194603994200e-04;   -4444500
4.1196437213200e-04;   -4444502
4.1198434140100e-04;   -4444502
4.1200267343500e-04;   -4444503
4.1202264672000e-04;   -4444503
4.1204097475400e-04;   -4444504
4.1206094396100e-04;   -4444504
4.1207927611000e-04;   -4444504
4.1209924948300e-04;   -4444504
4.1211757748800e-04;   -4444503
4.1213754690900e-04;   -4444503
4.1215754412400e-04;   -4444503
4.1217584823200e-04;   -4444503
4.1219584561000e-04;   -4444505
4.1221415377500e-04;   -4444505
4.1223414711100e-04;   -4444508
4.1225245108700e-04;   -4444508
4.1227244845700e-04;   -4444511
4.1229075657000e-04;   -4444511
4.1231074984400e-04;   -4444514
4.1232905778400e-04;   -4444514
4.1234905119700e-04;   -4444516
4.1236902053300e-04;   -4444516
4.1238735246900e-04;   -4444518
4.1240732591100e-04;   -4444518
4.1242565394700e-04;   -4444519
4.1244562328000e-04;   -4444519
4.1246395528600e-04;   -4444519
4.1248392468200e-04;   -4444519
4.1250225681200e-04;   -4444519
4.1252223004100e-04;   -4444519
4.1254055809400e-04;   -4444518
4.1256052755300e-04;   -4444518
4.1258052489100e-04;   -4444516
4.1259883287900e-04;   -4444516
4.1261882627900e-04;   -4444513
4.1263713046200e-04;   -4444513
4.1265712788200e-04;   -4444511
4.1267543196000e-04;   -4444511
4.1269542924800e-04;   -4444509
4.1271373732000e-04;   -4444509
4.1273373060600e-04;   -4444508
4.1275370015900e-04;   -4444508
4.1277203235900e-04;   -4444508
4.1279200565600e-04;   -4444508
4.1281033371400e-04;   -4444507
4.1283030722800e-04;   -4444507
4.1284863516700e-04;   -4444507
4.1286860455500e-04;   -4444507
4.1288693658000e-04;   -4444507
4.1290690988500e-04;   -4444507
4.1292523795900e-04;   -4444506
4.1294520735400e-04;   -4444506
4.1296520480300e-04;   -4444506
4.1298350882200e-04;   -4444506
4.1300350601500e-04;   -4444505
4.1302181387000e-04;   -4444505
4.1304180721400e-04;   -4444504
4.1306011128800e-04;   -4444504
4.1308010874700e-04;   -4444502
4.1309841682600e-04;   -4444502
4.1311841022200e-04;   -4444500
4.1313837936900e-04;   -4444500
4.1315671153000e-04;   -4444497
4.1317668078100e-04;   -4444497
4.1319501293800e-04;   -4444493
4.1321498628600e-04;   -4444493
4.1323331417500e-04;   -4444491
4.1325328364200e-04;   -4444491
4.1327161561400e-04;   -4444490
4.1329158891300e-04;   -4444490
4.1330991700100e-04;   -4444490
4.1332989028300e-04;   -4444490
4.1334821840800e-04;   -4444492
4.1336818789400e-04;   -4444492
4.1338818526900e-04;   -4444494
4.1340649332600e-04;   -4444494
4.1342648656000e-04;   -4444496
4.1344479080200e-04;   -4444496
4.1346478813900e-04;   -4444498
4.1348309226500e-04;   -4444498
4.1350308940600e-04;   -4444500
4.1352139746200e-04;   -4444500
4.1354139085700e-04;   -4444502
4.1356136011200e-04;   -4444502
4.1357969222300e-04;   -4444502
4.1359966547400e-04;   -4444502
4.1361799348800e-04;   -4444501
4.1363796291500e-04;   -4444501
4.1365629500100e-04;   -4444499
4.1367626430800e-04;   -4444499
4.1369459633900e-04;   -4444499
4.1371456974800e-04;   -4444499
4.1373289778300e-04;   -4444499
4.1375286722900e-04;   -4444499
4.1377286443100e-04;   -4444500
4.1379117241600e-04;   -4444500
4.1381116567500e-04;   -4444501
4.1382947380200e-04;   -4444501
4.1384946714100e-04;   -4444502
4.1386777114400e-04;   -4444502
4.1388776849600e-04;   -4444503
4.1390607646200e-04;   -4444503
4.1392606996200e-04;   -4444504
4.1394603937300e-04;   -4444504
4.1396437148800e-04;   -4444504
4.1398434080400e-04;   -4444504
4.1400267286400e-04;   -4444505
4.1402264627300e-04;   -4444505
4.1404097435100e-04;   -4444504
4.1406094360400e-04;   -4444504
4.1407927569200e-04;   -4444503
4.1409924908100e-04;   -4444503
4.1411757713600e-04;   -4444502
4.1413754653100e-04;   -4444502
4.1415754380100e-04;   -4444500
4.1417584780500e-04;   -4444500
4.1419584497400e-04;   -4444500
4.1421415308800e-04;   -4444500
4.1423414647900e-04;   -4444500
4.1425245036300e-04;   -4444500
4.1427244787200e-04;   -4444502
4.1429075576300e-04;   -4444502
4.1431074916200e-04;   -4444504
4.1432905709200e-04;   -4444504
4.1434905054900e-04;   -4444507
4.1436902010500e-04;   -4444507
4.1438735202800e-04;   -4444510
4.1440732541800e-04;   -4444510
4.1442565353200e-04;   -4444513
4.1444562289900e-04;   -4444513
4.1446395495500e-04;   -4444515
4.1448392434100e-04;   -4444515
4.1450225638800e-04;   -4444516
4.1452222962400e-04;   -4444516
4.1454055776400e-04;   -4444517
4.1456052706900e-04;   -4444517
4.1458052450800e-04;   -4444516
4.1459883257800e-04;   -4444516
4.1461882596100e-04;   -4444515
4.1463713007200e-04;   -4444515
4.1465712747400e-04;   -4444514
4.1467543141200e-04;   -4444514
4.1469542888300e-04;   -4444514
4.1471373684000e-04;   -4444514
4.1473373014900e-04;   -4444514
4.1475369948700e-04;   -4444514
4.1477203142400e-04;   -4444515
4.1479200478400e-04;   -4444515
4.1481033274500e-04;   -4444516
4.1483030629400e-04;   -4444516
4.1484863447300e-04;   -4444518
4.1486860387900e-04;   -4444518
4.1488693591000e-04;   -4444519
4.1490690915700e-04;   -4444519
4.1492523734800e-04;   -4444521
4.1494520665000e-04;   -4444521
4.1496520375900e-04;   -4444521
4.1498350782300e-04;   -4444521
4.1500350521100e-04;   -4444522
4.1502181313400e-04;   -4444522
4.1504180656000e-04;   -4444521
4.1506011072400e-04;   -4444521
4.1508010821300e-04;   -4444519
4.1509841609900e-04;   -4444519
4.1511840939600e-04;   -4444517
4.1513837896500e-04;   -4444517
4.1515671112700e-04;   -4444516
4.1517668038900e-04;   -4444516
4.1519501248600e-04;   -4444516
4.1521498585700e-04;   -4444516
4.1523331393500e-04;   -4444518
4.1525328346800e-04;   -4444518
4.1527161551900e-04;   -4444520
4.1529158884700e-04;   -4444520
4.1530991694800e-04;   -4444522
4.1532989035500e-04;   -4444522
4.1534821841700e-04;   -4444523
4.1536818770400e-04;   -4444523
4.1538818512500e-04;   -4444524
4.1540649313300e-04;   -4444524
4.1542648644800e-04;   -4444524
4.1544479064400e-04;   -4444524
4.1546478798400e-04;   -4444524
4.1548309193000e-04;   -4444524
4.1550308939300e-04;   -4444523
4.1552139732100e-04;   -4444523
4.1554139057200e-04;   -4444522
4.1556135998700e-04;   -4444522
4.1557969208100e-04;   -4444519
4.1559966560400e-04;   -4444519
4.1561799352400e-04;   -4444516
4.1563796293600e-04;   -4444516
4.1565629496000e-04;   -4444511
4.1567626435900e-04;   -4444511
4.1569459657400e-04;   -4444507
4.1571456995400e-04;   -4444507
4.1573289801200e-04;   -4444503
4.1575286726000e-04;   -4444503
4.1577286486500e-04;   -4444501
4.1579117282100e-04;   -4444501
4.1581116630400e-04;   -4444500
4.1582947442000e-04;   -4444500
4.1584946761000e-04;   -4444500
4.1586777182600e-04;   -4444500
4.1588776886900e-04;   -4444501
4.1590607706800e-04;   -4444501
4.1592607032700e-04;   -4444503
4.1594603963600e-04;   -4444503
4.1596437178900e-04;   -4444504
4.1598434121800e-04;   -4444504
4.1600267324800e-04;   -4444506
4.1602264652100e-04;   -4444506
4.1604097462300e-04;   -4444506
4.1606094397200e-04;   -4444506
4.1607927604900e-04;   -4444506
4.1609924956100e-04;   -4444506
4.1611757762000e-04;   -4444504
4.1613754699400e-04;   -4444504
4.1615754434300e-04;   -4444502
4.1617584848600e-04;   -4444502
4.1619584585400e-04;   -4444498
4.1621415396600e-04;   -4444498
4.1623414727300e-04;   -4444494
4.1625245137100e-04;   -4444494
4.1627244867100e-04;   -4444490
4.1629075665300e-04;   -4444490
4.1631075014000e-04;   -4444486
4.1632905816100e-04;   -4444486
4.1634905159100e-04;   -4444482
4.1636902095800e-04;   -4444482
4.1638735301200e-04;   -4444479
4.1640732633400e-04;   -4444479
4.1642565431800e-04;   -4444477
4.1644562373700e-04;   -4444477
4.1646395586300e-04;   -4444476
4.1648392520700e-04;   -4444476
4.1650225706000e-04;   -4444476
4.1652223018700e-04;   -4444476
4.1654055831500e-04;   -4444476
4.1656052772700e-04;   -4444476
4.1658052507900e-04;   -4444475
4.1659883305500e-04;   -4444475
4.1661882630700e-04;   -4444475
4.1663713029600e-04;   -4444475
4.1665712761000e-04;   -4444474
4.1667543169300e-04;   -4444474
4.1669542893500e-04;   -4444473
4.1671373704300e-04;   -4444473
4.1673373039700e-04;   -4444472
4.1675369974900e-04;   -4444472
4.1677203172500e-04;   -4444473
4.1679200499100e-04;   -4444473
4.1681033303000e-04;   -4444473
4.1683030638400e-04;   -4444473
4.1684863455900e-04;   -4444474
4.1686860383700e-04;   -4444474
4.1688693591900e-04;   -4444476
4.1690690928400e-04;   -4444476
4.1692523739400e-04;   -4444477
4.1694520641000e-04;   -4444477
4.1696520380100e-04;   -4444479
4.1698350772200e-04;   -4444479
4.1700350509100e-04;   -4444481
4.1702181305600e-04;   -4444481
4.1704180649600e-04;   -4444482
4.1706011049500e-04;   -4444482
4.1708010784000e-04;   -4444483
4.1709841591500e-04;   -4444483
4.1711840930600e-04;   -4444484
4.1713837860200e-04;   -4444484
4.1715671078800e-04;   -4444485
4.1717668005500e-04;   -4444485
4.1719501202500e-04;   -4444488
4.1721498529700e-04;   -4444488
4.1723331337600e-04;   -4444493
4.1725328259400e-04;   -4444493
4.1727161462500e-04;   -4444499
4.1729158802400e-04;   -4444499
4.1730991593500e-04;   -4444505
4.1732988940200e-04;   -4444505
4.1734821744200e-04;   -4444512
4.1736818684700e-04;   -4444512
4.1738818414800e-04;   -4444517
4.1740649221800e-04;   -4444517
4.1742648553100e-04;   -4444522
4.1744478958600e-04;   -4444522
4.1746478698400e-04;   -4444526
4.1748309101700e-04;   -4444526
4.1750308809000e-04;   -4444528
4.1752139624300e-04;   -4444528
4.1754138965500e-04;   -4444529
4.1756135919000e-04;   -4444529
4.1757969124700e-04;   -4444528
4.1759966454700e-04;   -4444528
4.1761799262800e-04;   -4444527
4.1763796200200e-04;   -4444527
4.1765629421800e-04;   -4444526
4.1767626341000e-04;   -4444526
4.1769459543200e-04;   -4444526
4.1771456874200e-04;   -4444526
4.1773289682400e-04;   -4444527
4.1775286612900e-04;   -4444527
4.1777286334200e-04;   -4444528
4.1779117145100e-04;   -4444528
4.1781116482300e-04;   -4444530
4.1782947267100e-04;   -4444530
4.1784946590700e-04;   -4444530
4.1786777008200e-04;   -4444530
4.1788776747400e-04;   -4444531
4.1790607539800e-04;   -4444531
4.1792606860800e-04;   -4444530
4.1794603812800e-04;   -4444530
4.1796437030400e-04;   -4444529
4.1798433957800e-04;   -4444529
4.1800267159700e-04;   -4444528
4.1802264487000e-04;   -4444528
4.1804097283300e-04;   -4444526
4.1806094226500e-04;   -4444526
4.1807927427100e-04;   -4444523
4.1809924765700e-04;   -4444523
4.1811757580300e-04;   -4444520
4.1813754509800e-04;   -4444520
4.1815754247900e-04;   -4444518
4.1817584659700e-04;   -4444518
4.1819584397800e-04;   -4444517
4.1821415204500e-04;   -4444517
4.1823414557300e-04;   -4444519
4.1825244942900e-04;   -4444519
4.1827244688400e-04;   -4444521
4.1829075486100e-04;   -4444521
4.1831074825500e-04;   -4444525
4.1832905639000e-04;   -4444525
4.1834904964700e-04;   -4444528
4.1836901899600e-04;   -4444528
4.1838735122400e-04;   -4444532
4.1840732467600e-04;   -4444532
4.1842565266600e-04;   -4444535
4.1844562202500e-04;   -4444535
4.1846395405600e-04;   -4444537
4.1848392358300e-04;   -4444537
4.1850225567500e-04;   -4444537
4.1852222911700e-04;   -4444537
4.1854055729200e-04;   -4444537
4.1856052667000e-04;   -4444537
4.1858052400500e-04;   -4444535
4.1859883219100e-04;   -4444535
4.1861882545500e-04;   -4444532
4.1863712941200e-04;   -4444532
4.1865712666000e-04;   -4444530
4.1867543082100e-04;   -4444530
4.1869542810100e-04;   -4444530
4.1871373604100e-04;   -4444530
4.1873372930400e-04;   -4444530
4.1875369877900e-04;   -4444530
4.1877203088900e-04;   -4444532
4.1879200430800e-04;   -4444532
4.1881033238600e-04;   -4444535
4.1883030582700e-04;   -4444535
4.1884863391100e-04;   -4444538
4.1886860341800e-04;   -4444538
4.1888693546400e-04;   -4444540
4.1890690877000e-04;   -4444540
4.1892523683400e-04;   -4444542
4.1894520610400e-04;   -4444542
4.1896520351600e-04;   -4444543
4.1898350753800e-04;   -4444543
4.1900350494100e-04;   -4444543
4.1902181295600e-04;   -4444543
4.1904180619700e-04;   -4444542
4.1906011025400e-04;   -4444542
4.1908010761900e-04;   -4444539
4.1909841570900e-04;   -4444539
4.1911840902700e-04;   -4444536
4.1913837828200e-04;   -4444536
4.1915671032500e-04;   -4444534
4.1917667942500e-04;   -4444534
4.1919501142600e-04;   -4444532
4.1921498469600e-04;   -4444532
4.1923331272800e-04;   -4444533
4.1925328197800e-04;   -4444533
4.1927161408600e-04;   -4444534
4.1929158741600e-04;   -4444534
4.1930991564400e-04;   -4444537
4.1932988895400e-04;   -4444537
4.1934821699700e-04;   -4444539
4.1936818651800e-04;   -4444539
4.1938818398600e-04;   -4444541
4.1940649209100e-04;   -4444541
4.1942648516800e-04;   -4444543
4.1944478943700e-04;   -4444543
4.1946478669200e-04;   -4444544
4.1948309075900e-04;   -4444544
4.1950308813700e-04;   -4444544
4.1952139614700e-04;   -4444544
4.1954138941100e-04;   -4444543
4.1956135873700e-04;   -4444543
4.1957969086400e-04;   -4444540
4.1959966424100e-04;   -4444540
4.1961799243200e-04;   -4444537
4.1963796188800e-04;   -4444537
4.1965629396000e-04;   -4444534
4.1967626329200e-04;   -4444534
4.1969459525000e-04;   -4444533
4.1971456849500e-04;   -4444533
4.1973289662000e-04;   -4444533
4.1975286612400e-04;   -4444533
4.1977286332100e-04;   -4444534
4.1979117145900e-04;   -4444534
4.1981116480800e-04;   -4444537
4.1982947286400e-04;   -4444537
4.1984946624000e-04;   -4444539
4.1986777049700e-04;   -4444539
4.1988776764400e-04;   -4444542
4.1990607573500e-04;   -4444542
4.1992606910100e-04;   -4444543
4.1994603856500e-04;   -4444543
4.1996437063300e-04;   -4444544
4.1998434003800e-04;   -4444544
4.2000267228100e-04;   -4444544
4.2002264561400e-04;   -4444544
4.2004097373800e-04;   -4444543
4.2006094321000e-04;   -4444543
4.2007927531300e-04;   -4444540
4.2009924865100e-04;   -4444540
4.2011757663500e-04;   -4444537
4.2013754584200e-04;   -4444537
4.2015754322400e-04;   -4444534
4.2017584732800e-04;   -4444534
4.2019584475200e-04;   -4444533
4.2021415296600e-04;   -4444533
4.2023414619800e-04;   -4444533
4.2025245038200e-04;   -4444533
4.2027244766300e-04;   -4444535
4.2029075569100e-04;   -4444535
4.2031074880500e-04;   -4444537
4.2032905685100e-04;   -4444537
4.2034905022600e-04;   -4444540
4.2036901963300e-04;   -4444540
4.2038735168100e-04;   -4444542
4.2040732502700e-04;   -4444542
4.2042565308100e-04;   -4444544
4.2044562237200e-04;   -4444544
4.2046395443200e-04;   -4444544
4.2048392389300e-04;   -4444544
4.2050225598500e-04;   -4444544
4.2052222921400e-04;   -4444544
4.2054055722200e-04;   -4444543
4.2056052669900e-04;   -4444543
4.2058052384500e-04;   -4444540
4.2059883168500e-04;   -4444540
4.2061882513500e-04;   -4444537
4.2063712913500e-04;   -4444537
4.2065712633300e-04;   -4444535
4.2067543036600e-04;   -4444535
4.2069542788100e-04;   -4444533
4.2071373592300e-04;   -4444533
4.2073372914600e-04;   -4444533
4.2075369852000e-04;   -4444533
4.2077203063700e-04;   -4444535
4.2079200410900e-04;   -4444535
4.2081033217500e-04;   -4444537
4.2083030549300e-04;   -4444537
4.2084863362400e-04;   -4444540
4.2086860291300e-04;   -4444540
4.2088693514400e-04;   -4444542
4.2090690855800e-04;   -4444542
4.2092523661400e-04;   -4444544
4.2094520612000e-04;   -4444544
4.2096520345000e-04;   -4444545
4.2098350741800e-04;   -4444545
4.2100350484200e-04;   -4444545
4.2102181291600e-04;   -4444545
4.2104180619500e-04;   -4444543
4.2106011041200e-04;   -4444543
4.2108010773500e-04;   -4444541
4.2109841565300e-04;   -4444541
4.2111840914300e-04;   -4444536
4.2113837856400e-04;   -4444536
4.2115671019900e-04;   -4444531
4.2117667962100e-04;   -4444531
4.2119501174900e-04;   -4444526
4.2121498506300e-04;   -4444526
4.2123331326000e-04;   -4444521
4.2125328252300e-04;   -4444521
4.2127161477900e-04;   -4444516
4.2129158803900e-04;   -4444516
4.2130991609300e-04;   -4444512
4.2132988944800e-04;   -4444512
4.2134821742500e-04;   -4444509
4.2136818685600e-04;   -4444509
4.2138818423300e-04;   -4444506
4.2140649234700e-04;   -4444506
4.2142648563500e-04;   -4444504
4.2144478967300e-04;   -4444504
4.2146478709900e-04;   -4444502
4.2148309134400e-04;   -4444502
4.2150308866800e-04;   -4444501
4.2152139685000e-04;   -4444501
4.2154139021700e-04;   -4444500
4.2156135961300e-04;   -4444500
4.2157969166000e-04;   -4444498
4.2159966498100e-04;   -4444498
4.2161799302900e-04;   -4444497
4.2163796239600e-04;   -4444497
4.2165629450000e-04;   -4444497
4.2167626386200e-04;   -4444497
4.2169459602900e-04;   -4444498
4.2171456955900e-04;   -4444498
4.2173289752400e-04;   -4444502
4.2175286688900e-04;   -4444502
4.2177286427600e-04;   -4444506
4.2179117225500e-04;   -4444506
4.2181116548900e-04;   -4444512
4.2182947369800e-04;   -4444512
4.2184946708900e-04;   -4444517
4.2186777117000e-04;   -4444517
4.2188776834300e-04;   -4444523
4.2190607646600e-04;   -4444523
4.2192606998200e-04;   -4444527
4.2194603936000e-04;   -4444527
4.2196437137500e-04;   -4444530
4.2198434063600e-04;   -4444530
4.2200267272800e-04;   -4444532
4.2202264599600e-04;   -4444532
4.2204097385500e-04;   -4444533
4.2206094328300e-04;   -4444533
4.2207927537700e-04;   -4444532
4.2209924877700e-04;   -4444532
4.2211757692700e-04;   -4444530
4.2213754637500e-04;   -4444530
4.2215754350300e-04;   -4444529
4.2217584757300e-04;   -4444529
4.2219584499700e-04;   -4444528
4.2221415312700e-04;   -4444528
4.2223414646500e-04;   -4444530
4.2225245067000e-04;   -4444530
4.2227244810600e-04;   -4444532
4.2229075611700e-04;   -4444532
4.2231074936000e-04;   -4444535
4.2232905752800e-04;   -4444535
4.2234905093400e-04;   -4444538
4.2236902022700e-04;   -4444538
4.2238735217500e-04;   -4444541
4.2240732574000e-04;   -4444541
4.2242565385000e-04;   -4444543
4.2244562320200e-04;   -4444543
4.2246395520000e-04;   -4444544
4.2248392441500e-04;   -4444544
4.2250225640900e-04;   -4444544
4.2252222966500e-04;   -4444544
4.2254055785200e-04;   -4444543
4.2256052719900e-04;   -4444543
4.2258052448200e-04;   -4444541
4.2259883275500e-04;   -4444541
4.2261882604900e-04;   -4444537
4.2263713000100e-04;   -4444537
4.2265712726300e-04;   -4444535
4.2267543134500e-04;   -4444535
4.2269542880100e-04;   -4444534
4.2271373670000e-04;   -4444534
4.2273372995900e-04;   -4444534
4.2275369919500e-04;   -4444534
4.2277203141900e-04;   -4444536
4.2279200486300e-04;   -4444536
4.2281033295600e-04;   -4444538
4.2283030634500e-04;   -4444538
4.2284863461500e-04;   -4444541
4.2286860395100e-04;   -4444541
4.2288693623900e-04;   -4444543
4.2290690955700e-04;   -4444543
4.2292523767600e-04;   -4444545
4.2294520693100e-04;   -4444545
4.2296520423800e-04;   -4444546
4.2298350832500e-04;   -4444546
4.2300350549200e-04;   -4444546
4.2302181369400e-04;   -4444546
4.2304180725800e-04;   -4444544
4.2306011138300e-04;   -4444544
4.2308010876400e-04;   -4444542
4.2309841687400e-04;   -4444542
4.2311841010600e-04;   -4444538
4.2313837932000e-04;   -4444538
4.2315671130600e-04;   -4444536
4.2317668070000e-04;   -4444536
4.2319501284800e-04;   -4444535
4.2321498627700e-04;   -4444535
4.2323331431300e-04;   -4444535
4.2325328364500e-04;   -4444535
4.2327161577600e-04;   -4444535
4.2329158925100e-04;   -4444535
4.2330991735100e-04;   -4444536
4.2332989062700e-04;   -4444536
4.2334821884500e-04;   -4444536
4.2336818820500e-04;   -4444536
4.2338818569300e-04;   -4444536
4.2340649348000e-04;   -4444536
4.2342648692200e-04;   -4444535
4.2344479115500e-04;   -4444535
4.2346478853900e-04;   -4444534
4.2348309255600e-04;   -4444534
4.2350308997800e-04;   -4444532
4.2352139808700e-04;   -4444532
4.2354139143500e-04;   -4444530
4.2356136097300e-04;   -4444530
4.2357969313400e-04;   -4444527
4.2359966638900e-04;   -4444527
4.2361799432600e-04;   -4444523
4.2363796364700e-04;   -4444523
4.2365629566400e-04;   -4444520
4.2367626502800e-04;   -4444520
4.2369459710100e-04;   -4444518
4.2371457048200e-04;   -4444518
4.2373289846900e-04;   -4444517
4.2375286782600e-04;   -4444517
4.2377286496400e-04;   -4444516
4.2379117302000e-04;   -4444516
4.2381116652100e-04;   -4444517
4.2382947469200e-04;   -4444517
4.2384946800900e-04;   -4444519
4.2386777200700e-04;   -4444519
4.2388776937600e-04;   -4444521
4.2390607740300e-04;   -4444521
4.2392607077300e-04;   -4444523
4.2394604027200e-04;   -4444523
4.2396437226900e-04;   -4444524
4.2398434164100e-04;   -4444524
4.2400267373400e-04;   -4444525
4.2402264700300e-04;   -4444525
4.2404097517900e-04;   -4444525
4.2406094447600e-04;   -4444525
4.2407927668700e-04;   -4444524
4.2409924998200e-04;   -4444524
4.2411757834900e-04;   -4444522
4.2413754761900e-04;   -4444522
4.2415754496800e-04;   -4444521
4.2417584911700e-04;   -4444521
4.2419584653800e-04;   -4444521
4.2421415465900e-04;   -4444521
4.2423414778200e-04;   -4444523
4.2425245193800e-04;   -4444523
4.2427244950500e-04;   -4444525
4.2429075758800e-04;   -4444525
4.2431075094200e-04;   -4444526
4.2432905902700e-04;   -4444526
4.2434905249500e-04;   -4444525
4.2436902196300e-04;   -4444525
4.2438735400900e-04;   -4444524
4.2440732723700e-04;   -4444524
4.2442565536700e-04;   -4444522
4.2444562472400e-04;   -4444522
4.2446395682600e-04;   -4444519
4.2448392629100e-04;   -4444519
4.2450225821200e-04;   -4444516
4.2452223167800e-04;   -4444516
4.2454055986100e-04;   -4444513
4.2456052921400e-04;   -4444513
4.2458052651300e-04;   -4444509
4.2459883443200e-04;   -4444509
4.2461882785000e-04;   -4444506
4.2463713187500e-04;   -4444506
4.2465712912100e-04;   -4444503
4.2467543320000e-04;   -4444503
4.2469543056800e-04;   -4444501
4.2471373868000e-04;   -4444501
4.2473373226000e-04;   -4444499
4.2475370151900e-04;   -4444499
4.2477203366000e-04;   -4444496
4.2479200714500e-04;   -4444496
4.2481033526900e-04;   -4444494
4.2483030860700e-04;   -4444494
4.2484863673700e-04;   -4444492
4.2486860605600e-04;   -4444492
4.2488693804400e-04;   -4444491
4.2490691147600e-04;   -4444491
4.2492523956500e-04;   -4444490
4.2494520874700e-04;   -4444490
4.2496520627100e-04;   -4444489
4.2498351017700e-04;   -4444489
4.2500350759500e-04;   -4444489
4.2502181554300e-04;   -4444489
4.2504180896200e-04;   -4444489
4.2506011301400e-04;   -4444489
4.2508011042600e-04;   -4444489
4.2509841843000e-04;   -4444489
4.2511841187400e-04;   -4444487
4.2513838123600e-04;   -4444487
4.2515671339900e-04;   -4444486
4.2517668273100e-04;   -4444486
4.2519501480900e-04;   -4444484
4.2521498812300e-04;   -4444484
4.2523331607300e-04;   -4444483
4.2525328551700e-04;   -4444483
4.2527161751800e-04;   -4444483
4.2529159099500e-04;   -4444483
4.2530991895200e-04;   -4444483
4.2532989238300e-04;   -4444483
4.2534822031600e-04;   -4444483
4.2536818955400e-04;   -4444483
4.2538818695800e-04;   -4444484
4.2540649512400e-04;   -4444484
4.2542648831800e-04;   -4444485
4.2544479238000e-04;   -4444485
4.2546478984600e-04;   -4444486
4.2548309396200e-04;   -4444486
4.2550309116900e-04;   -4444488
4.2552139932200e-04;   -4444488
4.2554139259600e-04;   -4444489
4.2556136194400e-04;   -4444489
4.2557969404300e-04;   -4444489
4.2559966759400e-04;   -4444489
4.2561799578200e-04;   -4444488
4.2563796501500e-04;   -4444488
4.2565629712800e-04;   -4444487
4.2567626632600e-04;   -4444487
4.2569459848000e-04;   -4444485
4.2571457182400e-04;   -4444485
4.2573289985000e-04;   -4444481
4.2575286921200e-04;   -4444481
4.2577286650700e-04;   -4444477
4.2579117470600e-04;   -4444477
4.2581116800000e-04;   -4444471
4.2582947597300e-04;   -4444471
4.2584946932500e-04;   -4444464
4.2586777346200e-04;   -4444464
4.2588777060700e-04;   -4444458
4.2590607877100e-04;   -4444458
4.2592607212500e-04;   -4444453
4.2594604135400e-04;   -4444453
4.2596437342900e-04;   -4444449
4.2598434291400e-04;   -4444449
4.2600267491800e-04;   -4444447
4.2602264830900e-04;   -4444447
4.2604097632300e-04;   -4444446
4.2606094576400e-04;   -4444446
4.2607927782000e-04;   -4444445
4.2609925102100e-04;   -4444445
4.2611757921000e-04;   -4444445
4.2613754859900e-04;   -4444445
4.2615754606900e-04;   -4444446
4.2617585003600e-04;   -4444446
4.2619584724900e-04;   -4444448
4.2621415534600e-04;   -4444448
4.2623414868000e-04;   -4444451
4.2625245274500e-04;   -4444451
4.2627245003200e-04;   -4444454
4.2629075816000e-04;   -4444454
4.2631075140000e-04;   -4444456
4.2632905943600e-04;   -4444456
4.2634905266900e-04;   -4444457
4.2636902214100e-04;   -4444457
4.2638735420200e-04;   -4444458
4.2640732767900e-04;   -4444458
4.2642565563200e-04;   -4444458
4.2644562496700e-04;   -4444458
4.2646395715000e-04;   -4444459
4.2648392647500e-04;   -4444459
4.2650225858500e-04;   -4444461
4.2652223188000e-04;   -4444461
4.2654056000000e-04;   -4444462
4.2656052928900e-04;   -4444462
4.2658052663400e-04;   -4444463
4.2659883471000e-04;   -4444463
4.2661882804200e-04;   -4444464
4.2663713209400e-04;   -4444464
4.2665712935200e-04;   -4444466
4.2667543337800e-04;   -4444466
4.2669543070500e-04;   -4444468
4.2671373885500e-04;   -4444468
4.2673373223200e-04;   -4444470
4.2675370137400e-04;   -4444470
4.2677203348000e-04;   -4444471
4.2679200675800e-04;   -4444471
4.2681033471600e-04;   -4444472
4.2683030798900e-04;   -4444472
4.2684863595400e-04;   -4444471
4.2686860520300e-04;   -4444471
4.2688693726600e-04;   -4444470
4.2690691061600e-04;   -4444470
4.2692523878400e-04;   -4444469
4.2694520798100e-04;   -4444469
4.2696520540300e-04;   -4444468
4.2698350933200e-04;   -4444468
4.2700350661600e-04;   -4444468
4.2702181476000e-04;   -4444468
4.2704180805700e-04;   -4444468
4.2706011203100e-04;   -4444468
4.2708010943700e-04;   -4444468
4.2709841737800e-04;   -4444468
4.2711841088900e-04;   -4444467
4.2713838020900e-04;   -4444467
4.2715671231800e-04;   -4444466
4.2717668150500e-04;   -4444466
4.2719501346600e-04;   -4444465
4.2721498687100e-04;   -4444465
4.2723331495100e-04;   -4444464
4.2725328435000e-04;   -4444464
4.2727161633700e-04;   -4444462
4.2729158971000e-04;   -4444462
4.2730991763900e-04;   -4444461
4.2732989087300e-04;   -4444461
4.2734821882300e-04;   -4444458
4.2736818814000e-04;   -4444458
4.2738818543700e-04;   -4444456
4.2740649344600e-04;   -4444456
4.2742648671400e-04;   -4444454
4.2744479084600e-04;   -4444454
4.2746478803500e-04;   -4444453
4.2748309198400e-04;   -4444453
4.2750308937300e-04;   -4444453
4.2752139745400e-04;   -4444453
4.2754139092700e-04;   -4444454
4.2756136030600e-04;   -4444454
4.2757969239600e-04;   -4444455
4.2759966575300e-04;   -4444455
4.2761799389700e-04;   -4444456
4.2763796308700e-04;   -4444456
4.2765629510700e-04;   -4444458
4.2767626453700e-04;   -4444458
4.2769459654000e-04;   -4444461
4.2771456981200e-04;   -4444461
4.2773289796300e-04;   -4444466
4.2775286729700e-04;   -4444466
4.2777286480300e-04;   -4444470
4.2779117282500e-04;   -4444470
4.2781116624700e-04;   -4444475
4.2782947430400e-04;   -4444475
4.2784946752100e-04;   -4444479
4.2786777146000e-04;   -4444479
4.2788776864000e-04;   -4444483
4.2790607657000e-04;   -4444483
4.2792606991100e-04;   -4444487
4.2794603911200e-04;   -4444487
4.2796437124300e-04;   -4444490
4.2798434057800e-04;   -4444490
4.2800267269500e-04;   -4444493
4.2802264605800e-04;   -4444493
4.2804097418600e-04;   -4444495
4.2806094357000e-04;   -4444495
4.2807927556300e-04;   -4444495
4.2809924899500e-04;   -4444495
4.2811757711000e-04;   -4444496
4.2813754642400e-04;   -4444496
4.2815754381900e-04;   -4444497
4.2817584779600e-04;   -4444497
4.2819584518700e-04;   -4444500
4.2821415335100e-04;   -4444500
4.2823414671200e-04;   -4444504
4.2825245075300e-04;   -4444504
4.2827244830100e-04;   -4444509
4.2829075616700e-04;   -4444509
4.2831074962200e-04;   -4444512
4.2832905777000e-04;   -4444512
4.2834905112100e-04;   -4444513
4.2836902035800e-04;   -4444513
4.2838735233700e-04;   -4444514
4.2840732575000e-04;   -4444514
4.2842565364700e-04;   -4444513
4.2844562321800e-04;   -4444513
4.2846395518500e-04;   -4444512
4.2848392467900e-04;   -4444512
4.2850225675800e-04;   -4444510
4.2852223001200e-04;   -4444510
4.2854055805200e-04;   -4444508
4.2856052724900e-04;   -4444508
4.2858052460700e-04;   -4444506
4.2859883274800e-04;   -4444506
4.2861882604400e-04;   -4444502
4.2863712996700e-04;   -4444502
4.2865712736800e-04;   -4444499
4.2867543139200e-04;   -4444499
4.2869542857400e-04;   -4444495
4.2871373668000e-04;   -4444495
4.2873373004200e-04;   -4444493
4.2875369955800e-04;   -4444493
4.2877203173800e-04;   -4444491
4.2879200497000e-04;   -4444491
4.2881033295800e-04;   -4444490
4.2883030642100e-04;   -4444490
4.2884863454900e-04;   -4444489
4.2886860380900e-04;   -4444489
4.2888693578200e-04;   -4444489
4.2890690907900e-04;   -4444489
4.2892523715600e-04;   -4444489
4.2894520661600e-04;   -4444489
4.2896520401200e-04;   -4444490
4.2898350805700e-04;   -4444490
4.2900350546600e-04;   -4444491
4.2902181349200e-04;   -4444491
4.2904180696700e-04;   -4444491
4.2906011108500e-04;   -4444491
4.2908010837200e-04;   -4444492
4.2909841638000e-04;   -4444492
4.2911840985300e-04;   -4444492
4.2913837933200e-04;   -4444492
4.2915671135900e-04;   -4444493
4.2917668081800e-04;   -4444493
4.2919501281000e-04;   -4444496
4.2921498601300e-04;   -4444496
4.2923331407600e-04;   -4444500
4.2925328342100e-04;   -4444500
4.2927161558100e-04;   -4444506
4.2929158883500e-04;   -4444506
4.2930991674900e-04;   -4444512
4.2932989025900e-04;   -4444512
4.2934821822500e-04;   -4444518
4.2936818754200e-04;   -4444518
4.2938818497900e-04;   -4444524
4.2940649301200e-04;   -4444524
4.2942648651200e-04;   -4444529
4.2944479043900e-04;   -4444529
4.2946478782800e-04;   -4444532
4.2948309184100e-04;   -4444532
4.2950308931500e-04;   -4444535
4.2952139737300e-04;   -4444535
4.2954139085600e-04;   -4444535
4.2956136023700e-04;   -4444535
4.2957969228400e-04;   -4444535
4.2959966565200e-04;   -4444535
4.2961799370800e-04;   -4444533
4.2963796295700e-04;   -4444533
4.2965629498700e-04;   -4444532
4.2967626453300e-04;   -4444532
4.2969459656600e-04;   -4444532
4.2971457002100e-04;   -4444532
4.2973289806700e-04;   -4444533
4.2975286753900e-04;   -4444533
4.2977286483700e-04;   -4444534
4.2979117289200e-04;   -4444534
4.2981116625300e-04;   -4444536
4.2982947429300e-04;   -4444536
4.2984946752300e-04;   -4444536
4.2986777150700e-04;   -4444536
4.2988776892000e-04;   -4444537
4.2990607704200e-04;   -4444537
4.2992607032200e-04;   -4444536
4.2994603970200e-04;   -4444536
4.2996437188300e-04;   -4444535
4.2998434115800e-04;   -4444535
4.3000267316500e-04;   -4444534
4.3002264672700e-04;   -4444534
4.3004097485800e-04;   -4444532
4.3006094417600e-04;   -4444532
4.3007927639700e-04;   -4444529
4.3009924981700e-04;   -4444529
4.3011757801200e-04;   -4444526
4.3013754734300e-04;   -4444526
4.3015754455000e-04;   -4444523
4.3017584881300e-04;   -4444523
4.3019584600100e-04;   -4444521
4.3021415422800e-04;   -4444521
4.3023414742100e-04;   -4444519
4.3025245151200e-04;   -4444519
4.3027244895200e-04;   -4444518
4.3029075695600e-04;   -4444518
4.3031075025300e-04;   -4444518
4.3032905849800e-04;   -4444518
4.3034905193100e-04;   -4444517
4.3036902118200e-04;   -4444517
4.3038735335000e-04;   -4444516
4.3040732668700e-04;   -4444516
4.3042565472800e-04;   -4444516
4.3044562407700e-04;   -4444516
4.3046395631700e-04;   -4444515
4.3048392552400e-04;   -4444515
4.3050225771100e-04;   -4444514
4.3052223118200e-04;   -4444514
4.3054055925000e-04;   -4444513
4.3056052866000e-04;   -4444513
4.3058052607200e-04;   -4444512
4.3059883414200e-04;   -4444512
4.3061882760000e-04;   -4444509
4.3063713164000e-04;   -4444509
4.3065712895700e-04;   -4444506
4.3067543324300e-04;   -4444506
4.3069543060000e-04;   -4444501
4.3071373869400e-04;   -4444501
4.3073373201100e-04;   -4444497
4.3075370133600e-04;   -4444497
4.3077203351800e-04;   -4444493
4.3079200675500e-04;   -4444493
4.3081033466600e-04;   -4444489
4.3083030803100e-04;   -4444489
4.3084863619100e-04;   -4444485
4.3086860545100e-04;   -4444485
4.3088693739600e-04;   -4444483
4.3090691068500e-04;   -4444483
4.3092523877600e-04;   -4444481
4.3094520817900e-04;   -4444481
4.3096520541500e-04;   -4444480
4.3098350937000e-04;   -4444480
4.3100350671500e-04;   -4444480
4.3102181478200e-04;   -4444480
4.3104180815600e-04;   -4444480
4.3106011222600e-04;   -4444480
4.3108010955000e-04;   -4444481
4.3109841766200e-04;   -4444481
4.3111841104300e-04;   -4444480
4.3113838049200e-04;   -4444480
4.3115671246200e-04;   -4444479
4.3117668179000e-04;   -4444479
4.3119501384000e-04;   -4444478
4.3121498711800e-04;   -4444478
4.3123331528700e-04;   -4444479
4.3125328472900e-04;   -4444479
4.3127161680800e-04;   -4444479
4.3129159016800e-04;   -4444479
4.3130991810700e-04;   -4444480
4.3132989130200e-04;   -4444480
4.3134821956800e-04;   -4444481
4.3136818865000e-04;   -4444481
4.3138818604600e-04;   -4444482
4.3140649420300e-04;   -4444482
4.3142648760000e-04;   -4444484
4.3144479158000e-04;   -4444484
4.3146478909600e-04;   -4444486
4.3148309308800e-04;   -4444486
4.3150309029100e-04;   -4444488
4.3152139836600e-04;   -4444488
4.3154139172400e-04;   -4444489
4.3156136118700e-04;   -4444489
4.3157969328400e-04;   -4444490
4.3159966648300e-04;   -4444490
4.3161799451200e-04;   -4444490
4.3163796393800e-04;   -4444490
4.3165629587900e-04;   -4444489
4.3167626527500e-04;   -4444489
4.3169459742400e-04;   -4444487
4.3171457066700e-04;   -4444487
4.3173289891300e-04;   -4444484
4.3175286819500e-04;   -4444484
4.3177286556600e-04;   -4444482
4.3179117359100e-04;   -4444482
4.3181116694800e-04;   -4444479
4.3182947490900e-04;   -4444479
4.3184946824100e-04;   -4444477
4.3186777218900e-04;   -4444477
4.3188776956000e-04;   -4444476
4.3190607757400e-04;   -4444476
4.3192607108500e-04;   -4444475
4.3194604029200e-04;   -4444475
4.3196437228600e-04;   -4444476
4.3198434155900e-04;   -4444476
4.3200267362200e-04;   -4444476
4.3202264702300e-04;   -4444476
4.3204097493000e-04;   -4444477
4.3206094434900e-04;   -4444477
4.3207927645100e-04;   -4444478
4.3209924976400e-04;   -4444478
4.3211757770100e-04;   -4444479
4.3213754708700e-04;   -4444479
4.3215754444400e-04;   -4444481
4.3217584877400e-04;   -4444481
4.3219584616100e-04;   -4444485
4.3221415412700e-04;   -4444485
4.3223414734600e-04;   -4444491
4.3225245140100e-04;   -4444491
4.3227244868600e-04;   -4444496
4.3229075663700e-04;   -4444496
4.3231074993500e-04;   -4444502
4.3232905781900e-04;   -4444502
4.3234905131400e-04;   -4444507
4.3236902057200e-04;   -4444507
4.3238735258800e-04;   -4444511
4.3240732593200e-04;   -4444511
4.3242565398800e-04;   -4444514
4.3244562338100e-04;   -4444514
4.3246395543100e-04;   -4444516
4.3248392480300e-04;   -4444516
4.3250225678100e-04;   -4444518
4.3252223009900e-04;   -4444518
4.3254055810700e-04;   -4444518
4.3256052727300e-04;   -4444518
4.3258052462900e-04;   -4444518
4.3259883270800e-04;   -4444518
4.3261882622600e-04;   -4444517
4.3263713043300e-04;   -4444517
4.3265712793800e-04;   -4444515
4.3267543184000e-04;   -4444515
4.3269542922000e-04;   -4444514
4.3271373738900e-04;   -4444514
4.3273373080200e-04;   -4444514
4.3275370000700e-04;   -4444514
4.3277203196900e-04;   -4444515
4.3279200537500e-04;   -4444515
4.3281033329800e-04;   -4444517
4.3283030664100e-04;   -4444517
4.3284863452600e-04;   -4444520
4.3286860399400e-04;   -4444520
4.3288693613500e-04;   -4444522
4.3290690942500e-04;   -4444522
4.3292523768100e-04;   -4444525
4.3294520715100e-04;   -4444525
4.3296520439300e-04;   -4444527
4.3298350838700e-04;   -4444527
4.3300350571300e-04;   -4444528
4.3302181384800e-04;   -4444528
4.3304180714000e-04;   -4444528
4.3306011133100e-04;   -4444528
4.3308010865200e-04;   -4444527
4.3309841662600e-04;   -4444527
4.3311840989100e-04;   -4444524
4.3313837926800e-04;   -4444524
4.3315671143100e-04;   -4444522
4.3317668080900e-04;   -4444522
4.3319501292000e-04;   -4444520
4.3321498638900e-04;   -4444520
4.3323331442600e-04;   -4444519
4.3325328377400e-04;   -4444519
4.3327161578500e-04;   -4444519
4.3329158920900e-04;   -4444519
4.3330991723700e-04;   -4444519
4.3332989055900e-04;   -4444519
4.3334821862400e-04;   -4444519
4.3336818794100e-04;   -4444519
4.3338818522500e-04;   -4444519
4.3340649348600e-04;   -4444519
4.3342648683600e-04;   -4444518
4.3344479107200e-04;   -4444518
4.3346478845300e-04;   -4444518
4.3348309246600e-04;   -4444518
4.3350308982800e-04;   -4444518
4.3352139792200e-04;   -4444518
4.3354139136000e-04;   -4444517
4.3356136067000e-04;   -4444517
4.3357969273100e-04;   -4444515
4.3359966603600e-04;   -4444515
4.3361799424300e-04;   -4444513
4.3363796352300e-04;   -4444513
4.3365629555400e-04;   -4444513
4.3367626492800e-04;   -4444513
4.3369459686400e-04;   -4444514
4.3371457031700e-04;   -4444514
4.3373289834300e-04;   -4444516
4.3375286779600e-04;   -4444516
4.3377286514700e-04;   -4444520
4.3379117315000e-04;   -4444520
4.3381116658800e-04;   -4444525
4.3382947460800e-04;   -4444525
4.3384946806100e-04;   -4444530
4.3386777210200e-04;   -4444530
4.3388776937500e-04;   -4444534
4.3390607728000e-04;   -4444534
4.3392607046400e-04;   -4444538
4.3394603980400e-04;   -4444538
4.3396437191300e-04;   -4444540
4.3398434092500e-04;   -4444540
4.3400267309800e-04;   -4444542
4.3402264648500e-04;   -4444542
4.3404097450100e-04;   -4444542
4.3406094384300e-04;   -4444542
4.3407927583100e-04;   -4444540
4.3409924926600e-04;   -4444540
4.3411757715300e-04;   -4444537
4.3413754668600e-04;   -4444537
4.3415754399400e-04;   -4444534
4.3417584805800e-04;   -4444534
4.3419584525400e-04;   -4444531
4.3421415308100e-04;   -4444531
4.3423414653600e-04;   -4444529
4.3425245061000e-04;   -4444529
4.3427244785700e-04;   -4444528
4.3429075579900e-04;   -4444528
4.3431074904900e-04;   -4444527
4.3432905717900e-04;   -4444527
4.3434905054000e-04;   -4444526
4.3436902001300e-04;   -4444526
4.3438735209700e-04;   -4444525
4.3440732550000e-04;   -4444525
4.3442565367800e-04;   -4444524
4.3444562317200e-04;   -4444524
4.3446395529300e-04;   -4444523
4.3448392474500e-04;   -4444523
4.3450225676500e-04;   -4444522
4.3452223011900e-04;   -4444522
4.3454055812700e-04;   -4444520
4.3456052742400e-04;   -4444520
4.3458052495100e-04;   -4444518
4.3459883300300e-04;   -4444518
4.3461882639100e-04;   -4444516
4.3463713044900e-04;   -4444516
4.3465712764100e-04;   -4444515
4.3467543169400e-04;   -4444515
4.3469542912400e-04;   -4444515
4.3471373729300e-04;   -4444515
4.3473373068000e-04;   -4444515
4.3475369996500e-04;   -4444515
4.3477203186900e-04;   -4444516
4.3479200510200e-04;   -4444516
4.3481033329600e-04;   -4444518
4.3483030660900e-04;   -4444518
4.3484863474100e-04;   -4444521
4.3486860417800e-04;   -4444521
4.3488693625300e-04;   -4444523
4.3490690963000e-04;   -4444523
4.3492523789300e-04;   -4444525
4.3494520705400e-04;   -4444525
4.3496520443900e-04;   -4444526
4.3498350850700e-04;   -4444526
4.3500350598500e-04;   -4444527
4.3502181420100e-04;   -4444527
4.3504180747600e-04;   -4444527
4.3506011138500e-04;   -4444527
4.3508010895200e-04;   -4444526
4.3509841714200e-04;   -4444526
4.3511841040400e-04;   -4444524
4.3513837986800e-04;   -4444524
4.3515671182700e-04;   -4444521
4.3517668142500e-04;   -4444521
4.3519501344100e-04;   -4444519
4.3521498696700e-04;   -4444519
4.3523331512800e-04;   -4444518
4.3525328439800e-04;   -4444518
4.3527161664900e-04;   -4444519
4.3529158993300e-04;   -4444519
4.3530991795300e-04;   -4444521
4.3532989108300e-04;   -4444521
4.3534821901200e-04;   -4444524
4.3536818843700e-04;   -4444524
4.3538818593300e-04;   -4444526
4.3540649405200e-04;   -4444526
4.3542648744000e-04;   -4444529
4.3544479151900e-04;   -4444529
4.3546478913000e-04;   -4444531
4.3548309321500e-04;   -4444531
4.3550309038200e-04;   -4444532
4.3552139854800e-04;   -4444532
4.3554139186900e-04;   -4444532
4.3556136107600e-04;   -4444532
4.3557969328000e-04;   -4444531
4.3559966642600e-04;   -4444531
4.3561799438300e-04;   -4444529
4.3563796394300e-04;   -4444529
4.3565629578900e-04;   -4444527
4.3567626522500e-04;   -4444527
4.3569459734200e-04;   -4444526
4.3571457064900e-04;   -4444526
4.3573289877200e-04;   -4444525
4.3575286811100e-04;   -4444525
4.3577286539700e-04;   -4444524
4.3579117354300e-04;   -4444524
4.3581116691500e-04;   -4444524
4.3582947518400e-04;   -4444524
4.3584946859800e-04;   -4444523
4.3586777247900e-04;   -4444523
4.3588776957800e-04;   -4444522
4.3590607761000e-04;   -4444522
4.3592607110800e-04;   -4444521
4.3594604061500e-04;   -4444521
4.3596437245000e-04;   -4444520
4.3598434191000e-04;   -4444520
4.3600267393500e-04;   -4444520
4.3602264730300e-04;   -4444520
4.3604097545500e-04;   -4444518
4.3606094505800e-04;   -4444518
4.3607927721100e-04;   -4444516
4.3609925051200e-04;   -4444516
4.3611757839800e-04;   -4444513
4.3613754797800e-04;   -4444513
4.3615754534500e-04;   -4444510
4.3617584938800e-04;   -4444510
4.3619584678200e-04;   -4444506
4.3621415479700e-04;   -4444506
4.3623414817500e-04;   -4444504
4.3625245230600e-04;   -4444504
4.3627244961900e-04;   -4444502
4.3629075778000e-04;   -4444502
4.3631075121200e-04;   -4444499
4.3632905919700e-04;   -4444499
4.3634905243900e-04;   -4444496
4.3636902185500e-04;   -4444496
4.3638735405100e-04;   -4444493
4.3640732739600e-04;   -4444493
4.3642565541400e-04;   -4444490
4.3644562486900e-04;   -4444490
4.3646395697100e-04;   -4444488
4.3648392647600e-04;   -4444488
4.3650225857800e-04;   -4444486
4.3652223193900e-04;   -4444486
4.3654056004900e-04;   -4444485
4.3656052935100e-04;   -4444485
4.3658052670500e-04;   -4444484
4.3659883478300e-04;   -4444484
4.3661882811200e-04;   -4444482
4.3663713207300e-04;   -4444482
4.3665712951000e-04;   -4444480
4.3667543351000e-04;   -4444480
4.3669543090000e-04;   -4444478
4.3671373903400e-04;   -4444478
4.3673373239800e-04;   -4444475
4.3675370168300e-04;   -4444475
4.3677203363500e-04;   -4444471
4.3679200704400e-04;   -4444471
4.3681033522900e-04;   -4444466
4.3683030864000e-04;   -4444466
4.3684863646300e-04;   -4444462
4.3686860569700e-04;   -4444462
4.3688693788200e-04;   -4444460
4.3690691116500e-04;   -4444460
4.3692523926300e-04;   -4444458
4.3694520851300e-04;   -4444458
4.3696520605400e-04;   -4444457
4.3698351003900e-04;   -4444457
4.3700350731200e-04;   -4444458
4.3702181521800e-04;   -4444458
4.3704180870400e-04;   -4444459
4.3706011270200e-04;   -4444459
4.3708010996200e-04;   -4444461
4.3709841805300e-04;   -4444461
4.3711841138500e-04;   -4444462
4.3713838075500e-04;   -4444462
4.3715671284800e-04;   -4444462
4.3717668217100e-04;   -4444462
4.3719501412400e-04;   -4444463
4.3721498746000e-04;   -4444463
4.3723331549100e-04;   -4444462
4.3725328495200e-04;   -4444462
4.3727161698200e-04;   -4444460
4.3729159038700e-04;   -4444460
4.3730991850500e-04;   -4444457
4.3732989151600e-04;   -4444457
4.3734821959400e-04;   -4444455
4.3736818894100e-04;   -4444455
4.3738818630000e-04;   -4444453
4.3740649430600e-04;   -4444453
4.3742648766800e-04;   -4444452
4.3744479169300e-04;   -4444452
4.3746478897200e-04;   -4444453
4.3748309302800e-04;   -4444453
4.3750309040900e-04;   -4444455
4.3752139843400e-04;   -4444455
4.3754139175000e-04;   -4444456
4.3756136118700e-04;   -4444456
4.3757969316200e-04;   -4444458
4.3759966649000e-04;   -4444458
4.3761799466100e-04;   -4444461
4.3763796398800e-04;   -4444461
4.3765629599700e-04;   -4444464
4.3767626545800e-04;   -4444464
4.3769459749300e-04;   -4444468
4.3771457079800e-04;   -4444468
4.3773289879400e-04;   -4444472
4.3775286818100e-04;   -4444472
4.3777286543800e-04;   -4444477
4.3779117354300e-04;   -4444477
4.3781116692900e-04;   -4444482
4.3782947493200e-04;   -4444482
4.3784946827100e-04;   -4444486
4.3786777240700e-04;   -4444486
4.3788776977900e-04;   -4444490
4.3790607772500e-04;   -4444490
4.3792607116600e-04;   -4444494
4.3794604056600e-04;   -4444494
4.3796437268300e-04;   -4444497
4.3798434213000e-04;   -4444497
4.3800267407800e-04;   -4444499
4.3802264757800e-04;   -4444499
4.3804097560700e-04;   -4444501
4.3806094490100e-04;   -4444501
4.3807927702100e-04;   -4444502
4.3809925055300e-04;   -4444502
4.3811757845600e-04;   -4444501
4.3813754773700e-04;   -4444501
4.3815754505900e-04;   -4444500
4.3817584901300e-04;   -4444500
4.3819584632200e-04;   -4444497
4.3821415422200e-04;   -4444497
4.3823414758600e-04;   -4444494
4.3825245165500e-04;   -4444494
4.3827244894100e-04;   -4444491
4.3829075712400e-04;   -4444491
4.3831075033800e-04;   -4444488
4.3832905849300e-04;   -4444488
4.3834905190100e-04;   -4444485
4.3836902134800e-04;   -4444485
4.3838735332000e-04;   -4444483
4.3840732668000e-04;   -4444483
4.3842565480800e-04;   -4444482
4.3844562409400e-04;   -4444482
4.3846395601400e-04;   -4444482
4.3848392535400e-04;   -4444482
4.3850225748900e-04;   -4444482
4.3852223096700e-04;   -4444482
4.3854055895800e-04;   -4444483
4.3856052822000e-04;   -4444483
4.3858052566600e-04;   -4444483
4.3859883365900e-04;   -4444483
4.3861882711200e-04;   -4444484
4.3863713110200e-04;   -4444484
4.3865712845900e-04;   -4444486
4.3867543253600e-04;   -4444486
4.3869542978500e-04;   -4444490
4.3871373781300e-04;   -4444490
4.3873373115100e-04;   -4444495
4.3875370057100e-04;   -4444495
4.3877203253600e-04;   -4444501
4.3879200576500e-04;   -4444501
4.3881033375200e-04;   -4444509
4.3883030717800e-04;   -4444509
4.3884863534000e-04;   -4444516
4.3886860485800e-04;   -4444516
4.3888693680400e-04;   -4444522
4.3890691022300e-04;   -4444522
4.3892523827600e-04;   -4444528
4.3894520773000e-04;   -4444528
4.3896520515900e-04;   -4444532
4.3898350904800e-04;   -4444532
4.3900350639000e-04;   -4444535
4.3902181445200e-04;   -4444535
4.3904180792500e-04;   -4444537
4.3906011205900e-04;   -4444537
4.3908010949900e-04;   -4444536
4.3909841747600e-04;   -4444536
4.3911841103800e-04;   -4444534
4.3913838040100e-04;   -4444534
4.3915671247600e-04;   -4444531
4.3917668183000e-04;   -4444531
4.3919501387300e-04;   -4444527
4.3921498726500e-04;   -4444527
4.3923331516200e-04;   -4444523
4.3925328459100e-04;   -4444523
4.3927161656300e-04;   -4444520
4.3929158985900e-04;   -4444520
4.3930991790200e-04;   -4444517
4.3932989113900e-04;   -4444517
4.3934821907400e-04;   -4444514
4.3936818840200e-04;   -4444514
4.3938818572700e-04;   -4444512
4.3940649389100e-04;   -4444512
4.3942648715300e-04;   -4444510
4.3944479140200e-04;   -4444510
4.3946478868300e-04;   -4444509
4.3948309255900e-04;   -4444509
4.3950308976400e-04;   -4444508
4.3952139778100e-04;   -4444508
4.3954139112000e-04;   -4444507
4.3956136060000e-04;   -4444507
4.3957969255600e-04;   -4444506
4.3959966593900e-04;   -4444506
4.3961799397500e-04;   -4444505
4.3963796328700e-04;   -4444505
4.3965629534100e-04;   -4444504
4.3967626472000e-04;   -4444504
4.3969459674800e-04;   -4444504
4.3971456991000e-04;   -4444504
4.3973289801000e-04;   -4444505
4.3975286747100e-04;   -4444505
4.3977286485900e-04;   -4444506
4.3979117297800e-04;   -4444506
4.3981116635300e-04;   -4444508
4.3982947436700e-04;   -4444508
4.3984946782600e-04;   -4444509
4.3986777174000e-04;   -4444509
4.3988776904000e-04;   -4444510
4.3990607719000e-04;   -4444510
4.3992607041400e-04;   -4444511
4.3994603994000e-04;   -4444511
4.3996437199900e-04;   -4444512
4.3998434134400e-04;   -4444512
4.4000267334500e-04;   -4444512
4.4002264686100e-04;   -4444512
4.4004097500000e-04;   -4444512
4.4006094415900e-04;   -4444512
4.4007927633100e-04;   -4444511
4.4009924974400e-04;   -4444511
4.4011757776300e-04;   -4444509
4.4013754720900e-04;   -4444509
4.4015754450700e-04;   -4444507
4.4017584852000e-04;   -4444507
4.4019584590800e-04;   -4444504
4.4021415409400e-04;   -4444504
4.4023414751000e-04;   -4444502
4.4025245160200e-04;   -4444502
4.4027244890600e-04;   -4444501
4.4029075698600e-04;   -4444501
4.4031075026700e-04;   -4444500
4.4032905835000e-04;   -4444500
4.4034905176600e-04;   -4444499
4.4036902111500e-04;   -4444499
4.4038735312100e-04;   -4444499
4.4040732646900e-04;   -4444499
4.4042565453500e-04;   -4444499
4.4044562387300e-04;   -4444499
4.4046395587000e-04;   -4444499
4.4048392510600e-04;   -4444499
4.4050225701200e-04;   -4444500
4.4052223037400e-04;   -4444500
4.4054055848700e-04;   -4444500
4.4056052788100e-04;   -4444500
4.4058052515300e-04;   -4444500
4.4059883320900e-04;   -4444500
4.4061882668700e-04;   -4444500
4.4063713064600e-04;   -4444500
4.4065712823800e-04;   -4444501
4.4067543214300e-04;   -4444501
4.4069542960000e-04;   -4444503
4.4071373766600e-04;   -4444503
4.4073373092600e-04;   -4444507
4.4075370033800e-04;   -4444507
4.4077203244400e-04;   -4444512
4.4079200573800e-04;   -4444512
4.4081033374200e-04;   -4444516
4.4083030719000e-04;   -4444516
4.4084863532300e-04;   -4444520
4.4086860457100e-04;   -4444520
4.4088693657600e-04;   -4444522
4.4090690986200e-04;   -4444522
4.4092523776700e-04;   -4444525
4.4094520716800e-04;   -4444525
4.4096520423000e-04;   -4444526
4.4098350825500e-04;   -4444526
4.4100350573500e-04;   -4444527
4.4102181371800e-04;   -4444527
4.4104180701500e-04;   -4444527
4.4106011115000e-04;   -4444527
4.4108010863600e-04;   -4444525
4.4109841672500e-04;   -4444525
4.4111841002600e-04;   -4444523
4.4113837947700e-04;   -4444523
4.4115671158600e-04;   -4444520
4.4117668091400e-04;   -4444520
4.4119501286000e-04;   -4444518
4.4121498618300e-04;   -4444518
4.4123331422500e-04;   -4444518
4.4125328355800e-04;   -4444518
4.4127161554200e-04;   -4444519
4.4129158892600e-04;   -4444519
4.4130991690000e-04;   -4444521
4.4132989030600e-04;   -4444521
4.4134821843300e-04;   -4444524
4.4136818781900e-04;   -4444524
4.4138818505300e-04;   -4444526
4.4140649306100e-04;   -4444526
4.4142648652000e-04;   -4444529
4.4144479059800e-04;   -4444529
4.4146478795400e-04;   -4444531
4.4148309216400e-04;   -4444531
4.4150308939500e-04;   -4444533
4.4152139738500e-04;   -4444533
4.4154139066900e-04;   -4444533
4.4156135987900e-04;   -4444533
4.4157969191000e-04;   -4444532
4.4159966522100e-04;   -4444532
4.4161799328600e-04;   -4444531
4.4163796272900e-04;   -4444531
4.4165629465800e-04;   -4444530
4.4167626414500e-04;   -4444530
4.4169459614200e-04;   -4444531
4.4171456940000e-04;   -4444531
4.4173289759300e-04;   -4444532
4.4175286702100e-04;   -4444532
4.4177286427800e-04;   -4444535
4.4179117214700e-04;   -4444535
4.4181116547500e-04;   -4444539
4.4182947363700e-04;   -4444539
4.4184946692800e-04;   -4444543
4.4186777098500e-04;   -4444543
4.4188776846100e-04;   -4444546
4.4190607651300e-04;   -4444546
4.4192607001000e-04;   -4444549
4.4194603927500e-04;   -4444549
4.4196437141800e-04;   -4444551
4.4198434082000e-04;   -4444551
4.4200267311300e-04;   -4444551
4.4202264637800e-04;   -4444551
4.4204097462000e-04;   -4444551
4.4206094396600e-04;   -4444551
4.4207927610200e-04;   -4444548
4.4209924941500e-04;   -4444548
4.4211757730700e-04;   -4444546
4.4213754684700e-04;   -4444546
4.4215754394000e-04;   -4444543
4.4217584813000e-04;   -4444543
4.4219584536300e-04;   -4444539
4.4221415346500e-04;   -4444539
4.4223414678200e-04;   -4444535
4.4225245088000e-04;   -4444535
4.4227244805300e-04;   -4444531
4.4229075600400e-04;   -4444531
4.4231074955100e-04;   -4444526
4.4232905747400e-04;   -4444526
4.4234905066500e-04;   -4444522
4.4236901989100e-04;   -4444522
4.4238735201000e-04;   -4444519
4.4240732534500e-04;   -4444519
4.4242565345300e-04;   -4444515
4.4244562266200e-04;   -4444515
4.4246395470600e-04;   -4444513
4.4248392418600e-04;   -4444513
4.4250225599600e-04;   -4444511
4.4252222925700e-04;   -4444511
4.4254055727200e-04;   -4444509
4.4256052656500e-04;   -4444509
4.4258052395500e-04;   -4444507
4.4259883209400e-04;   -4444507
4.4261882560100e-04;   -4444505
4.4263712969700e-04;   -4444505
4.4265712705600e-04;   -4444505
4.4267543105800e-04;   -4444505
4.4269542854200e-04;   -4444507
4.4271373658200e-04;   -4444507
4.4273372995700e-04;   -4444510
4.4275369926100e-04;   -4444510
4.4277203129700e-04;   -4444514
4.4279200469600e-04;   -4444514
4.4281033275800e-04;   -4444517
4.4283030615900e-04;   -4444517
4.4284863437100e-04;   -4444521
4.4286860370400e-04;   -4444521
4.4288693582400e-04;   -4444524
4.4290690925700e-04;   -4444524
4.4292523731300e-04;   -4444526
4.4294520669000e-04;   -4444526
4.4296520404600e-04;   -4444527
4.4298350802600e-04;   -4444527
4.4300350550500e-04;   -4444528
4.4302181370600e-04;   -4444528
4.4304180711000e-04;   -4444527
4.4306011102900e-04;   -4444527
4.4308010833500e-04;   -4444526
4.4309841654500e-04;   -4444526
4.4311840983400e-04;   -4444524
4.4313837929500e-04;   -4444524
4.4315671136900e-04;   -4444524
4.4317668077300e-04;   -4444524
4.4319501281500e-04;   -4444524
4.4321498622200e-04;   -4444524
4.4323331433500e-04;   -4444526
4.4325328368600e-04;   -4444526
4.4327161585700e-04;   -4444529
4.4329158917000e-04;   -4444529
4.4330991718100e-04;   -4444531
4.4332989063800e-04;   -4444531
4.4334821877800e-04;   -4444533
4.4336818825600e-04;   -4444533
4.4338818569300e-04;   -4444534
4.4340649364400e-04;   -4444534
4.4342648698000e-04;   -4444535
4.4344479117700e-04;   -4444535
4.4346478846500e-04;   -4444535
4.4348309248100e-04;   -4444535
4.4350308986000e-04;   -4444535
4.4352139791400e-04;   -4444535
4.4354139111700e-04;   -4444534
4.4356136039900e-04;   -4444534
4.4357969236100e-04;   -4444531
4.4359966582600e-04;   -4444531
4.4361799383800e-04;   -4444529
4.4363796328300e-04;   -4444529
4.4365629534900e-04;   -4444527
4.4367626468600e-04;   -4444527
4.4369459682200e-04;   -4444528
4.4371457011600e-04;   -4444528
4.4373289818500e-04;   -4444529
4.4375286759800e-04;   -4444529
4.4377286499600e-04;   -4444531
4.4379117317100e-04;   -4444531
4.4381116648900e-04;   -4444533
4.4382947464600e-04;   -4444533
4.4384946808800e-04;   -4444535
4.4386777226500e-04;   -4444535
4.4388776956800e-04;   -4444536
4.4390607772800e-04;   -4444536
4.4392607108100e-04;   -4444536
4.4394604041000e-04;   -4444536
4.4396437247300e-04;   -4444536
4.4398434199800e-04;   -4444536
4.4400267400100e-04;   -4444536
4.4402264737300e-04;   -4444536
4.4404097562300e-04;   -4444534
4.4406094479100e-04;   -4444534
4.4407927692500e-04;   -4444532
4.4409925040100e-04;   -4444532
4.4411757835000e-04;   -4444529
4.4413754782700e-04;   -4444529
4.4415754509100e-04;   -4444524
4.4417584922300e-04;   -4444524
4.4419584655300e-04;   -4444520
4.4421415468900e-04;   -4444520
4.4423414793900e-04;   -4444516
4.4425245211100e-04;   -4444516
4.4427244956600e-04;   -4444513
4.4429075752100e-04;   -4444513
4.4431075090800e-04;   -4444510
4.4432905904400e-04;   -4444510
4.4434905222200e-04;   -4444506
4.4436902152600e-04;   -4444506
4.4438735349800e-04;   -4444502
4.4440732699700e-04;   -4444502
4.4442565494400e-04;   -4444499
4.4444562439400e-04;   -4444499
4.4446395656800e-04;   -4444496
4.4448392606400e-04;   -4444496
4.4450225804000e-04;   -4444494
4.4452223132100e-04;   -4444494
4.4454055944600e-04;   -4444492
4.4456052860800e-04;   -4444492
4.4458052590000e-04;   -4444490
4.4459883395000e-04;   -4444490
4.4461882730000e-04;   -4444488
4.4463713139500e-04;   -4444488
4.4465712871500e-04;   -4444486
4.4467543284500e-04;   -4444486
4.4469543025800e-04;   -4444484
4.4471373837800e-04;   -4444484
4.4473373181200e-04;   -4444484
4.4475370110900e-04;   -4444484
4.4477203326700e-04;   -4444484
4.4479200653300e-04;   -4444484
4.4481033456000e-04;   -4444484
4.4483030777000e-04;   -4444484
4.4484863578800e-04;   -4444485
4.4486860501800e-04;   -4444485
4.4488693702400e-04;   -4444487
4.4490691017800e-04;   -4444487
4.4492523829500e-04;   -4444488
4.4494520751400e-04;   -4444488
4.4496520474700e-04;   -4444490
4.4498350895800e-04;   -4444490
4.4500350618400e-04;   -4444492
4.4502181425200e-04;   -4444492
4.4504180750200e-04;   -4444494
4.4506011157600e-04;   -4444494
4.4508010895700e-04;   -4444495
4.4509841702300e-04;   -4444495
4.4511841039800e-04;   -4444495
4.4513837971000e-04;   -4444495
4.4515671174700e-04;   -4444495
4.4517668118800e-04;   -4444495
4.4519501338600e-04;   -4444496
4.4521498667900e-04;   -4444496
4.4523331476200e-04;   -4444498
4.4525328418600e-04;   -4444498
4.4527161604300e-04;   -4444501
4.4529158940500e-04;   -4444501
4.4530991763700e-04;   -4444503
4.4532989090600e-04;   -4444503
4.4534821908800e-04;   -4444506
4.4536818842000e-04;   -4444506
4.4538818570400e-04;   -4444508
4.4540649387900e-04;   -4444508
4.4542648722100e-04;   -4444510
4.4544479149900e-04;   -4444510
4.4546478879100e-04;   -4444512
4.4548309293300e-04;   -4444512
4.4550309013100e-04;   -4444513
4.4552139807000e-04;   -4444513
4.4554139132100e-04;   -4444514
4.4556136055500e-04;   -4444514
4.4557969255000e-04;   -4444514
4.4559966587400e-04;   -4444514
4.4561799383800e-04;   -4444512
4.4563796311300e-04;   -4444512
4.4565629516200e-04;   -4444510
4.4567626454100e-04;   -4444510
4.4569459665500e-04;   -4444506
4.4571457004200e-04;   -4444506
4.4573289814800e-04;   -4444503
4.4575286748100e-04;   -4444503
4.4577286496500e-04;   -4444499
4.4579117282500e-04;   -4444499
4.4581116623000e-04;   -4444494
4.4582947429500e-04;   -4444494
4.4584946763200e-04;   -4444489
4.4586777179600e-04;   -4444489
4.4588776911800e-04;   -4444484
4.4590607723800e-04;   -4444484
4.4592607058800e-04;   -4444480
4.4594603995400e-04;   -4444480
4.4596437187100e-04;   -4444477
4.4598434137100e-04;   -4444477
4.4600267346700e-04;   -4444475
4.4602264676200e-04;   -4444475
4.4604097488900e-04;   -4444474
4.4606094430900e-04;   -4444474
4.4607927643700e-04;   -4444473
4.4609924970000e-04;   -4444473
4.4611757783000e-04;   -4444472
4.4613754702400e-04;   -4444472
4.4615754451400e-04;   -4444471
4.4617584850200e-04;   -4444471
4.4619584600600e-04;   -4444471
4.4621415401900e-04;   -4444471
4.4623414751100e-04;   -4444472
4.4625245131500e-04;   -4444472
4.4627244864000e-04;   -4444473
4.4629075670600e-04;   -4444473
4.4631075000200e-04;   -4444475
4.4632905812000e-04;   -4444475
4.4634905155900e-04;   -4444477
4.4636902121400e-04;   -4444477
4.4638735318700e-04;   -4444480
4.4640732661500e-04;   -4444480
4.4642565465600e-04;   -4444482
4.4644562397000e-04;   -4444482
4.4646395610000e-04;   -4444485
4.4648392537100e-04;   -4444485
4.4650225741000e-04;   -4444488
4.4652223054200e-04;   -4444488
4.4654055858800e-04;   -4444491
4.4656052805900e-04;   -4444491
4.4658052552100e-04;   -4444492
4.4659883355100e-04;   -4444492
4.4661882683200e-04;   -4444493
4.4663713098200e-04;   -4444493
4.4665712838100e-04;   -4444492
4.4667543241800e-04;   -4444492
4.4669542969800e-04;   -4444492
4.4671373768700e-04;   -4444492
4.4673373096900e-04;   -4444492
4.4675370038100e-04;   -4444492
4.4677203273800e-04;   -4444492
4.4679200598500e-04;   -4444492
4.4681033416700e-04;   -4444493
4.4683030749200e-04;   -4444493
4.4684863549100e-04;   -4444493
4.4686860481900e-04;   -4444493
4.4688693683700e-04;   -4444494
4.4690691012600e-04;   -4444494
4.4692523833600e-04;   -4444496
4.4694520759900e-04;   -4444496
4.4696520490000e-04;   -4444497
4.4698350912700e-04;   -4444497
4.4700350623000e-04;   -4444498
4.4702181415500e-04;   -4444498
4.4704180742800e-04;   -4444499
4.4706011161000e-04;   -4444499
4.4708010889700e-04;   -4444500
4.4709841687800e-04;   -4444500
4.4711841023400e-04;   -4444499
4.4713837963600e-04;   -4444499
4.4715671158100e-04;   -4444498
4.4717668089600e-04;   -4444498
4.4719501293500e-04;   -4444497
4.4721498637100e-04;   -4444497
4.4723331441900e-04;   -4444496
4.4725328376900e-04;   -4444496
4.4727161569500e-04;   -4444496
4.4729158908400e-04;   -4444496
4.4730991714000e-04;   -4444496
4.4732989049000e-04;   -4444496
4.4734821872100e-04;   -4444496
4.4736818803600e-04;   -4444496
4.4738818548200e-04;   -4444497
4.4740649340100e-04;   -4444497
4.4742648677000e-04;   -4444497
4.4744479080800e-04;   -4444497
4.4746478818900e-04;   -4444498
4.4748309228200e-04;   -4444498
4.4750308954500e-04;   -4444500
4.4752139769900e-04;   -4444500
4.4754139100800e-04;   -4444501
4.4756136029900e-04;   -4444501
4.4757969249900e-04;   -4444501
4.4759966585900e-04;   -4444501
4.4761799398800e-04;   -4444501
4.4763796333900e-04;   -4444501
4.4765629563300e-04;   -4444502
4.4767626509600e-04;   -4444502
4.4769459721700e-04;   -4444505
4.4771457064400e-04;   -4444505
4.4773289878800e-04;   -4444510
4.4775286801600e-04;   -4444510
4.4777286538900e-04;   -4444514
4.4779117355400e-04;   -4444514
4.4781116689800e-04;   -4444519
4.4782947502300e-04;   -4444519
4.4784946837000e-04;   -4444522
4.4786777245700e-04;   -4444522
4.4788776985800e-04;   -4444525
4.4790607793600e-04;   -4444525
4.4792607155600e-04;   -4444528
4.4794604097800e-04;   -4444528
4.4796437328600e-04;   -4444529
4.4798434255400e-04;   -4444529
4.4800267460800e-04;   -4444530
4.4802264801800e-04;   -4444530
4.4804097606400e-04;   -4444530
4.4806094541700e-04;   -4444530
4.4807927751400e-04;   -4444529
4.4809925096700e-04;   -4444529
4.4811757913000e-04;   -4444526
4.4813754846400e-04;   -4444526
4.4815754587600e-04;   -4444523
4.4817584992100e-04;   -4444523
4.4819584696800e-04;   -4444522
4.4821415514600e-04;   -4444522
4.4823414840900e-04;   -4444520
4.4825245258400e-04;   -4444520
4.4827244988000e-04;   -4444518
4.4829075787400e-04;   -4444518
4.4831075111200e-04;   -4444516
4.4832905932200e-04;   -4444516
4.4834905264400e-04;   -4444514
4.4836902199000e-04;   -4444514
4.4838735419900e-04;   -4444512
4.4840732759400e-04;   -4444512
4.4842565558800e-04;   -4444510
4.4844562497100e-04;   -4444510
4.4846395692400e-04;   -4444509
4.4848392620000e-04;   -4444509
4.4850225824100e-04;   -4444508
4.4852223153100e-04;   -4444508
4.4854055973100e-04;   -4444507
4.4856052906500e-04;   -4444507
4.4858052645000e-04;   -4444505
4.4859883455200e-04;   -4444505
4.4861882793700e-04;   -4444503
4.4863713210100e-04;   -4444503
4.4865712947600e-04;   -4444501
4.4867543366000e-04;   -4444501
4.4869543093400e-04;   -4444498
4.4871373898900e-04;   -4444498
4.4873373229400e-04;   -4444494
4.4875370167500e-04;   -4444494
4.4877203362500e-04;   -4444489
4.4879200700800e-04;   -4444489
4.4881033503500e-04;   -4444483
4.4883030825700e-04;   -4444483
4.4884863637600e-04;   -4444478
4.4886860573700e-04;   -4444478
4.4888693770300e-04;   -4444474
4.4890691101600e-04;   -4444474
4.4892523904600e-04;   -4444471
4.4894520838800e-04;   -4444471
4.4896520576000e-04;   -4444470
4.4898350995600e-04;   -4444470
4.4900350726200e-04;   -4444470
4.4902181511200e-04;   -4444470
4.4904180860200e-04;   -4444470
4.4906011274800e-04;   -4444470
4.4908011018800e-04;   -4444471
4.4909841798100e-04;   -4444471
4.4911841114600e-04;   -4444471
4.4913838053200e-04;   -4444471
4.4915671249400e-04;   -4444472
4.4917668182200e-04;   -4444472
4.4919501383100e-04;   -4444472
4.4921498712700e-04;   -4444472
4.4923331525600e-04;   -4444474
4.4925328461100e-04;   -4444474
4.4927161669900e-04;   -4444475
4.4929159004500e-04;   -4444475
4.4930991799700e-04;   -4444478
4.4932989141600e-04;   -4444478
4.4934821942800e-04;   -4444480
4.4936818880300e-04;   -4444480
4.4938818597500e-04;   -4444483
4.4940649412600e-04;   -4444483
4.4942648740200e-04;   -4444485
4.4944479147900e-04;   -4444485
4.4946478893400e-04;   -4444488
4.4948309294200e-04;   -4444488
4.4950309029700e-04;   -4444491
4.4952139838200e-04;   -4444491
4.4954139171200e-04;   -4444493
4.4956136094300e-04;   -4444493
4.4957969309400e-04;   -4444495
4.4959966631600e-04;   -4444495
4.4961799434900e-04;   -4444495
4.4963796375700e-04;   -4444495
4.4965629582100e-04;   -4444495
4.4967626509000e-04;   -4444495
4.4969459727800e-04;   -4444493
4.4971457070600e-04;   -4444493
4.4973289891900e-04;   -4444491
4.4975286818900e-04;   -4444491
4.4977286549300e-04;   -4444489
4.4979117363200e-04;   -4444489
4.4981116699000e-04;   -4444486
4.4982947517900e-04;   -4444486
4.4984946852500e-04;   -4444482
4.4986777260700e-04;   -4444482
4.4988776976300e-04;   -4444479
4.4990607791900e-04;   -4444479
4.4992607132500e-04;   -4444476
4.4994604053600e-04;   -4444476
4.4996437261000e-04;   -4444474
4.4998434189300e-04;   -4444474
4.5000267404600e-04;   -4444473
4.5002264723400e-04;   -4444473
4.5004097537700e-04;   -4444472
4.5006094466700e-04;   -4444472
4.5007927664400e-04;   -4444472
4.5009925010100e-04;   -4444472
4.5011757814700e-04;   -4444473
4.5013754745200e-04;   -4444473
4.5015754479400e-04;   -4444474
4.5017584888600e-04;   -4444474
4.5019584623600e-04;   -4444476
4.5021415430500e-04;   -4444476
4.5023414753700e-04;   -4444480
4.5025245187500e-04;   -4444480
4.5027244914200e-04;   -4444484
4.5029075729800e-04;   -4444484
4.5031075048500e-04;   -4444488
4.5032905864100e-04;   -4444488
4.5034905199300e-04;   -4444492
4.5036902128800e-04;   -4444492
4.5038735342100e-04;   -4444496
4.5040732669800e-04;   -4444496
4.5042565483800e-04;   -4444499
4.5044562418000e-04;   -4444499
4.5046395618800e-04;   -4444502
4.5048392551800e-04;   -4444502
4.5050225762400e-04;   -4444505
4.5052223093500e-04;   -4444505
4.5054055907500e-04;   -4444507
4.5056052843200e-04;   -4444507
4.5058052566600e-04;   -4444507
4.5059883375500e-04;   -4444507
4.5061882708500e-04;   -4444508
4.5063713132000e-04;   -4444508
4.5065712860700e-04;   -4444509
4.5067543272100e-04;   -4444509
4.5069542995600e-04;   -4444512
4.5071373809100e-04;   -4444512
4.5073373142200e-04;   -4444516
4.5075370088100e-04;   -4444516
4.5077203281800e-04;   -4444520
4.5079200608000e-04;   -4444520
4.5081033425800e-04;   -4444524
4.5083030756100e-04;   -4444524
4.5084863546400e-04;   -4444527
4.5086860490700e-04;   -4444527
4.5088693702600e-04;   -4444530
4.5090691052600e-04;   -4444530
4.5092523865700e-04;   -4444532
4.5094520801600e-04;   -4444532
4.5096520544000e-04;   -4444533
4.5098350944500e-04;   -4444533
4.5100350688900e-04;   -4444534
4.5102181491700e-04;   -4444534
4.5104180847200e-04;   -4444533
4.5106011250900e-04;   -4444533
4.5108010994000e-04;   -4444532
4.5109841802500e-04;   -4444532
4.5111841138300e-04;   -4444529
4.5113838069700e-04;   -4444529
4.5115671281400e-04;   -4444525
4.5117668216000e-04;   -4444525
4.5119501411800e-04;   -4444521
4.5121498746900e-04;   -4444521
4.5123331552700e-04;   -4444518
4.5125328478900e-04;   -4444518
4.5127161700200e-04;   -4444515
4.5129159040000e-04;   -4444515
4.5130991859200e-04;   -4444513
4.5132989181000e-04;   -4444513
4.5134822021100e-04;   -4444511
4.5136818947000e-04;   -4444511
4.5138818689800e-04;   -4444510
4.5140649503400e-04;   -4444510
4.5142648837500e-04;   -4444509
4.5144479245300e-04;   -4444509
4.5146478975900e-04;   -4444509
4.5148309382900e-04;   -4444509
4.5150309128800e-04;   -4444509
4.5152139937300e-04;   -4444509
4.5154139259800e-04;   -4444509
4.5156136188200e-04;   -4444509
4.5157969379500e-04;   -4444508
4.5159966711000e-04;   -4444508
4.5161799508400e-04;   -4444507
4.5163796451000e-04;   -4444507
4.5165629661500e-04;   -4444504
4.5167626610800e-04;   -4444504
4.5169459826300e-04;   -4444502
4.5171457165800e-04;   -4444502
4.5173289978400e-04;   -4444501
4.5175286907300e-04;   -4444501
4.5177286646300e-04;   -4444500
4.5179117445000e-04;   -4444500
4.5181116777800e-04;   -4444500
4.5182947592400e-04;   -4444500
4.5184946919900e-04;   -4444500
4.5186777313400e-04;   -4444500
4.5188777058300e-04;   -4444500
4.5190607876600e-04;   -4444500
4.5192607207500e-04;   -4444501
4.5194604134400e-04;   -4444501
4.5196437325700e-04;   -4444502
4.5198434269300e-04;   -4444502
4.5200267480900e-04;   -4444503
4.5202264804600e-04;   -4444503
4.5204097627000e-04;   -4444503
4.5206094570500e-04;   -4444503
4.5207927771700e-04;   -4444504
4.5209925107500e-04;   -4444504
4.5211757934400e-04;   -4444503
4.5213754860200e-04;   -4444503
4.5215754594900e-04;   -4444502
4.5217584988900e-04;   -4444502
4.5219584728600e-04;   -4444502
4.5221415531300e-04;   -4444502
4.5223414890000e-04;   -4444502
4.5225245309600e-04;   -4444502
4.5227245047300e-04;   -4444501
4.5229075855100e-04;   -4444501
4.5231075175400e-04;   -4444501
4.5232905968900e-04;   -4444501
4.5234905319900e-04;   -4444501
4.5236902251700e-04;   -4444501
4.5238735470000e-04;   -4444501
4.5240732797000e-04;   -4444501
4.5242565599500e-04;   -4444501
4.5244562534400e-04;   -4444501
4.5246395736000e-04;   -4444502
4.5248392667700e-04;   -4444502
4.5250225873100e-04;   -4444502
4.5252223189600e-04;   -4444502
4.5254056001200e-04;   -4444503
4.5256052942900e-04;   -4444503
4.5258052676700e-04;   -4444503
4.5259883497000e-04;   -4444503
4.5261882825400e-04;   -4444502
4.5263713230500e-04;   -4444502
4.5265712987600e-04;   -4444500
4.5267543382000e-04;   -4444500
4.5269543118100e-04;   -4444499
4.5271373939300e-04;   -4444499
4.5273373258500e-04;   -4444498
4.5275370182200e-04;   -4444498
4.5277203395300e-04;   -4444498
4.5279200721700e-04;   -4444498
4.5281033528500e-04;   -4444497
4.5283030885400e-04;   -4444497
4.5284863678300e-04;   -4444495
4.5286860607100e-04;   -4444495
4.5288693814700e-04;   -4444493
4.5290691156600e-04;   -4444493
4.5292523959700e-04;   -4444492
4.5294520885500e-04;   -4444492
4.5296520622300e-04;   -4444490
4.5298351027700e-04;   -4444490
4.5300350742500e-04;   -4444490
4.5302181565500e-04;   -4444490
4.5304180891000e-04;   -4444489
4.5306011293300e-04;   -4444489
4.5308011030200e-04;   -4444488
4.5309841840400e-04;   -4444488
4.5311841182000e-04;   -4444487
4.5313838122700e-04;   -4444487
4.5315671326500e-04;   -4444486
4.5317668254500e-04;   -4444486
4.5319501466800e-04;   -4444484
4.5321498809700e-04;   -4444484
4.5323331617900e-04;   -4444482
4.5325328546700e-04;   -4444482
4.5327161763100e-04;   -4444480
4.5329159092100e-04;   -4444480
4.5330991906800e-04;   -4444478
4.5332989235400e-04;   -4444478
4.5334822046200e-04;   -4444475
4.5336818979500e-04;   -4444475
4.5338818716000e-04;   -4444472
4.5340649535900e-04;   -4444472
4.5342648869700e-04;   -4444470
4.5344479270100e-04;   -4444470
4.5346479006700e-04;   -4444469
4.5348309421200e-04;   -4444469
4.5350309149000e-04;   -4444468
4.5352139948800e-04;   -4444468
4.5354139305900e-04;   -4444469
4.5356136229800e-04;   -4444469
4.5357969443800e-04;   -4444469
4.5359966775200e-04;   -4444469
4.5361799590700e-04;   -4444469
4.5363796531600e-04;   -4444469
4.5365629750400e-04;   -4444469
4.5367626694300e-04;   -4444469
4.5369459901200e-04;   -4444469
4.5371457244900e-04;   -4444469
4.5373290045500e-04;   -4444468
4.5375286972800e-04;   -4444468
4.5377286716400e-04;   -4444466
4.5379117522800e-04;   -4444466
4.5381116878400e-04;   -4444462
4.5382947677700e-04;   -4444462
4.5384947026000e-04;   -4444458
4.5386777418100e-04;   -4444458
4.5388777168800e-04;   -4444454
4.5390607968100e-04;   -4444454
4.5392607296600e-04;   -4444451
4.5394604228200e-04;   -4444451
4.5396437426400e-04;   -4444449
4.5398434355500e-04;   -4444449
4.5400267576400e-04;   -4444449
4.5402264916700e-04;   -4444449
4.5404097738000e-04;   -4444449
4.5406094651400e-04;   -4444449
4.5407927869300e-04;   -4444450
4.5409925206400e-04;   -4444450
4.5411758025100e-04;   -4444452
4.5413754955000e-04;   -4444452
4.5415754687100e-04;   -4444453
4.5417585097700e-04;   -4444453
4.5419584825500e-04;   -4444454
4.5421415638900e-04;   -4444454
4.5423414968200e-04;   -4444454
4.5425245366700e-04;   -4444454
4.5427245102200e-04;   -4444453
4.5429075904700e-04;   -4444453
4.5431075231200e-04;   -4444451
4.5432906042400e-04;   -4444451
4.5434905367900e-04;   -4444447
4.5436902295500e-04;   -4444447
4.5438735503000e-04;   -4444443
4.5440732824300e-04;   -4444443
4.5442565631900e-04;   -4444438
4.5444562565900e-04;   -4444438
4.5446395772500e-04;   -4444435
4.5448392711600e-04;   -4444435
4.5450225920400e-04;   -4444433
4.5452223252600e-04;   -4444433
4.5454056059200e-04;   -4444432
4.5456052985900e-04;   -4444432
4.5458052732500e-04;   -4444433
4.5459883534300e-04;   -4444433
4.5461882872300e-04;   -4444434
4.5463713283700e-04;   -4444434
4.5465713008300e-04;   -4444435
4.5467543428000e-04;   -4444435
4.5469543145500e-04;   -4444437
4.5471373968900e-04;   -4444437
4.5473373284700e-04;   -4444438
4.5475370212300e-04;   -4444438
4.5477203427800e-04;   -4444440
4.5479200770000e-04;   -4444440
4.5481033573700e-04;   -4444443
4.5483030916000e-04;   -4444443
4.5484863713800e-04;   -4444446
4.5486860662100e-04;   -4444446
4.5488693853200e-04;   -4444449
4.5490691194300e-04;   -4444449
4.5492524016100e-04;   -4444453
4.5494520940300e-04;   -4444453
4.5496520661800e-04;   -4444457
4.5498351067600e-04;   -4444457
4.5500350788700e-04;   -4444462
4.5502181598200e-04;   -4444462
4.5504180925200e-04;   -4444467
4.5506011333900e-04;   -4444467
4.5508011064300e-04;   -4444470
4.5509841862600e-04;   -4444470
4.5511841197700e-04;   -4444474
4.5513838121900e-04;   -4444474
4.5515671333100e-04;   -4444479
4.5517668279700e-04;   -4444479
4.5519501470300e-04;   -4444484
4.5521498808900e-04;   -4444484
4.5523331623500e-04;   -4444490
4.5525328559000e-04;   -4444490
4.5527161779300e-04;   -4444494
4.5529159092600e-04;   -4444494
4.5530991901400e-04;   -4444499
4.5532989233800e-04;   -4444499
4.5534822049100e-04;   -4444502
4.5536818968600e-04;   -4444502
4.5538818709800e-04;   -4444505
4.5540649523800e-04;   -4444505
4.5542648846500e-04;   -4444508
4.5544479246700e-04;   -4444508
4.5546478993100e-04;   -4444510
4.5548309400600e-04;   -4444510
4.5550309125500e-04;   -4444512
4.5552139917400e-04;   -4444512
4.5554139256600e-04;   -4444513
4.5556136185200e-04;   -4444513
4.5557969380500e-04;   -4444513
4.5559966716800e-04;   -4444513
4.5561799517100e-04;   -4444512
4.5563796455500e-04;   -4444512
4.5565629651800e-04;   -4444512
4.5567626597100e-04;   -4444512
4.5569459805100e-04;   -4444513
4.5571457128200e-04;   -4444513
4.5573289936300e-04;   -4444514
4.5575286874700e-04;   -4444514
4.5577286613100e-04;   -4444516
4.5579117427300e-04;   -4444516
4.5581116764800e-04;   -4444519
4.5582947560300e-04;   -4444519
4.5584946887400e-04;   -4444523
4.5586777283500e-04;   -4444523
4.5588777020900e-04;   -4444527
4.5590607836400e-04;   -4444527
4.5592607189800e-04;   -4444530
4.5594604130900e-04;   -4444530
4.5596437336400e-04;   -4444533
4.5598434271200e-04;   -4444533
4.5600267456600e-04;   -4444535
4.5602264803400e-04;   -4444535
4.5604097611600e-04;   -4444536
4.5606094555000e-04;   -4444536
4.5607927762700e-04;   -4444535
4.5609925093500e-04;   -4444535
4.5611757896500e-04;   -4444533
4.5613754819400e-04;   -4444533
4.5615754574100e-04;   -4444530
4.5617584979900e-04;   -4444530
4.5619584719800e-04;   -4444526
4.5621415553000e-04;   -4444526
4.5623414867300e-04;   -4444521
4.5625245275500e-04;   -4444521
4.5627245022900e-04;   -4444516
4.5629075838300e-04;   -4444516
4.5631075155500e-04;   -4444511
4.5632905975100e-04;   -4444511
4.5634905285600e-04;   -4444507
4.5636902248700e-04;   -4444507
4.5638735460900e-04;   -4444503
4.5640732799900e-04;   -4444503
4.5642565599600e-04;   -4444501
4.5644562541100e-04;   -4444501
4.5646395753200e-04;   -4444499
4.5648392695700e-04;   -4444499
4.5650225902400e-04;   -4444498
4.5652223244800e-04;   -4444498
4.5654056050500e-04;   -4444498
4.5656052973600e-04;   -4444498
4.5658052700800e-04;   -4444497
4.5659883509100e-04;   -4444497
4.5661882850100e-04;   -4444496
4.5663713240300e-04;   -4444496
4.5665712984700e-04;   -4444495
4.5667543382000e-04;   -4444495
4.5669543114200e-04;   -4444493
4.5671373902700e-04;   -4444493
4.5673373232200e-04;   -4444491
4.5675370157900e-04;   -4444491
4.5677203375400e-04;   -4444488
4.5679200712500e-04;   -4444488
4.5681033520000e-04;   -4444485
4.5683030855800e-04;   -4444485
4.5684863669400e-04;   -4444482
4.5686860598400e-04;   -4444482
4.5688693807200e-04;   -4444479
4.5690691143300e-04;   -4444479
4.5692523947700e-04;   -4444476
4.5694520873400e-04;   -4444476
4.5696520605700e-04;   -4444474
4.5698351023300e-04;   -4444474
4.5700350753000e-04;   -4444474
4.5702181564400e-04;   -4444474
4.5704180889300e-04;   -4444473
4.5706011289000e-04;   -4444473
4.5708011029900e-04;   -4444473
4.5709841837100e-04;   -4444473
4.5711841179500e-04;   -4444473
4.5713838106100e-04;   -4444473
4.5715671308500e-04;   -4444473
4.5717668231100e-04;   -4444473
4.5719501441300e-04;   -4444473
4.5721498769500e-04;   -4444473
4.5723331570500e-04;   -4444471
4.5725328515600e-04;   -4444471
4.5727161725200e-04;   -4444469
4.5729159068600e-04;   -4444469
4.5730991871500e-04;   -4444466
4.5732989223800e-04;   -4444466
4.5734822012700e-04;   -4444463
4.5736818951500e-04;   -4444463
4.5738818679900e-04;   -4444462
4.5740649477000e-04;   -4444462
4.5742648816600e-04;   -4444461
4.5744479226600e-04;   -4444461
4.5746478943700e-04;   -4444461
4.5748309336000e-04;   -4444461
4.5750309085600e-04;   -4444463
4.5752139898600e-04;   -4444463
4.5754139235300e-04;   -4444465
4.5756136175000e-04;   -4444465
4.5757969390900e-04;   -4444467
4.5759966712300e-04;   -4444467
4.5761799525400e-04;   -4444469
4.5763796466600e-04;   -4444469
4.5765629654400e-04;   -4444470
4.5767626573200e-04;   -4444470
4.5769459776200e-04;   -4444472
4.5771457111500e-04;   -4444472
4.5773289933300e-04;   -4444474
4.5775286860400e-04;   -4444474
4.5777286612400e-04;   -4444476
4.5779117412600e-04;   -4444476
4.5781116752000e-04;   -4444478
4.5782947547100e-04;   -4444478
4.5784946877500e-04;   -4444479
4.5786777293900e-04;   -4444479
4.5788777041100e-04;   -4444480
4.5790607859600e-04;   -4444480
4.5792607202800e-04;   -4444480
4.5794604150700e-04;   -4444480
4.5796437370600e-04;   -4444481
4.5798434296200e-04;   -4444481
4.5800267490500e-04;   -4444482
4.5802264823600e-04;   -4444482
4.5804097622500e-04;   -4444483
4.5806094572900e-04;   -4444483
4.5807927770700e-04;   -4444484
4.5809925107200e-04;   -4444484
4.5811757920500e-04;   -4444484
4.5813754866800e-04;   -4444484
4.5815754609100e-04;   -4444483
4.5817585014800e-04;   -4444483
4.5819584764800e-04;   -4444482
4.5821415569200e-04;   -4444482
4.5823414906500e-04;   -4444480
4.5825245301500e-04;   -4444480
4.5827245039300e-04;   -4444477
4.5829075850400e-04;   -4444477
4.5831075194500e-04;   -4444473
4.5832905987400e-04;   -4444473
4.5834905326600e-04;   -4444467
4.5836902261800e-04;   -4444467
4.5838735452900e-04;   -4444463
4.5840732783000e-04;   -4444463
4.5842565599100e-04;   -4444459
4.5844562534800e-04;   -4444459
4.5846395738600e-04;   -4444456
4.5848392683700e-04;   -4444456
4.5850225893700e-04;   -4444455
4.5852223213700e-04;   -4444455
4.5854056020500e-04;   -4444455
4.5856052982000e-04;   -4444455
4.5858052699900e-04;   -4444456
4.5859883506500e-04;   -4444456
4.5861882839300e-04;   -4444457
4.5863713251300e-04;   -4444457
4.5865712989300e-04;   -4444460
4.5867543378000e-04;   -4444460
4.5869543122200e-04;   -4444463
4.5871373926000e-04;   -4444463
4.5873373259900e-04;   -4444467
4.5875370204800e-04;   -4444467
4.5877203403100e-04;   -4444470
4.5879200736700e-04;   -4444470
4.5881033530000e-04;   -4444473
4.5883030870300e-04;   -4444473
4.5884863683600e-04;   -4444476
4.5886860618400e-04;   -4444476
4.5888693827200e-04;   -4444479
4.5890691163300e-04;   -4444479
4.5892523979500e-04;   -4444482
4.5894520905500e-04;   -4444482
4.5896520651800e-04;   -4444485
4.5898351069500e-04;   -4444485
4.5900350794800e-04;   -4444488
4.5902181603000e-04;   -4444488
4.5904180926100e-04;   -4444490
4.5906011335600e-04;   -4444490
4.5908011082900e-04;   -4444492
4.5909841896000e-04;   -4444492
4.5911841232800e-04;   -4444493
4.5913838157700e-04;   -4444493
4.5915671368900e-04;   -4444493
4.5917668302900e-04;   -4444493
4.5919501504400e-04;   -4444492
4.5921498830900e-04;   -4444492
4.5923331659900e-04;   -4444491
4.5925328588800e-04;   -4444491
4.5927161792900e-04;   -4444489
4.5929159139400e-04;   -4444489
4.5930991952900e-04;   -4444488
4.5932989281100e-04;   -4444488
4.5934822097200e-04;   -4444486
4.5936819032200e-04;   -4444486
4.5938818773800e-04;   -4444486
4.5940649569800e-04;   -4444486
4.5942648910100e-04;   -4444486
4.5944479326300e-04;   -4444486
4.5946479065100e-04;   -4444486
4.5948309464300e-04;   -4444486
4.5950309206200e-04;   -4444488
4.5952140003100e-04;   -4444488
4.5954139330400e-04;   -4444489
4.5956136271300e-04;   -4444489
4.5957969458200e-04;   -4444490
4.5959966808600e-04;   -4444490
4.5961799606700e-04;   -4444490
4.5963796555100e-04;   -4444490
4.5965629751000e-04;   -4444490
4.5967626694100e-04;   -4444490
4.5969459897100e-04;   -4444489
4.5971457236300e-04;   -4444489
4.5973290044900e-04;   -4444487
4.5975286982200e-04;   -4444487
4.5977286712900e-04;   -4444483
4.5979117528100e-04;   -4444483
4.5981116865200e-04;   -4444479
4.5982947684900e-04;   -4444479
4.5984947013500e-04;   -4444473
4.5986777431700e-04;   -4444473
4.5988777154400e-04;   -4444468
4.5990607969800e-04;   -4444468
4.5992607319000e-04;   -4444464
4.5994604251000e-04;   -4444464
4.5996437464400e-04;   -4444461
4.5998434392700e-04;   -4444461
4.6000267599400e-04;   -4444459
4.6002264930100e-04;   -4444459
4.6004097729300e-04;   -4444459
4.6006094653600e-04;   -4444459
4.6007927856800e-04;   -4444459
4.6009925194500e-04;   -4444459
4.6011758000300e-04;   -4444459
4.6013754944000e-04;   -4444459
4.6015754667700e-04;   -4444460
4.6017585086400e-04;   -4444460
4.6019584821900e-04;   -4444460
4.6021415647600e-04;   -4444460
4.6023414980800e-04;   -4444461
4.6025245389600e-04;   -4444461
4.6027245109100e-04;   -4444461
4.6029075926200e-04;   -4444461
4.6031075255800e-04;   -4444462
4.6032906062400e-04;   -4444462
4.6034905390600e-04;   -4444463
4.6036902320500e-04;   -4444463
4.6038735524300e-04;   -4444465
4.6040732847500e-04;   -4444465
4.6042565670700e-04;   -4444468
4.6044562601900e-04;   -4444468
4.6046395801600e-04;   -4444471
4.6048392745600e-04;   -4444471
4.6050225958800e-04;   -4444474
4.6052223292900e-04;   -4444474
4.6054056082300e-04;   -4444477
4.6056053003600e-04;   -4444477
4.6058052744600e-04;   -4444480
4.6059883551200e-04;   -4444480
4.6061882895800e-04;   -4444482
4.6063713295800e-04;   -4444482
4.6065713030000e-04;   -4444483
4.6067543436500e-04;   -4444483
4.6069543168000e-04;   -4444483
4.6071373970500e-04;   -4444483
4.6073373308700e-04;   -4444482
4.6075370252200e-04;   -4444482
4.6077203464600e-04;   -4444479
4.6079200807200e-04;   -4444479
4.6081033622300e-04;   -4444476
4.6083030948400e-04;   -4444476
4.6084863757800e-04;   -4444473
4.6086860701900e-04;   -4444473
4.6088693904600e-04;   -4444471
4.6090691236100e-04;   -4444471
4.6092524031700e-04;   -4444470
4.6094520977400e-04;   -4444470
4.6096520722600e-04;   -4444470
4.6098351123000e-04;   -4444470
4.6100350856500e-04;   -4444470
4.6102181671100e-04;   -4444470
4.6104180985200e-04;   -4444472
4.6106011399900e-04;   -4444472
4.6108011135800e-04;   -4444473
4.6109841934500e-04;   -4444473
4.6111841267300e-04;   -4444474
4.6113838195700e-04;   -4444474
4.6115671379200e-04;   -4444475
4.6117668302300e-04;   -4444475
4.6119501514600e-04;   -4444475
4.6121498846600e-04;   -4444475
4.6123331650500e-04;   -4444475
4.6125328590800e-04;   -4444475
4.6127161791200e-04;   -4444475
4.6129159117700e-04;   -4444475
4.6130991947700e-04;   -4444474
4.6132989276800e-04;   -4444474
4.6134822090400e-04;   -4444472
4.6136819009100e-04;   -4444472
4.6138818743400e-04;   -4444470
4.6140649552900e-04;   -4444470
4.6142648881200e-04;   -4444469
4.6144479279600e-04;   -4444469
4.6146479016700e-04;   -4444469
4.6148309437000e-04;   -4444469
4.6150309174400e-04;   -4444469
4.6152139979100e-04;   -4444469
4.6154139325900e-04;   -4444470
4.6156136257400e-04;   -4444470
4.6157969466800e-04;   -4444471
4.6159966805700e-04;   -4444471
4.6161799616600e-04;   -4444472
4.6163796549600e-04;   -4444472
4.6165629759100e-04;   -4444472
4.6167626703100e-04;   -4444472
4.6169459909400e-04;   -4444472
4.6171457253600e-04;   -4444472
4.6173290057200e-04;   -4444471
4.6175286991500e-04;   -4444471
4.6177286736700e-04;   -4444469
4.6179117542300e-04;   -4444469
4.6181116880800e-04;   -4444466
4.6182947676300e-04;   -4444466
4.6184947012300e-04;   -4444461
4.6186777414800e-04;   -4444461
4.6188777146200e-04;   -4444458
4.6190607966000e-04;   -4444458
4.6192607287200e-04;   -4444455
4.6194604239300e-04;   -4444455
4.6196437452500e-04;   -4444453
4.6198434380500e-04;   -4444453
4.6200267568900e-04;   -4444453
4.6202264911800e-04;   -4444453
4.6204097720300e-04;   -4444453
4.6206094646500e-04;   -4444453
4.6207927872900e-04;   -4444454
4.6209925204600e-04;   -4444454
4.6211758003500e-04;   -4444456
4.6213754924800e-04;   -4444456
4.6215754663200e-04;   -4444457
4.6217585065200e-04;   -4444457
4.6219584803900e-04;   -4444458
4.6221415590700e-04;   -4444458
4.6223414947600e-04;   -4444459
4.6225245352500e-04;   -4444459
4.6227245084800e-04;   -4444460
4.6229075902700e-04;   -4444460
4.6231075254400e-04;   -4444460
4.6232906052400e-04;   -4444460
4.6234905409900e-04;   -4444460
4.6236902354900e-04;   -4444460
4.6238735546700e-04;   -4444460
4.6240732873700e-04;   -4444460
4.6242565693900e-04;   -4444460
4.6244562612200e-04;   -4444460
4.6246395826600e-04;   -4444461
4.6248392745700e-04;   -4444461
4.6250225956400e-04;   -4444462
4.6252223259200e-04;   -4444462
4.6254056065400e-04;   -4444464
4.6256053011700e-04;   -4444464
4.6258052753500e-04;   -4444466
4.6259883559900e-04;   -4444466
4.6261882914500e-04;   -4444467
4.6263713315800e-04;   -4444467
4.6265713060200e-04;   -4444469
4.6267543452900e-04;   -4444469
4.6269543198600e-04;   -4444469
4.6271374008400e-04;   -4444469
4.6273373337100e-04;   -4444469
4.6275370289100e-04;   -4444469
4.6277203488900e-04;   -4444467
4.6279200829600e-04;   -4444467
4.6281033639900e-04;   -4444465
4.6283030973600e-04;   -4444465
4.6284863779600e-04;   -4444463
4.6286860741100e-04;   -4444463
4.6288693951500e-04;   -4444462
4.6290691284700e-04;   -4444462
4.6292524098100e-04;   -4444462
4.6294521041700e-04;   -4444462
4.6296520768500e-04;   -4444463
4.6298351185600e-04;   -4444463
4.6300350919100e-04;   -4444465
4.6302181728500e-04;   -4444465
4.6304181064300e-04;   -4444467
4.6306011466100e-04;   -4444467
4.6308011214400e-04;   -4444469
4.6309842023000e-04;   -4444469
4.6311841346200e-04;   -4444471
4.6313838281200e-04;   -4444471
4.6315671495800e-04;   -4444472
4.6317668437900e-04;   -4444472
4.6319501644300e-04;   -4444473
4.6321498964600e-04;   -4444473
4.6323331788200e-04;   -4444473
4.6325328723600e-04;   -4444473
4.6327161940600e-04;   -4444471
4.6329159270900e-04;   -4444471
4.6330992098000e-04;   -4444468
4.6332989431800e-04;   -4444468
4.6334822229900e-04;   -4444464
4.6336819162100e-04;   -4444464
4.6338818901800e-04;   -4444460
4.6340649696800e-04;   -4444460
4.6342649030400e-04;   -4444457
4.6344479434600e-04;   -4444457
4.6346479174000e-04;   -4444454
4.6348309571500e-04;   -4444454
4.6350309299000e-04;   -4444452
4.6352140102800e-04;   -4444452
4.6354139436400e-04;   -4444450
4.6356136371500e-04;   -4444450
4.6357969591900e-04;   -4444448
4.6359966928900e-04;   -4444448
4.6361799746700e-04;   -4444447
4.6363796683100e-04;   -4444447
4.6365629886500e-04;   -4444446
4.6367626816700e-04;   -4444446
4.6369460030800e-04;   -4444446
4.6371457335900e-04;   -4444446
4.6373290139300e-04;   -4444445
4.6375287074500e-04;   -4444445
4.6377286799900e-04;   -4444443
4.6379117608700e-04;   -4444443
4.6381116952000e-04;   -4444441
4.6382947755800e-04;   -4444441
4.6384947097500e-04;   -4444438
4.6386777507400e-04;   -4444438
4.6388777227800e-04;   -4444433
4.6390608022100e-04;   -4444433
4.6392607347400e-04;   -4444427
4.6394604274200e-04;   -4444427
4.6396437470900e-04;   -4444423
4.6398434407700e-04;   -4444423
4.6400267602000e-04;   -4444419
4.6402264937400e-04;   -4444419
4.6404097736300e-04;   -4444417
4.6406094676100e-04;   -4444417
4.6407927888000e-04;   -4444416
4.6409925221100e-04;   -4444416
4.6411758033300e-04;   -4444417
4.6413754957200e-04;   -4444417
4.6415754671100e-04;   -4444418
4.6417585071400e-04;   -4444418
4.6419584800800e-04;   -4444420
4.6421415617100e-04;   -4444420
4.6423414932700e-04;   -4444422
4.6425245330400e-04;   -4444422
4.6427245055500e-04;   -4444423
4.6429075854800e-04;   -4444423
4.6431075199600e-04;   -4444423
4.6432905991900e-04;   -4444423
4.6434905327700e-04;   -4444423
4.6436902259900e-04;   -4444423
4.6438735477600e-04;   -4444423
4.6440732806500e-04;   -4444423
4.6442565604200e-04;   -4444424
4.6444562541300e-04;   -4444424
4.6446395765000e-04;   -4444426
4.6448392690900e-04;   -4444426
4.6450225898300e-04;   -4444429
4.6452223223700e-04;   -4444429
4.6454056034500e-04;   -4444433
4.6456052977400e-04;   -4444433
4.6458052713700e-04;   -4444437
4.6459883522100e-04;   -4444437
4.6461882856900e-04;   -4444441
4.6463713270000e-04;   -4444441
4.6465713003300e-04;   -4444445
4.6467543413800e-04;   -4444445
4.6469543146200e-04;   -4444449
4.6471373956400e-04;   -4444449
4.6473373291300e-04;   -4444453
4.6475370219100e-04;   -4444453
4.6477203426900e-04;   -4444458
4.6479200762500e-04;   -4444458
4.6481033560400e-04;   -4444463
4.6483030889300e-04;   -4444463
4.6484863693900e-04;   -4444469
4.6486860634100e-04;   -4444469
4.6488693836100e-04;   -4444474
4.6490691150000e-04;   -4444474
4.6492523952800e-04;   -4444479
4.6494520881600e-04;   -4444479
4.6496520638000e-04;   -4444484
4.6498351042000e-04;   -4444484
4.6500350789400e-04;   -4444488
4.6502181586900e-04;   -4444488
4.6504180917700e-04;   -4444492
4.6506011330300e-04;   -4444492
4.6508011058600e-04;   -4444495
4.6509841865800e-04;   -4444495
4.6511841201500e-04;   -4444497
4.6513838136600e-04;   -4444497
4.6515671342700e-04;   -4444497
4.6517668287900e-04;   -4444497
4.6519501494200e-04;   -4444497
4.6521498838000e-04;   -4444497
4.6523331648000e-04;   -4444498
4.6525328591200e-04;   -4444498
4.6527161790400e-04;   -4444499
4.6529159144300e-04;   -4444499
4.6530991943700e-04;   -4444499
4.6532989278300e-04;   -4444499
4.6534822087000e-04;   -4444498
4.6536819012500e-04;   -4444498
4.6538818759100e-04;   -4444497
4.6540649560500e-04;   -4444497
4.6542648887600e-04;   -4444496
4.6544479298700e-04;   -4444496
4.6546479044600e-04;   -4444495
4.6548309455600e-04;   -4444495
4.6550309197400e-04;   -4444495
4.6552140009900e-04;   -4444495
4.6554139347400e-04;   -4444494
4.6556136297500e-04;   -4444494
4.6557969491900e-04;   -4444494
4.6559966838400e-04;   -4444494
4.6561799647300e-04;   -4444493
4.6563796599300e-04;   -4444493
4.6565629812000e-04;   -4444492
4.6567626730900e-04;   -4444492
4.6569459950100e-04;   -4444490
4.6571457273600e-04;   -4444490
4.6573290079500e-04;   -4444488
4.6575287010300e-04;   -4444488
4.6577286744800e-04;   -4444486
4.6579117539000e-04;   -4444486
4.6581116857100e-04;   -4444484
4.6582947657700e-04;   -4444484
4.6584946990400e-04;   -4444480
4.6586777381900e-04;   -4444480
4.6588777123600e-04;   -4444474
4.6590607931000e-04;   -4444474
4.6592607276300e-04;   -4444468
4.6594604208300e-04;   -4444468
4.6596437417100e-04;   -4444462
4.6598434355900e-04;   -4444462
4.6600267575800e-04;   -4444457
4.6602264905800e-04;   -4444457
4.6604097708500e-04;   -4444452
4.6606094647300e-04;   -4444452
4.6607927860400e-04;   -4444449
4.6609925191100e-04;   -4444449
4.6611757998200e-04;   -4444447
4.6613754929800e-04;   -4444447
4.6615754670400e-04;   -4444446
4.6617585075700e-04;   -4444446
4.6619584800300e-04;   -4444445
4.6621415614900e-04;   -4444445
4.6623414933300e-04;   -4444445
4.6625245351500e-04;   -4444445
4.6627245068600e-04;   -4444446
4.6629075890000e-04;   -4444446
4.6631075209500e-04;   -4444446
4.6632906023800e-04;   -4444446
4.6634905336900e-04;   -4444446
4.6636902281300e-04;   -4444446
4.6638735477200e-04;   -4444447
4.6640732818400e-04;   -4444447
4.6642565628100e-04;   -4444448
4.6644562560100e-04;   -4444448
4.6646395761500e-04;   -4444450
4.6648392701500e-04;   -4444450
4.6650225902700e-04;   -4444453
4.6652223237100e-04;   -4444453
4.6654056043800e-04;   -4444456
4.6656052980300e-04;   -4444456
4.6658052722100e-04;   -4444459
4.6659883518600e-04;   -4444459
4.6661882863200e-04;   -4444462
4.6663713259800e-04;   -4444462
4.6665712986100e-04;   -4444464
4.6667543398100e-04;   -4444464
4.6669543137600e-04;   -4444465
4.6671373942300e-04;   -4444465
4.6673373276500e-04;   -4444467
4.6675370210600e-04;   -4444467
4.6677203421200e-04;   -4444467
4.6679200752900e-04;   -4444467
4.6681033562100e-04;   -4444468
4.6683030895400e-04;   -4444468
4.6684863700100e-04;   -4444467
4.6686860651200e-04;   -4444467
4.6688693845500e-04;   -4444466
4.6690691172200e-04;   -4444466
4.6692523979500e-04;   -4444466
4.6694520911000e-04;   -4444466
4.6696520640600e-04;   -4444466
4.6698351044900e-04;   -4444466
4.6700350779600e-04;   -4444468
4.6702181575100e-04;   -4444468
4.6704180915000e-04;   -4444469
4.6706011308100e-04;   -4444469
4.6708011033700e-04;   -4444471
4.6709841847500e-04;   -4444471
4.6711841188200e-04;   -4444472
4.6713838122900e-04;   -4444472
4.6715671316700e-04;   -4444473
4.6717668242500e-04;   -4444473
4.6719501459100e-04;   -4444473
4.6721498794800e-04;   -4444473
4.6723331591900e-04;   -4444473
4.6725328528100e-04;   -4444473
4.6727161738900e-04;   -4444473
4.6729159088600e-04;   -4444473
4.6730991885400e-04;   -4444473
4.6732989202400e-04;   -4444473
4.6734822019900e-04;   -4444474
4.6736818959900e-04;   -4444474
4.6738818682700e-04;   -4444475
4.6740649488700e-04;   -4444475
4.6742648815200e-04;   -4444477
4.6744479216500e-04;   -4444477
4.6746478937400e-04;   -4444479
4.6748309342600e-04;   -4444479
4.6750309073000e-04;   -4444482
4.6752139882500e-04;   -4444482
4.6754139203300e-04;   -4444485
4.6756136149900e-04;   -4444485
4.6757969355300e-04;   -4444487
4.6759966677800e-04;   -4444487
4.6761799476100e-04;   -4444489
4.6763796431900e-04;   -4444489
4.6765629643900e-04;   -4444492
4.6767626591300e-04;   -4444492
4.6769459800000e-04;   -4444495
4.6771457132100e-04;   -4444495
4.6773289928500e-04;   -4444499
4.6775286859100e-04;   -4444499
4.6777286589300e-04;   -4444502
4.6779117400700e-04;   -4444502
4.6781116731100e-04;   -4444505
4.6782947533200e-04;   -4444505
4.6784946865500e-04;   -4444507
4.6786777281600e-04;   -4444507
4.6788777001000e-04;   -4444507
4.6790607821500e-04;   -4444507
4.6792607153600e-04;   -4444507
4.6794604082200e-04;   -4444507
4.6796437284900e-04;   -4444507
4.6798434220500e-04;   -4444507
4.6800267416900e-04;   -4444507
4.6802264734800e-04;   -4444507
4.6804097543600e-04;   -4444507
4.6806094463600e-04;   -4444507
4.6807927666400e-04;   -4444506
4.6809925006500e-04;   -4444506
4.6811757820000e-04;   -4444505
4.6813754745800e-04;   -4444505
4.6815754475600e-04;   -4444505
4.6817584870900e-04;   -4444505
4.6819584603500e-04;   -4444505
4.6821415417700e-04;   -4444505
4.6823414756400e-04;   -4444505
4.6825245159500e-04;   -4444505
4.6827244885900e-04;   -4444504
4.6829075707600e-04;   -4444504
4.6831075035500e-04;   -4444504
4.6832905835400e-04;   -4444504
4.6834905177000e-04;   -4444504
4.6836902110000e-04;   -4444504
4.6838735308000e-04;   -4444504
4.6840732641500e-04;   -4444504
4.6842565448700e-04;   -4444504
4.6844562380100e-04;   -4444504
4.6846395585800e-04;   -4444505
4.6848392519000e-04;   -4444505
4.6850225732100e-04;   -4444506
4.6852223063000e-04;   -4444506
4.6854055858400e-04;   -4444506
4.6856052798000e-04;   -4444506
4.6858052547800e-04;   -4444507
4.6859883352400e-04;   -4444507
4.6861882688300e-04;   -4444507
4.6863713090300e-04;   -4444507
4.6865712826800e-04;   -4444508
4.6867543236200e-04;   -4444508
4.6869542991500e-04;   -4444512
4.6871373790400e-04;   -4444512
4.6873373130400e-04;   -4444516
4.6875370059700e-04;   -4444516
4.6877203270200e-04;   -4444521
4.6879200599100e-04;   -4444521
4.6881033408300e-04;   -4444526
4.6883030741700e-04;   -4444526
4.6884863528200e-04;   -4444530
4.6886860469300e-04;   -4444530
4.6888693674100e-04;   -4444533
4.6890691014600e-04;   -4444533
4.6892523823600e-04;   -4444536
4.6894520762500e-04;   -4444536
4.6896520486600e-04;   -4444538
4.6898350898300e-04;   -4444538
4.6900350629700e-04;   -4444539
4.6902181435700e-04;   -4444539
4.6904180767000e-04;   -4444539
4.6906011176800e-04;   -4444539
4.6908010922300e-04;   -4444538
4.6909841726200e-04;   -4444538
4.6911841075300e-04;   -4444536
4.6913838010300e-04;   -4444536
4.6915671212000e-04;   -4444532
4.6917668145400e-04;   -4444532
4.6919501347700e-04;   -4444529
4.6921498686100e-04;   -4444529
4.6923331501200e-04;   -4444526
4.6925328441900e-04;   -4444526
4.6927161637000e-04;   -4444523
4.6929158980200e-04;   -4444523
4.6930991778900e-04;   -4444521
4.6932989116400e-04;   -4444521
4.6934821925000e-04;   -4444520
4.6936818843200e-04;   -4444520
4.6938818595900e-04;   -4444519
4.6940649399300e-04;   -4444519
4.6942648744300e-04;   -4444518
4.6944479147500e-04;   -4444518
4.6946478882700e-04;   -4444518
4.6948309283400e-04;   -4444518
4.6950309022600e-04;   -4444518
4.6952139831900e-04;   -4444518
4.6954139180000e-04;   -4444517
4.6956136108800e-04;   -4444517
4.6957969332300e-04;   -4444517
4.6959966678000e-04;   -4444517
4.6961799480500e-04;   -4444515
4.6963796408500e-04;   -4444515
4.6965629613400e-04;   -4444514
4.6967626545900e-04;   -4444514
4.6969459745200e-04;   -4444514
4.6971457082500e-04;   -4444514
4.6973289884700e-04;   -4444515
4.6975286824000e-04;   -4444515
4.6977286572400e-04;   -4444517
4.6979117379500e-04;   -4444517
4.6981116705400e-04;   -4444519
4.6982947511600e-04;   -4444519
4.6984946850300e-04;   -4444521
4.6986777244900e-04;   -4444521
4.6988776971300e-04;   -4444523
4.6990607789800e-04;   -4444523
4.6992607111400e-04;   -4444524
4.6994604064700e-04;   -4444524
4.6996437256500e-04;   -4444526
4.6998434186600e-04;   -4444526
4.7000267404500e-04;   -4444527
4.7002264744000e-04;   -4444527
4.7004097562300e-04;   -4444527
4.7006094495800e-04;   -4444527
4.7007927706900e-04;   -4444527
4.7009925045600e-04;   -4444527
4.7011757859600e-04;   -4444526
4.7013754801100e-04;   -4444526
4.7015754525500e-04;   -4444525
4.7017584932800e-04;   -4444525
4.7019584664900e-04;   -4444524
4.7021415472300e-04;   -4444524
4.7023414806000e-04;   -4444523
4.7025245202900e-04;   -4444523
4.7027244944100e-04;   -4444522
4.7029075743800e-04;   -4444522
4.7031075076600e-04;   -4444520
4.7032905876300e-04;   -4444520
4.7034905219700e-04;   -4444518
4.7036902155000e-04;   -4444518
4.7038735347600e-04;   -4444517
4.7040732689200e-04;   -4444517
4.7042565492400e-04;   -4444516
4.7044562434500e-04;   -4444516
4.7046395647700e-04;   -4444515
4.7048392602100e-04;   -4444515
4.7050225800400e-04;   -4444515
4.7052223151100e-04;   -4444515
4.7054055964200e-04;   -4444514
4.7056052895400e-04;   -4444514
4.7058052640100e-04;   -4444514
4.7059883453200e-04;   -4444514
4.7061882788700e-04;   -4444513
4.7063713203200e-04;   -4444513
4.7065712930800e-04;   -4444514
4.7067543327300e-04;   -4444514
4.7069543056600e-04;   -4444516
4.7071373875300e-04;   -4444516
4.7073373204700e-04;   -4444520
4.7075370126800e-04;   -4444520
4.7077203347200e-04;   -4444525
4.7079200682700e-04;   -4444525
4.7081033502200e-04;   -4444529
4.7083030796400e-04;   -4444529
4.7084863616000e-04;   -4444533
4.7086860560200e-04;   -4444533
4.7088693759300e-04;   -4444536
4.7090691094500e-04;   -4444536
4.7092523916900e-04;   -4444538
4.7094520875800e-04;   -4444538
4.7096520614000e-04;   -4444540
4.7098351022300e-04;   -4444540
4.7100350769400e-04;   -4444541
4.7102181571500e-04;   -4444541
4.7104180912800e-04;   -4444541
4.7106011327200e-04;   -4444541
4.7108011057300e-04;   -4444539
4.7109841858900e-04;   -4444539
4.7111841197200e-04;   -4444537
4.7113838131900e-04;   -4444537
4.7115671342000e-04;   -4444533
4.7117668272800e-04;   -4444533
4.7119501492600e-04;   -4444529
4.7121498813600e-04;   -4444529
4.7123331623400e-04;   -4444523
4.7125328553100e-04;   -4444523
4.7127161746100e-04;   -4444517
4.7129159094100e-04;   -4444517
4.7130991894200e-04;   -4444509
4.7132989243500e-04;   -4444509
4.7134822051900e-04;   -4444503
4.7136818999400e-04;   -4444503
4.7138818737000e-04;   -4444497
4.7140649542300e-04;   -4444497
4.7142648873400e-04;   -4444493
4.7144479285000e-04;   -4444493
4.7146479014800e-04;   -4444490
4.7148309419200e-04;   -4444490
4.7150309158100e-04;   -4444489
4.7152139969100e-04;   -4444489
4.7154139313900e-04;   -4444488
4.7156136233700e-04;   -4444488
4.7157969443800e-04;   -4444488
4.7159966773000e-04;   -4444488
4.7161799571800e-04;   -4444487
4.7163796509100e-04;   -4444487
4.7165629707900e-04;   -4444487
4.7167626648800e-04;   -4444487
4.7169459843900e-04;   -4444486
4.7171457191200e-04;   -4444486
4.7173289996300e-04;   -4444485
4.7175286933900e-04;   -4444485
4.7177286669200e-04;   -4444484
4.7179117483400e-04;   -4444484
4.7181116802100e-04;   -4444483
4.7182947616600e-04;   -4444483
4.7184946916300e-04;   -4444483
4.7186777331700e-04;   -4444483
4.7188777049900e-04;   -4444483
4.7190607858700e-04;   -4444483
4.7192607194000e-04;   -4444484
4.7194604147000e-04;   -4444484
4.7196437353000e-04;   -4444486
4.7198434279600e-04;   -4444486
4.7200267504000e-04;   -4444488
4.7202264840100e-04;   -4444488
4.7204097637800e-04;   -4444490
4.7206094576000e-04;   -4444490
4.7207927780500e-04;   -4444492
4.7209925121200e-04;   -4444492
4.7211757918400e-04;   -4444493
4.7213754850000e-04;   -4444493
4.7215754575500e-04;   -4444493
4.7217585007600e-04;   -4444493
4.7219584735200e-04;   -4444493
4.7221415546300e-04;   -4444493
4.7223414881600e-04;   -4444494
4.7225245284900e-04;   -4444494
4.7227245007600e-04;   -4444496
4.7229075809400e-04;   -4444496
4.7231075143700e-04;   -4444497
4.7232905973300e-04;   -4444497
4.7234905301500e-04;   -4444499
4.7236902231000e-04;   -4444499
4.7238735444500e-04;   -4444501
4.7240732761600e-04;   -4444501
4.7242565571300e-04;   -4444503
4.7244562506200e-04;   -4444503
4.7246395703100e-04;   -4444505
4.7248392638800e-04;   -4444505
4.7250225847100e-04;   -4444507
4.7252223187700e-04;   -4444507
4.7254055996600e-04;   -4444509
4.7256052930800e-04;   -4444509
4.7258052650700e-04;   -4444510
4.7259883450000e-04;   -4444510
4.7261882787900e-04;   -4444511
4.7263713192000e-04;   -4444511
4.7265712938000e-04;   -4444511
4.7267543339700e-04;   -4444511
4.7269543074200e-04;   -4444512
4.7271373868100e-04;   -4444512
4.7273373208900e-04;   -4444512
4.7275370132800e-04;   -4444512
4.7277203336200e-04;   -4444512
4.7279200673000e-04;   -4444512
4.7281033469200e-04;   -4444512
4.7283030798300e-04;   -4444512
4.7284863622000e-04;   -4444511
4.7286860544800e-04;   -4444511
4.7288693748500e-04;   -4444511
4.7290691082200e-04;   -4444511
4.7292523904300e-04;   -4444511
4.7294520838600e-04;   -4444511
4.7296520561600e-04;   -4444511
4.7298350974400e-04;   -4444511
4.7300350716100e-04;   -4444512
4.7302181499600e-04;   -4444512
4.7304180843700e-04;   -4444512
4.7306011240400e-04;   -4444512
4.7308010972400e-04;   -4444512
4.7309841791800e-04;   -4444512
4.7311841143700e-04;   -4444512
4.7313838075100e-04;   -4444512
4.7315671284400e-04;   -4444513
4.7317668216500e-04;   -4444513
4.7319501434600e-04;   -4444516
4.7321498762700e-04;   -4444516
4.7323331570200e-04;   -4444520
4.7325328506700e-04;   -4444520
4.7327161702600e-04;   -4444525
4.7329159043400e-04;   -4444525
4.7330991872400e-04;   -4444528
4.7332989199400e-04;   -4444528
4.7334821992800e-04;   -4444530
4.7336818928000e-04;   -4444530
4.7338818672500e-04;   -4444531
4.7340649479900e-04;   -4444531
4.7342648818600e-04;   -4444531
4.7344479224300e-04;   -4444531
4.7346478952600e-04;   -4444530
4.7348309384400e-04;   -4444530
4.7350309117200e-04;   -4444529
4.7352139936700e-04;   -4444529
4.7354139278800e-04;   -4444528
4.7356136204500e-04;   -4444528
4.7357969427600e-04;   -4444526
4.7359966750800e-04;   -4444526
4.7361799566800e-04;   -4444523
4.7363796488400e-04;   -4444523
4.7365629706500e-04;   -4444519
4.7367626657300e-04;   -4444519
4.7369459862200e-04;   -4444516
4.7371457183800e-04;   -4444516
4.7373289996500e-04;   -4444514
4.7375286929800e-04;   -4444514
4.7377286669800e-04;   -4444512
4.7379117478300e-04;   -4444512
4.7381116800900e-04;   -4444510
4.7382947619300e-04;   -4444510
4.7384946960000e-04;   -4444508
4.7386777350600e-04;   -4444508
4.7388777083400e-04;   -4444506
4.7390607856700e-04;   -4444506
4.7392607191100e-04;   -4444503
4.7394604131900e-04;   -4444503
4.7396437319300e-04;   -4444502
4.7398434254400e-04;   -4444502
4.7400267447700e-04;   -4444501
4.7402264779700e-04;   -4444501
4.7404097582200e-04;   -4444500
4.7406094517800e-04;   -4444500
4.7407927736600e-04;   -4444499
4.7409925075600e-04;   -4444499
4.7411757886200e-04;   -4444499
4.7413754810700e-04;   -4444499
4.7415754540600e-04;   -4444500
4.7417584939600e-04;   -4444500
4.7419584664000e-04;   -4444503
4.7421415459900e-04;   -4444503
4.7423414808100e-04;   -4444508
4.7425245217700e-04;   -4444508
4.7427244946600e-04;   -4444514
4.7429075768500e-04;   -4444514
4.7431075099000e-04;   -4444519
4.7432905904900e-04;   -4444519
4.7434905238000e-04;   -4444524
4.7436902171900e-04;   -4444524
4.7438735394200e-04;   -4444528
4.7440732723800e-04;   -4444528
4.7442565514200e-04;   -4444532
4.7444562447300e-04;   -4444532
4.7446395667800e-04;   -4444534
4.7448392625100e-04;   -4444534
4.7450225839000e-04;   -4444536
4.7452223154600e-04;   -4444536
4.7454055941600e-04;   -4444537
4.7456052886900e-04;   -4444537
4.7458052622100e-04;   -4444537
4.7459883425800e-04;   -4444537
4.7461882753800e-04;   -4444536
4.7463713155900e-04;   -4444536
4.7465712915800e-04;   -4444535
4.7467543319600e-04;   -4444535
4.7469543063900e-04;   -4444533
4.7471373868800e-04;   -4444533
4.7473373209800e-04;   -4444531
4.7475370154800e-04;   -4444531
4.7477203362100e-04;   -4444529
4.7479200715500e-04;   -4444529
4.7481033522800e-04;   -4444527
4.7483030865400e-04;   -4444527
4.7484863658200e-04;   -4444525
4.7486860607000e-04;   -4444525
4.7488693813700e-04;   -4444523
4.7490691149300e-04;   -4444523
4.7492523947800e-04;   -4444521
4.7494520878700e-04;   -4444521
4.7496520601600e-04;   -4444520
4.7498351010200e-04;   -4444520
4.7500350736900e-04;   -4444519
4.7502181545200e-04;   -4444519
4.7504180865500e-04;   -4444519
4.7506011288400e-04;   -4444519
4.7508011016100e-04;   -4444518
4.7509841813200e-04;   -4444518
4.7511841143500e-04;   -4444516
4.7513838071300e-04;   -4444516
4.7515671279200e-04;   -4444514
4.7517668214600e-04;   -4444514
4.7519501429600e-04;   -4444511
4.7521498759900e-04;   -4444511
4.7523331563500e-04;   -4444508
4.7525328500600e-04;   -4444508
4.7527161714800e-04;   -4444504
4.7529159041000e-04;   -4444504
4.7530991849500e-04;   -4444502
4.7532989184700e-04;   -4444502
4.7534822001700e-04;   -4444499
4.7536818932900e-04;   -4444499
4.7538818668800e-04;   -4444498
4.7540649481700e-04;   -4444498
4.7542648808600e-04;   -4444497
4.7544479237300e-04;   -4444497
4.7546478978300e-04;   -4444497
4.7548309383500e-04;   -4444497
4.7550309122200e-04;   -4444498
4.7552139924100e-04;   -4444498
4.7554139255500e-04;   -4444499
4.7556136190800e-04;   -4444499
4.7557969390500e-04;   -4444500
4.7559966735500e-04;   -4444500
4.7561799538200e-04;   -4444501
4.7563796489600e-04;   -4444501
4.7565629688800e-04;   -4444502
4.7567626622200e-04;   -4444502
4.7569459816400e-04;   -4444503
4.7571457162300e-04;   -4444503
4.7573289953200e-04;   -4444504
4.7575286874800e-04;   -4444504
4.7577286639700e-04;   -4444505
4.7579117443400e-04;   -4444505
4.7581116766800e-04;   -4444505
4.7582947586200e-04;   -4444505
4.7584946909500e-04;   -4444506
4.7586777318500e-04;   -4444506
4.7588777056500e-04;   -4444506
4.7590607846400e-04;   -4444506
4.7592607197300e-04;   -4444507
4.7594604107300e-04;   -4444507
4.7596437297600e-04;   -4444508
4.7598434234200e-04;   -4444508
4.7600267443200e-04;   -4444509
4.7602264777000e-04;   -4444509
4.7604097584100e-04;   -4444510
4.7606094520700e-04;   -4444510
4.7607927728800e-04;   -4444510
4.7609925074200e-04;   -4444510
4.7611757875200e-04;   -4444510
4.7613754809200e-04;   -4444510
4.7615754542000e-04;   -4444509
4.7617584948700e-04;   -4444509
4.7619584684300e-04;   -4444507
4.7621415495000e-04;   -4444507
4.7623414820200e-04;   -4444504
4.7625245221800e-04;   -4444504
4.7627244968800e-04;   -4444502
4.7629075770100e-04;   -4444502
4.7631075127300e-04;   -4444499
4.7632905927000e-04;   -4444499
4.7634905282900e-04;   -4444498
4.7636902199000e-04;   -4444498
4.7638735422100e-04;   -4444496
4.7640732752900e-04;   -4444496
4.7642565560600e-04;   -4444496
4.7644562497500e-04;   -4444496
4.7646395700100e-04;   -4444496
4.7648392640500e-04;   -4444496
4.7650225847700e-04;   -4444497
4.7652223198500e-04;   -4444497
4.7654056012400e-04;   -4444499
4.7656052953300e-04;   -4444499
4.7658052687200e-04;   -4444499
4.7659883506200e-04;   -4444499
4.7661882834400e-04;   -4444500
4.7663713248300e-04;   -4444500
4.7665712969900e-04;   -4444499
4.7667543372200e-04;   -4444499
4.7669543107100e-04;   -4444499
4.7671373920200e-04;   -4444499
4.7673373241200e-04;   -4444499
4.7675370169700e-04;   -4444499
4.7677203382900e-04;   -4444500
4.7679200725900e-04;   -4444500
4.7681033528800e-04;   -4444501
4.7683030865200e-04;   -4444501
4.7684863677600e-04;   -4444503
4.7686860602700e-04;   -4444503
4.7688693814200e-04;   -4444504
4.7690691140100e-04;   -4444504
4.7692523964600e-04;   -4444506
4.7694520896600e-04;   -4444506
4.7696520626200e-04;   -4444508
4.7698351030700e-04;   -4444508
4.7700350786700e-04;   -4444510
4.7702181588700e-04;   -4444510
4.7704180937300e-04;   -4444512
4.7706011347600e-04;   -4444512
4.7708011067200e-04;   -4444512
4.7709841850700e-04;   -4444512
4.7711841184700e-04;   -4444512
4.7713838116800e-04;   -4444512
4.7715671323900e-04;   -4444511
4.7717668257000e-04;   -4444511
4.7719501459100e-04;   -4444509
4.7721498798500e-04;   -4444509
4.7723331608100e-04;   -4444507
4.7725328527300e-04;   -4444507
4.7727161757600e-04;   -4444504
4.7729159094700e-04;   -4444504
4.7730991904800e-04;   -4444501
4.7732989253100e-04;   -4444501
4.7734822071100e-04;   -4444497
4.7736818983100e-04;   -4444497
4.7738818728200e-04;   -4444493
4.7740649544100e-04;   -4444493
4.7742648878300e-04;   -4444490
4.7744479297700e-04;   -4444490
4.7746479005900e-04;   -4444488
4.7748309419500e-04;   -4444488
4.7750309160200e-04;   -4444487
4.7752139956400e-04;   -4444487
4.7754139301600e-04;   -4444486
4.7756136231500e-04;   -4444486
4.7757969463000e-04;   -4444486
4.7759966806300e-04;   -4444486
4.7761799601200e-04;   -4444486
4.7763796535000e-04;   -4444486
4.7765629748600e-04;   -4444485
4.7767626677100e-04;   -4444485
4.7769459904900e-04;   -4444484
4.7771457234100e-04;   -4444484
4.7773290047100e-04;   -4444483
4.7775286982200e-04;   -4444483
4.7777286723200e-04;   -4444483
4.7779117529700e-04;   -4444483
4.7781116864400e-04;   -4444481
4.7782947665200e-04;   -4444481
4.7784947006900e-04;   -4444479
4.7786777408100e-04;   -4444479
4.7788777137100e-04;   -4444477
4.7790607952400e-04;   -4444477
4.7792607292500e-04;   -4444476
4.7794604213000e-04;   -4444476
4.7796437426000e-04;   -4444476
4.7798434366700e-04;   -4444476
4.7800267568100e-04;   -4444476
4.7802264893600e-04;   -4444476
4.7804097703100e-04;   -4444477
4.7806094626500e-04;   -4444477
4.7807927840600e-04;   -4444478
4.7809925169000e-04;   -4444478
4.7811757972000e-04;   -4444479
4.7813754915900e-04;   -4444479
4.7815754655600e-04;   -4444480
4.7817585050900e-04;   -4444480
4.7819584792600e-04;   -4444480
4.7821415592000e-04;   -4444480
4.7823414920600e-04;   -4444479
4.7825245325000e-04;   -4444479
4.7827245068000e-04;   -4444477
4.7829075860300e-04;   -4444477
4.7831075213700e-04;   -4444474
4.7832906021400e-04;   -4444474
4.7834905349900e-04;   -4444472
4.7836902280300e-04;   -4444472
4.7838735488600e-04;   -4444471
4.7840732824900e-04;   -4444471
4.7842565644000e-04;   -4444470
4.7844562586100e-04;   -4444470
4.7846395789200e-04;   -4444471
4.7848392710700e-04;   -4444471
4.7850225904800e-04;   -4444473
4.7852223244000e-04;   -4444473
4.7854056034700e-04;   -4444475
4.7856052980700e-04;   -4444475
4.7858052707400e-04;   -4444477
4.7859883521700e-04;   -4444477
4.7861882852900e-04;   -4444479
4.7863713265100e-04;   -4444479
4.7865712997200e-04;   -4444480
4.7867543406400e-04;   -4444480
4.7869543151200e-04;   -4444481
4.7871373964700e-04;   -4444481
4.7873373304000e-04;   -4444481
4.7875370242400e-04;   -4444481
4.7877203440000e-04;   -4444481
4.7879200781500e-04;   -4444481
4.7881033584200e-04;   -4444482
4.7883030934900e-04;   -4444482
4.7884863734600e-04;   -4444482
4.7886860667200e-04;   -4444482
4.7888693875200e-04;   -4444483
4.7890691217100e-04;   -4444483
4.7892524017300e-04;   -4444485
4.7894520949000e-04;   -4444485
4.7896520694400e-04;   -4444487
4.7898351112000e-04;   -4444487
4.7900350857000e-04;   -4444489
4.7902181671700e-04;   -4444489
4.7904181012000e-04;   -4444492
4.7906011411500e-04;   -4444492
4.7908011158400e-04;   -4444494
4.7909841956700e-04;   -4444494
4.7911841290200e-04;   -4444495
4.7913838200200e-04;   -4444495
4.7915671397900e-04;   -4444496
4.7917668332000e-04;   -4444496
4.7919501545100e-04;   -4444496
4.7921498891500e-04;   -4444496
4.7923331702700e-04;   -4444497
4.7925328646800e-04;   -4444497
4.7927161854600e-04;   -4444499
4.7929159188400e-04;   -4444499
4.7930991990900e-04;   -4444499
4.7932989327700e-04;   -4444499
4.7934822115100e-04;   -4444499
4.7936819079100e-04;   -4444499
4.7938818797700e-04;   -4444499
4.7940649609000e-04;   -4444499
4.7942648950500e-04;   -4444498
4.7944479344500e-04;   -4444498
4.7946479076400e-04;   -4444498
4.7948309494300e-04;   -4444498
4.7950309234000e-04;   -4444498
4.7952140039500e-04;   -4444498
4.7954139375600e-04;   -4444498
4.7956136306200e-04;   -4444498
4.7957969517900e-04;   -4444498
4.7959966859400e-04;   -4444498
4.7961799683900e-04;   -4444498
4.7963796610800e-04;   -4444498
4.7965629821000e-04;   -4444497
4.7967626747300e-04;   -4444497
4.7969459956600e-04;   -4444495
4.7971457299400e-04;   -4444495
4.7973290097100e-04;   -4444494
4.7975287030200e-04;   -4444494
4.7977286775200e-04;   -4444492
4.7979117597400e-04;   -4444492
4.7981116925400e-04;   -4444490
4.7982947718700e-04;   -4444490
4.7984947051900e-04;   -4444487
4.7986777453300e-04;   -4444487
4.7988777169100e-04;   -4444485
4.7990607987200e-04;   -4444485
4.7992607321100e-04;   -4444482
4.7994604249000e-04;   -4444482
4.7996437448500e-04;   -4444481
4.7998434393800e-04;   -4444481
4.8000267593500e-04;   -4444481
4.8002264935100e-04;   -4444481
4.8004097738800e-04;   -4444481
4.8006094683300e-04;   -4444481
4.8007927897800e-04;   -4444482
4.8009925215400e-04;   -4444482
4.8011758024300e-04;   -4444482
4.8013754976500e-04;   -4444482
4.8015754700100e-04;   -4444483
4.8017585114600e-04;   -4444483
4.8019584843200e-04;   -4444482
4.8021415642300e-04;   -4444482
4.8023414979300e-04;   -4444481
4.8025245397700e-04;   -4444481
4.8027245125000e-04;   -4444479
4.8029075936000e-04;   -4444479
4.8031075279600e-04;   -4444475
4.8032906071000e-04;   -4444475
4.8034905421700e-04;   -4444471
4.8036902370200e-04;   -4444471
4.8038735575500e-04;   -4444467
4.8040732889600e-04;   -4444467
4.8042565700300e-04;   -4444464
4.8044562632000e-04;   -4444464
4.8046395836600e-04;   -4444462
4.8048392775600e-04;   -4444462
4.8050225964400e-04;   -4444462
4.8052223299300e-04;   -4444462
4.8054056116500e-04;   -4444463
4.8056053053900e-04;   -4444463
4.8058052797700e-04;   -4444464
4.8059883614300e-04;   -4444464
4.8061882936900e-04;   -4444465
4.8063713348400e-04;   -4444465
4.8065713103300e-04;   -4444466
4.8067543498800e-04;   -4444466
4.8069543232500e-04;   -4444467
4.8071374052700e-04;   -4444467
4.8073373374700e-04;   -4444467
4.8075370306300e-04;   -4444467
4.8077203507600e-04;   -4444466
4.8079200845500e-04;   -4444466
4.8081033653300e-04;   -4444464
4.8083030979300e-04;   -4444464
4.8084863792600e-04;   -4444461
4.8086860735200e-04;   -4444461
4.8088693936300e-04;   -4444459
4.8090691270200e-04;   -4444459
4.8092524076600e-04;   -4444457
4.8094521003500e-04;   -4444457
4.8096520743700e-04;   -4444456
4.8098351153400e-04;   -4444456
4.8100350883300e-04;   -4444457
4.8102181678900e-04;   -4444457
4.8104181017100e-04;   -4444458
4.8106011422200e-04;   -4444458
4.8108011150300e-04;   -4444460
4.8109841963300e-04;   -4444460
4.8111841292000e-04;   -4444462
4.8113838222100e-04;   -4444462
4.8115671426500e-04;   -4444464
4.8117668358400e-04;   -4444464
4.8119501563800e-04;   -4444465
4.8121498901100e-04;   -4444465
4.8123331695900e-04;   -4444466
4.8125328650100e-04;   -4444466
4.8127161856800e-04;   -4444465
4.8129159188700e-04;   -4444465
4.8130991996600e-04;   -4444464
4.8132989342300e-04;   -4444464
4.8134822161700e-04;   -4444463
4.8136819089400e-04;   -4444463
4.8138818827900e-04;   -4444463
4.8140649606800e-04;   -4444463
4.8142648947300e-04;   -4444464
4.8144479346800e-04;   -4444464
4.8146479074800e-04;   -4444466
4.8148309485400e-04;   -4444466
4.8150309227300e-04;   -4444469
4.8152140034700e-04;   -4444469
4.8154139377400e-04;   -4444472
4.8156136298100e-04;   -4444472
4.8157969487600e-04;   -4444475
4.8159966816400e-04;   -4444475
4.8161799621200e-04;   -4444477
4.8163796573400e-04;   -4444477
4.8165629774900e-04;   -4444479
4.8167626708600e-04;   -4444479
4.8169459921600e-04;   -4444480
4.8171457262100e-04;   -4444480
4.8173290081500e-04;   -4444481
4.8175287014200e-04;   -4444481
4.8177286754000e-04;   -4444481
4.8179117558400e-04;   -4444481
4.8181116889400e-04;   -4444481
4.8182947704300e-04;   -4444481
4.8184947035300e-04;   -4444480
4.8186777442200e-04;   -4444480
4.8188777175000e-04;   -4444479
4.8190607998600e-04;   -4444479
4.8192607344600e-04;   -4444478
4.8194604274200e-04;   -4444478
4.8196437472000e-04;   -4444478
4.8198434401200e-04;   -4444478
4.8200267599300e-04;   -4444478
4.8202264918600e-04;   -4444478
4.8204097744300e-04;   -4444479
4.8206094692000e-04;   -4444479
4.8207927901900e-04;   -4444480
4.8209925248400e-04;   -4444480
4.8211758063200e-04;   -4444481
4.8213754977600e-04;   -4444481
4.8215754732100e-04;   -4444482
4.8217585124800e-04;   -4444482
4.8219584865400e-04;   -4444482
4.8221415697200e-04;   -4444482
4.8223415015400e-04;   -4444481
4.8225245424900e-04;   -4444481
4.8227245147300e-04;   -4444479
4.8229075946900e-04;   -4444479
4.8231075293600e-04;   -4444476
4.8232906102600e-04;   -4444476
4.8234905436700e-04;   -4444471
4.8236902354300e-04;   -4444471
4.8238735571800e-04;   -4444468
4.8240732903400e-04;   -4444468
4.8242565705100e-04;   -4444465
4.8244562643300e-04;   -4444465
4.8246395859400e-04;   -4444463
4.8248392793600e-04;   -4444463
4.8250226000600e-04;   -4444463
4.8252223340100e-04;   -4444463
4.8254056138100e-04;   -4444463
4.8256053080600e-04;   -4444463
4.8258052820500e-04;   -4444464
4.8259883619000e-04;   -4444464
4.8261882948000e-04;   -4444466
4.8263713349000e-04;   -4444466
4.8265713078000e-04;   -4444467
4.8267543488600e-04;   -4444467
4.8269543239300e-04;   -4444468
4.8271374038800e-04;   -4444468
4.8273373374400e-04;   -4444468
4.8275370294500e-04;   -4444468
4.8277203514000e-04;   -4444467
4.8279200838600e-04;   -4444467
4.8281033642900e-04;   -4444465
4.8283030979400e-04;   -4444465
4.8284863798100e-04;   -4444462
4.8286860725000e-04;   -4444462
4.8288693933600e-04;   -4444460
4.8290691265400e-04;   -4444460
4.8292524081700e-04;   -4444458
4.8294520992500e-04;   -4444458
4.8296520732300e-04;   -4444457
4.8298351124600e-04;   -4444457
4.8300350867000e-04;   -4444458
4.8302181671800e-04;   -4444458
4.8304181001800e-04;   -4444459
4.8306011388000e-04;   -4444459
4.8308011120300e-04;   -4444461
4.8309841939100e-04;   -4444461
4.8311841259200e-04;   -4444463
4.8313838206300e-04;   -4444463
4.8315671418900e-04;   -4444465
4.8317668356200e-04;   -4444465
4.8319501557400e-04;   -4444466
4.8321498890400e-04;   -4444466
4.8323331694300e-04;   -4444467
4.8325328615600e-04;   -4444467
4.8327161812100e-04;   -4444469
4.8329159136400e-04;   -4444469
4.8330991941600e-04;   -4444470
4.8332989270900e-04;   -4444470
4.8334822086300e-04;   -4444472
4.8336819004200e-04;   -4444472
4.8338818735700e-04;   -4444474
4.8340649546000e-04;   -4444474
4.8342648881200e-04;   -4444477
4.8344479282000e-04;   -4444477
4.8346479035700e-04;   -4444481
4.8348309449800e-04;   -4444481
4.8350309185300e-04;   -4444484
4.8352139989400e-04;   -4444484
4.8354139302600e-04;   -4444488
4.8356136229900e-04;   -4444488
4.8357969441500e-04;   -4444491
4.8359966773300e-04;   -4444491
4.8361799579000e-04;   -4444493
4.8363796519500e-04;   -4444493
4.8365629714000e-04;   -4444494
4.8367626649200e-04;   -4444494
4.8369459870100e-04;   -4444494
4.8371457215200e-04;   -4444494
4.8373290021200e-04;   -4444494
4.8375286959400e-04;   -4444494
4.8377286688600e-04;   -4444493
4.8379117507400e-04;   -4444493
4.8381116857600e-04;   -4444492
4.8382947651200e-04;   -4444492
4.8384946990800e-04;   -4444490
4.8386777407300e-04;   -4444490
4.8388777140100e-04;   -4444487
4.8390607950800e-04;   -4444487
4.8392607289100e-04;   -4444486
4.8394604213700e-04;   -4444486
4.8396437435800e-04;   -4444485
4.8398434369700e-04;   -4444485
4.8400267581200e-04;   -4444484
4.8402264916900e-04;   -4444484
4.8404097732800e-04;   -4444485
4.8406094670300e-04;   -4444485
4.8407927879700e-04;   -4444485
4.8409925220000e-04;   -4444485
4.8411758037300e-04;   -4444485
4.8413754964300e-04;   -4444485
4.8415754691000e-04;   -4444486
4.8417585096900e-04;   -4444486
4.8419584831000e-04;   -4444485
4.8421415630500e-04;   -4444485
4.8423414956300e-04;   -4444484
4.8425245376500e-04;   -4444484
4.8427245092400e-04;   -4444481
4.8429075885000e-04;   -4444481
4.8431075226600e-04;   -4444478
4.8432906033300e-04;   -4444478
4.8434905375300e-04;   -4444474
4.8436902305000e-04;   -4444474
4.8438735507600e-04;   -4444470
4.8440732838600e-04;   -4444470
4.8442565639500e-04;   -4444466
4.8444562559100e-04;   -4444466
4.8446395766500e-04;   -4444465
4.8448392718300e-04;   -4444465
4.8450225932900e-04;   -4444464
4.8452223277300e-04;   -4444464
4.8454056086800e-04;   -4444465
4.8456053030100e-04;   -4444465
4.8458052763400e-04;   -4444466
4.8459883566700e-04;   -4444466
4.8461882893400e-04;   -4444467
4.8463713319500e-04;   -4444467
4.8465713041700e-04;   -4444468
4.8467543451100e-04;   -4444468
4.8469543170100e-04;   -4444469
4.8471373962400e-04;   -4444469
4.8473373310500e-04;   -4444469
4.8475370253900e-04;   -4444469
4.8477203474800e-04;   -4444469
4.8479200806300e-04;   -4444469
4.8481033612000e-04;   -4444466
4.8483030941000e-04;   -4444466
4.8484863764300e-04;   -4444464
4.8486860694900e-04;   -4444464
4.8488693892200e-04;   -4444460
4.8490691227100e-04;   -4444460
4.8492524038300e-04;   -4444456
4.8494520977800e-04;   -4444456
4.8496520730600e-04;   -4444453
4.8498351130000e-04;   -4444453
4.8500350877300e-04;   -4444451
4.8502181684600e-04;   -4444451
4.8504181027400e-04;   -4444450
4.8506011434700e-04;   -4444450
4.8508011172200e-04;   -4444450
4.8509841986600e-04;   -4444450
4.8511841325200e-04;   -4444450
4.8513838242300e-04;   -4444450
4.8515671437700e-04;   -4444451
4.8517668365100e-04;   -4444451
4.8519501573900e-04;   -4444452
4.8521498925200e-04;   -4444452
4.8523331738200e-04;   -4444452
4.8525328683000e-04;   -4444452
4.8527161903200e-04;   -4444452
4.8529159250400e-04;   -4444452
4.8530992054500e-04;   -4444451
4.8532989379200e-04;   -4444451
4.8534822176600e-04;   -4444449
4.8536819105700e-04;   -4444449
4.8538818835600e-04;   -4444448
4.8540649644100e-04;   -4444448
4.8542648990000e-04;   -4444447
4.8544479385200e-04;   -4444447
4.8546479112700e-04;   -4444448
4.8548309526900e-04;   -4444448
4.8550309254600e-04;   -4444449
4.8552140068400e-04;   -4444449
4.8554139412800e-04;   -4444452
4.8556136354700e-04;   -4444452
4.8557969555100e-04;   -4444455
4.8559966893100e-04;   -4444455
4.8561799688300e-04;   -4444458
4.8563796632600e-04;   -4444458
4.8565629842600e-04;   -4444460
4.8567626766900e-04;   -4444460
4.8569459976600e-04;   -4444463
4.8571457302300e-04;   -4444463
4.8573290099600e-04;   -4444465
4.8575287048000e-04;   -4444465
4.8577286796700e-04;   -4444467
4.8579117598100e-04;   -4444467
4.8581116925200e-04;   -4444468
4.8582947740400e-04;   -4444468
4.8584947088600e-04;   -4444468
4.8586777495300e-04;   -4444468
4.8588777228500e-04;   -4444469
4.8590608045200e-04;   -4444469
4.8592607384300e-04;   -4444469
4.8594604316000e-04;   -4444469
4.8596437541300e-04;   -4444470
4.8598434467000e-04;   -4444470
4.8600267675800e-04;   -4444472
4.8602265024500e-04;   -4444472
4.8604097829200e-04;   -4444474
4.8606094760100e-04;   -4444474
4.8607927953900e-04;   -4444476
4.8609925286600e-04;   -4444476
4.8611758091500e-04;   -4444478
4.8613755031100e-04;   -4444478
4.8615754777800e-04;   -4444479
4.8617585171200e-04;   -4444479
4.8619584924400e-04;   -4444480
4.8621415725800e-04;   -4444480
4.8623415072400e-04;   -4444480
4.8625245464600e-04;   -4444480
4.8627245207500e-04;   -4444478
4.8629076000600e-04;   -4444478
4.8631075334300e-04;   -4444475
4.8632906146600e-04;   -4444475
4.8634905477800e-04;   -4444472
4.8636902415200e-04;   -4444472
4.8638735619400e-04;   -4444467
4.8640732956000e-04;   -4444467
4.8642565764800e-04;   -4444463
4.8644562709700e-04;   -4444463
4.8646395907200e-04;   -4444459
4.8648392841400e-04;   -4444459
4.8650226039200e-04;   -4444456
4.8652223366600e-04;   -4444456
4.8654056172000e-04;   -4444454
4.8656053115000e-04;   -4444454
4.8658052828000e-04;   -4444454
4.8659883628700e-04;   -4444454
4.8661882975400e-04;   -4444454
4.8663713378400e-04;   -4444454
4.8665713100900e-04;   -4444454
4.8667543515900e-04;   -4444454
4.8669543245900e-04;   -4444455
4.8671374048600e-04;   -4444455
4.8673373391000e-04;   -4444455
4.8675370324700e-04;   -4444455
4.8677203513300e-04;   -4444454
4.8679200847400e-04;   -4444454
4.8681033656600e-04;   -4444453
4.8683030979000e-04;   -4444453
4.8684863786200e-04;   -4444450
4.8686860723300e-04;   -4444450
4.8688693911500e-04;   -4444447
4.8690691238800e-04;   -4444447
4.8692524054400e-04;   -4444443
4.8694520986300e-04;   -4444443
4.8696520710900e-04;   -4444441
4.8698351108700e-04;   -4444441
4.8700350848900e-04;   -4444440
4.8702181671300e-04;   -4444440
4.8704181008300e-04;   -4444441
4.8706011402000e-04;   -4444441
4.8708011132600e-04;   -4444442
4.8709841941800e-04;   -4444442
4.8711841274300e-04;   -4444445
4.8713838211700e-04;   -4444445
4.8715671408700e-04;   -4444449
4.8717668332800e-04;   -4444449
4.8719501535100e-04;   -4444454
4.8721498871600e-04;   -4444454
4.8723331670700e-04;   -4444458
4.8725328597700e-04;   -4444458
4.8727161819300e-04;   -4444461
4.8729159134000e-04;   -4444461
4.8730991959100e-04;   -4444462
4.8732989282800e-04;   -4444462
4.8734822106200e-04;   -4444463
4.8736819031900e-04;   -4444463
4.8738818747900e-04;   -4444463
4.8740649562200e-04;   -4444463
4.8742648888300e-04;   -4444463
4.8744479290800e-04;   -4444463
4.8746479017500e-04;   -4444464
4.8748309409900e-04;   -4444464
4.8750309144800e-04;   -4444465
4.8752139947900e-04;   -4444465
4.8754139271600e-04;   -4444467
4.8756136202700e-04;   -4444467
4.8757969412900e-04;   -4444469
4.8759966741500e-04;   -4444469
4.8761799546700e-04;   -4444471
4.8763796477600e-04;   -4444471
4.8765629683000e-04;   -4444473
4.8767626615100e-04;   -4444473
4.8769459835300e-04;   -4444475
4.8771457156000e-04;   -4444475
4.8773289970700e-04;   -4444478
4.8775286904900e-04;   -4444478
4.8777286643100e-04;   -4444481
4.8779117441100e-04;   -4444481
4.8781116774100e-04;   -4444484
4.8782947598600e-04;   -4444484
4.8784946912800e-04;   -4444486
4.8786777328200e-04;   -4444486
4.8788777063400e-04;   -4444487
4.8790607866700e-04;   -4444487
4.8792607208700e-04;   -4444488
4.8794604125700e-04;   -4444488
4.8796437339900e-04;   -4444490
4.8798434282900e-04;   -4444490
4.8800267486000e-04;   -4444492
4.8802264824300e-04;   -4444492
4.8804097621000e-04;   -4444493
4.8806094560300e-04;   -4444493
4.8807927768800e-04;   -4444495
4.8809925103300e-04;   -4444495
4.8811757894400e-04;   -4444495
4.8813754826200e-04;   -4444495
4.8815754550800e-04;   -4444495
4.8817584961300e-04;   -4444495
4.8819584706500e-04;   -4444495
4.8821415495000e-04;   -4444495
4.8823414837900e-04;   -4444494
4.8825245233500e-04;   -4444494
4.8827244972500e-04;   -4444494
4.8829075778200e-04;   -4444494
4.8831075121000e-04;   -4444495
4.8832905930400e-04;   -4444495
4.8834905252200e-04;   -4444497
4.8836902183000e-04;   -4444497
4.8838735387700e-04;   -4444500
4.8840732721500e-04;   -4444500
4.8842565527500e-04;   -4444503
4.8844562463100e-04;   -4444503
4.8846395662500e-04;   -4444507
4.8848392583400e-04;   -4444507
4.8850225806900e-04;   -4444510
4.8852223122900e-04;   -4444510
4.8854055926800e-04;   -4444513
4.8856052875100e-04;   -4444513
4.8858052608300e-04;   -4444516
4.8859883418300e-04;   -4444516
4.8861882758300e-04;   -4444517
4.8863713164500e-04;   -4444517
4.8865712909500e-04;   -4444516
4.8867543311400e-04;   -4444516
4.8869543047900e-04;   -4444515
4.8871373836400e-04;   -4444515
4.8873373162800e-04;   -4444512
4.8875370088000e-04;   -4444512
4.8877203306100e-04;   -4444508
4.8879200647500e-04;   -4444508
4.8881033464700e-04;   -4444504
4.8883030798300e-04;   -4444504
4.8884863602600e-04;   -4444499
4.8886860536900e-04;   -4444499
4.8888693743700e-04;   -4444496
4.8890691093600e-04;   -4444496
4.8892523894500e-04;   -4444493
4.8894520838800e-04;   -4444493
4.8896520582400e-04;   -4444492
4.8898350981600e-04;   -4444492
4.8900350716100e-04;   -4444491
4.8902181517700e-04;   -4444491
4.8904180865800e-04;   -4444492
4.8906011279100e-04;   -4444492
4.8908011016800e-04;   -4444492
4.8909841827700e-04;   -4444492
4.8911841170800e-04;   -4444493
4.8913838106900e-04;   -4444493
4.8915671308000e-04;   -4444493
4.8917668250400e-04;   -4444493
4.8919501456700e-04;   -4444492
4.8921498780300e-04;   -4444492
4.8923331576800e-04;   -4444492
4.8925328524400e-04;   -4444492
4.8927161744300e-04;   -4444491
4.8929159077400e-04;   -4444491
4.8930991889700e-04;   -4444490
4.8932989216100e-04;   -4444490
4.8934822021800e-04;   -4444490
4.8936818951700e-04;   -4444490
4.8938818695500e-04;   -4444491
4.8940649499700e-04;   -4444491
4.8942648837500e-04;   -4444492
4.8944479237100e-04;   -4444492
4.8946478956300e-04;   -4444494
4.8948309372400e-04;   -4444494
4.8950309108700e-04;   -4444496
4.8952139912600e-04;   -4444496
4.8954139263300e-04;   -4444498
4.8956136200500e-04;   -4444498
4.8957969405800e-04;   -4444500
4.8959966748100e-04;   -4444500
4.8961799551900e-04;   -4444501
4.8963796481700e-04;   -4444501
4.8965629701700e-04;   -4444502
4.8967626637000e-04;   -4444502
4.8969459837000e-04;   -4444501
4.8971457177700e-04;   -4444501
4.8973289976200e-04;   -4444500
4.8975286916500e-04;   -4444500
4.8977286663400e-04;   -4444499
4.8979117472400e-04;   -4444499
4.8981116783500e-04;   -4444497
4.8982947608100e-04;   -4444497
4.8984946934400e-04;   -4444494
4.8986777332700e-04;   -4444494
4.8988777068000e-04;   -4444492
4.8990607889700e-04;   -4444492
4.8992607233600e-04;   -4444490
4.8994604165600e-04;   -4444490
4.8996437371300e-04;   -4444489
4.8998434304900e-04;   -4444489
4.9000267504700e-04;   -4444488
4.9002264818500e-04;   -4444488
4.9004097622800e-04;   -4444488
4.9006094550700e-04;   -4444488
4.9007927761200e-04;   -4444489
4.9009925092600e-04;   -4444489
4.9011757899300e-04;   -4444489
4.9013754835400e-04;   -4444489
4.9015754579500e-04;   -4444489
4.9017584974800e-04;   -4444489
4.9019584698700e-04;   -4444489
4.9021415512700e-04;   -4444489
4.9023414836700e-04;   -4444491
4.9025245257100e-04;   -4444491
4.9027244990000e-04;   -4444493
4.9029075788800e-04;   -4444493
4.9031075141700e-04;   -4444494
4.9032905946000e-04;   -4444494
4.9034905279200e-04;   -4444495
4.9036902196500e-04;   -4444495
4.9038735404300e-04;   -4444495
4.9040732735200e-04;   -4444495
4.9042565561100e-04;   -4444496
4.9044562473700e-04;   -4444496
4.9046395689500e-04;   -4444496
4.9048392606800e-04;   -4444496
4.9050225806800e-04;   -4444497
4.9052223156200e-04;   -4444497
4.9054055957400e-04;   -4444498
4.9056052900300e-04;   -4444498
4.9058052642500e-04;   -4444499
4.9059883446900e-04;   -4444499
4.9061882780000e-04;   -4444500
4.9063713194700e-04;   -4444500
4.9065712940100e-04;   -4444502
4.9067543344100e-04;   -4444502
4.9069543059800e-04;   -4444503
4.9071373892800e-04;   -4444503
4.9073373234800e-04;   -4444504
4.9075370151200e-04;   -4444504
4.9077203369600e-04;   -4444503
4.9079200708500e-04;   -4444503
4.9081033494900e-04;   -4444502
4.9083030835800e-04;   -4444502
4.9084863644200e-04;   -4444500
4.9086860579500e-04;   -4444500
4.9088693787900e-04;   -4444499
4.9090691124900e-04;   -4444499
4.9092523918700e-04;   -4444498
4.9094520863000e-04;   -4444498
4.9096520602600e-04;   -4444498
4.9098350999000e-04;   -4444498
4.9100350731300e-04;   -4444498
4.9102181528700e-04;   -4444498
4.9104180867100e-04;   -4444499
4.9106011270800e-04;   -4444499
4.9108010993500e-04;   -4444500
4.9109841792100e-04;   -4444500
4.9111841136500e-04;   -4444500
4.9113838078500e-04;   -4444500
4.9115671289700e-04;   -4444501
4.9117668225300e-04;   -4444501
4.9119501440700e-04;   -4444503
4.9121498766400e-04;   -4444503
4.9123331569800e-04;   -4444506
4.9125328506900e-04;   -4444506
4.9127161712700e-04;   -4444510
4.9129159040000e-04;   -4444510
4.9130991843400e-04;   -4444514
4.9132989196000e-04;   -4444514
4.9134821990800e-04;   -4444518
4.9136818917600e-04;   -4444518
4.9138818655200e-04;   -4444521
4.9140649457300e-04;   -4444521
4.9142648781800e-04;   -4444525
4.9144479195900e-04;   -4444525
4.9146478911800e-04;   -4444527
4.9148309326700e-04;   -4444527
4.9150309066300e-04;   -4444530
4.9152139884600e-04;   -4444530
4.9154139226400e-04;   -4444531
4.9156136160900e-04;   -4444531
4.9157969378900e-04;   -4444532
4.9159966711100e-04;   -4444532
4.9161799513800e-04;   -4444532
4.9163796456100e-04;   -4444532
4.9165629649800e-04;   -4444532
4.9167626584700e-04;   -4444532
4.9169459786100e-04;   -4444532
4.9171457112700e-04;   -4444532
4.9173289923000e-04;   -4444530
4.9175286865600e-04;   -4444530
4.9177286595600e-04;   -4444527
4.9179117395100e-04;   -4444527
4.9181116729600e-04;   -4444524
4.9182947538700e-04;   -4444524
4.9184946873900e-04;   -4444520
4.9186777285200e-04;   -4444520
4.9188777022400e-04;   -4444516
4.9190607827700e-04;   -4444516
4.9192607176900e-04;   -4444513
4.9194604099100e-04;   -4444513
4.9196437312000e-04;   -4444511
4.9198434227400e-04;   -4444511
4.9200267453200e-04;   -4444510
4.9202264776600e-04;   -4444510
4.9204097592600e-04;   -4444509
4.9206094517300e-04;   -4444509
4.9207927724100e-04;   -4444509
4.9209925050300e-04;   -4444509
4.9211757863200e-04;   -4444508
4.9213754801500e-04;   -4444508
4.9215754546900e-04;   -4444506
4.9217584963500e-04;   -4444506
4.9219584709600e-04;   -4444505
4.9221415497900e-04;   -4444505
4.9223414828300e-04;   -4444503
4.9225245239200e-04;   -4444503
4.9227244966700e-04;   -4444501
4.9229075793800e-04;   -4444501
4.9231075131500e-04;   -4444498
4.9232905940800e-04;   -4444498
4.9234905272300e-04;   -4444495
4.9236902210300e-04;   -4444495
4.9238735422500e-04;   -4444493
4.9240732770600e-04;   -4444493
4.9242565577400e-04;   -4444490
4.9244562497800e-04;   -4444490
4.9246395713500e-04;   -4444489
4.9248392657000e-04;   -4444489
4.9250225856900e-04;   -4444489
4.9252223194100e-04;   -4444489
4.9254056000100e-04;   -4444489
4.9256052925300e-04;   -4444489
4.9258052661800e-04;   -4444489
4.9259883480800e-04;   -4444489
4.9261882800400e-04;   -4444489
4.9263713211600e-04;   -4444489
4.9265712960700e-04;   -4444490
4.9267543375000e-04;   -4444490
4.9269543096500e-04;   -4444493
4.9271373919500e-04;   -4444493
4.9273373255900e-04;   -4444497
4.9275370191400e-04;   -4444497
4.9277203394400e-04;   -4444501
4.9279200721800e-04;   -4444501
4.9281033516200e-04;   -4444506
4.9283030859500e-04;   -4444506
4.9284863667800e-04;   -4444511
4.9286860606200e-04;   -4444511
4.9288693814100e-04;   -4444515
4.9290691155700e-04;   -4444515
4.9292523967100e-04;   -4444519
4.9294520896000e-04;   -4444519
4.9296520631100e-04;   -4444523
4.9298351036500e-04;   -4444523
4.9300350769800e-04;   -4444526
4.9302181555800e-04;   -4444526
4.9304180881400e-04;   -4444528
4.9306011279000e-04;   -4444528
4.9308011024700e-04;   -4444529
4.9309841835100e-04;   -4444529
4.9311841163800e-04;   -4444530
4.9313838109100e-04;   -4444530
4.9315671311700e-04;   -4444531
4.9317668261700e-04;   -4444531
4.9319501476300e-04;   -4444533
4.9321498825900e-04;   -4444533
4.9323331642200e-04;   -4444535
4.9325328575200e-04;   -4444535
4.9327161781400e-04;   -4444537
4.9329159124500e-04;   -4444537
4.9330991946400e-04;   -4444538
4.9332989283300e-04;   -4444538
4.9334822089200e-04;   -4444539
4.9336819031900e-04;   -4444539
4.9338818750500e-04;   -4444540
4.9340649567400e-04;   -4444540
4.9342648904400e-04;   -4444540
4.9344479326300e-04;   -4444540
4.9346479037000e-04;   -4444540
4.9348309441300e-04;   -4444540
4.9350309169200e-04;   -4444540
4.9352139989500e-04;   -4444540
4.9354139336200e-04;   -4444540
4.9356136265700e-04;   -4444540
4.9357969488200e-04;   -4444538
4.9359966819700e-04;   -4444538
4.9361799631900e-04;   -4444536
4.9363796575500e-04;   -4444536
4.9365629790700e-04;   -4444533
4.9367626738500e-04;   -4444533
4.9369459962200e-04;   -4444530
4.9371457297900e-04;   -4444530
4.9373290103800e-04;   -4444526
4.9375287052900e-04;   -4444526
4.9377286779200e-04;   -4444522
4.9379117593500e-04;   -4444522
4.9381116932300e-04;   -4444518
4.9382947727700e-04;   -4444518
4.9384947073900e-04;   -4444515
4.9386777480200e-04;   -4444515
4.9388777209200e-04;   -4444512
4.9390608017800e-04;   -4444512
4.9392607355000e-04;   -4444511
4.9394604275200e-04;   -4444511
4.9396437487100e-04;   -4444510
4.9398434422000e-04;   -4444510
4.9400267627900e-04;   -4444511
4.9402264968300e-04;   -4444511
4.9404097766600e-04;   -4444511
4.9406094702400e-04;   -4444511
4.9407927910200e-04;   -4444511
4.9409925255400e-04;   -4444511
4.9411758057800e-04;   -4444511
4.9413754991100e-04;   -4444511
4.9415754732600e-04;   -4444510
4.9417585138900e-04;   -4444510
4.9419584869900e-04;   -4444509
4.9421415665600e-04;   -4444509
4.9423414992000e-04;   -4444506
4.9425245410500e-04;   -4444506
4.9427245137600e-04;   -4444502
4.9429075951000e-04;   -4444502
4.9431075281600e-04;   -4444497
4.9432906095800e-04;   -4444497
4.9434905436200e-04;   -4444491
4.9436902388700e-04;   -4444491
4.9438735596300e-04;   -4444486
4.9440732934400e-04;   -4444486
4.9442565740000e-04;   -4444481
4.9444562674400e-04;   -4444481
4.9446395884000e-04;   -4444478
4.9448392799200e-04;   -4444478
4.9450226005500e-04;   -4444477
4.9452223349500e-04;   -4444477
4.9454056143400e-04;   -4444476
4.9456053078900e-04;   -4444476
4.9458052814400e-04;   -4444477
4.9459883620400e-04;   -4444477
4.9461882939700e-04;   -4444477
4.9463713358700e-04;   -4444477
4.9465713095400e-04;   -4444477
4.9467543498400e-04;   -4444477
4.9469543235700e-04;   -4444478
4.9471374039600e-04;   -4444478
4.9473373375800e-04;   -4444478
4.9475370317000e-04;   -4444478
4.9477203508300e-04;   -4444479
4.9479200848100e-04;   -4444479
4.9481033663800e-04;   -4444479
4.9483030996500e-04;   -4444479
4.9484863786000e-04;   -4444478
4.9486860723000e-04;   -4444478
4.9488693925000e-04;   -4444476
4.9490691258400e-04;   -4444476
4.9492524068100e-04;   -4444474
4.9494521014100e-04;   -4444474
4.9496520738300e-04;   -4444473
4.9498351141700e-04;   -4444473
4.9500350884400e-04;   -4444471
4.9502181689600e-04;   -4444471
4.9504181025500e-04;   -4444471
4.9506011426800e-04;   -4444471
4.9508011179200e-04;   -4444470
4.9509841974000e-04;   -4444470
4.9511841317400e-04;   -4444470
4.9513838261900e-04;   -4444470
4.9515671462100e-04;   -4444470
4.9517668386400e-04;   -4444470
4.9519501596400e-04;   -4444470
4.9521498927300e-04;   -4444470
4.9523331732900e-04;   -4444470
4.9525328671900e-04;   -4444470
4.9527161884700e-04;   -4444469
4.9529159213700e-04;   -4444469
4.9530992041200e-04;   -4444466
4.9532989340400e-04;   -4444466
4.9534822146500e-04;   -4444463
4.9536819085200e-04;   -4444463
4.9538818821500e-04;   -4444461
4.9540649632100e-04;   -4444461
4.9542648988900e-04;   -4444459
4.9544479392700e-04;   -4444459
4.9546479118900e-04;   -4444459
4.9548309536000e-04;   -4444459
4.9550309263400e-04;   -4444460
4.9552140048900e-04;   -4444460
4.9554139392600e-04;   -4444461
4.9556136339100e-04;   -4444461
4.9557969550100e-04;   -4444464
4.9559966885500e-04;   -4444464
4.9561799688000e-04;   -4444466
4.9563796627900e-04;   -4444466
4.9565629830600e-04;   -4444468
4.9567626773200e-04;   -4444468
4.9569459982800e-04;   -4444470
4.9571457311900e-04;   -4444470
4.9573290105800e-04;   -4444472
4.9575287055800e-04;   -4444472
4.9577286783100e-04;   -4444473
4.9579117601400e-04;   -4444473
4.9581116921400e-04;   -4444474
4.9582947727300e-04;   -4444474
4.9584947052600e-04;   -4444474
4.9586777453300e-04;   -4444474
4.9588777179500e-04;   -4444474
4.9590607986200e-04;   -4444474
4.9592607293500e-04;   -4444472
4.9594604223200e-04;   -4444472
4.9596437446300e-04;   -4444470
4.9598434375200e-04;   -4444470
4.9600267568800e-04;   -4444467
4.9602264900100e-04;   -4444467
4.9604097706300e-04;   -4444464
4.9606094634100e-04;   -4444464
4.9607927851200e-04;   -4444462
4.9609925178100e-04;   -4444462
4.9611757984400e-04;   -4444459
4.9613754927100e-04;   -4444459
4.9615754670000e-04;   -4444458
4.9617585079400e-04;   -4444458
4.9619584794400e-04;   -4444456
4.9621415618000e-04;   -4444456
4.9623414954400e-04;   -4444456
4.9625245359200e-04;   -4444456
4.9627245081700e-04;   -4444456
4.9629075890600e-04;   -4444456
4.9631075229400e-04;   -4444456
4.9632906040800e-04;   -4444456
4.9634905360600e-04;   -4444456
4.9636902296900e-04;   -4444456
4.9638735498300e-04;   -4444457
4.9640732835200e-04;   -4444457
4.9642565635700e-04;   -4444458
4.9644562557300e-04;   -4444458
4.9646395756000e-04;   -4444460
4.9648392694100e-04;   -4444460
4.9650225888100e-04;   -4444464
4.9652223236000e-04;   -4444464
4.9654056046400e-04;   -4444467
4.9656052970500e-04;   -4444467
4.9658052710900e-04;   -4444470
4.9659883503600e-04;   -4444470
4.9661882832700e-04;   -4444473
4.9663713247600e-04;   -4444473
4.9665712985400e-04;   -4444476
4.9667543397400e-04;   -4444476
4.9669543142000e-04;   -4444478
4.9671373946200e-04;   -4444478
4.9673373301700e-04;   -4444478
4.9675370220200e-04;   -4444478
4.9677203426500e-04;   -4444478
4.9679200762200e-04;   -4444478
4.9681033558200e-04;   -4444477
4.9683030887300e-04;   -4444477
4.9684863710200e-04;   -4444476
4.9686860633100e-04;   -4444476
4.9688693829600e-04;   -4444475
4.9690691170900e-04;   -4444475
4.9692523970200e-04;   -4444475
4.9694520894800e-04;   -4444475
4.9696520634400e-04;   -4444477
4.9698351023300e-04;   -4444477
4.9700350768800e-04;   -4444479
4.9702181578300e-04;   -4444479
4.9704180917800e-04;   -4444482
4.9706011315900e-04;   -4444482
4.9708011073700e-04;   -4444485
4.9709841901900e-04;   -4444485
4.9711841237700e-04;   -4444487
4.9713838170700e-04;   -4444487
4.9715671377500e-04;   -4444488
4.9717668308400e-04;   -4444488
4.9719501488500e-04;   -4444489
4.9721498847300e-04;   -4444489
4.9723331652800e-04;   -4444490
4.9725328585700e-04;   -4444490
4.9727161798300e-04;   -4444490
4.9729159126200e-04;   -4444490
4.9730991941600e-04;   -4444489
4.9732989273400e-04;   -4444489
4.9734822069700e-04;   -4444488
4.9736819024300e-04;   -4444488
4.9738818754100e-04;   -4444487
4.9740649571900e-04;   -4444487
4.9742648913300e-04;   -4444486
4.9744479307900e-04;   -4444486
4.9746479036200e-04;   -4444486
4.9748309454700e-04;   -4444486
4.9750309193100e-04;   -4444486
4.9752139982600e-04;   -4444486
4.9754139305000e-04;   -4444487
4.9756136247200e-04;   -4444487
4.9757969454700e-04;   -4444488
4.9759966790200e-04;   -4444488
4.9761799591700e-04;   -4444489
4.9763796517100e-04;   -4444489
4.9765629725200e-04;   -4444490
4.9767626657100e-04;   -4444490
4.9769459867300e-04;   -4444490
4.9771457185700e-04;   -4444490
4.9773290005100e-04;   -4444489
4.9775286924400e-04;   -4444489
4.9777286662600e-04;   -4444487
4.9779117477300e-04;   -4444487
4.9781116814300e-04;   -4444484
4.9782947627000e-04;   -4444484
4.9784946975100e-04;   -4444482
4.9786777370900e-04;   -4444482
4.9788777098500e-04;   -4444481
4.9790607917200e-04;   -4444481
4.9792607244100e-04;   -4444480
4.9794604172500e-04;   -4444480
4.9796437386900e-04;   -4444481
4.9798434309200e-04;   -4444481
4.9800267515000e-04;   -4444483
4.9802264855600e-04;   -4444483
4.9804097670000e-04;   -4444485
4.9806094622000e-04;   -4444485
4.9807927825000e-04;   -4444487
4.9809925159000e-04;   -4444487
4.9811757966400e-04;   -4444489
4.9813754891700e-04;   -4444489
4.9815754609600e-04;   -4444490
4.9817585017700e-04;   -4444490
4.9819584745100e-04;   -4444491
4.9821415546800e-04;   -4444491
4.9823414901700e-04;   -4444491
4.9825245318700e-04;   -4444491
4.9827245054600e-04;   -4444491
4.9829075856900e-04;   -4444491
4.9831075202200e-04;   -4444491
4.9832906004700e-04;   -4444491
4.9834905321500e-04;   -4444489
4.9836902271300e-04;   -4444489
4.9838735475900e-04;   -4444488
4.9840732803300e-04;   -4444488
4.9842565622500e-04;   -4444487
4.9844562567200e-04;   -4444487
4.9846395771700e-04;   -4444486
4.9848392704900e-04;   -4444486
4.9850225918300e-04;   -4444487
4.9852223249600e-04;   -4444487
4.9854056044600e-04;   -4444488
4.9856052977000e-04;   -4444488
4.9858052696300e-04;   -4444489
4.9859883505700e-04;   -4444489
4.9861882852500e-04;   -4444490
4.9863713257600e-04;   -4444490
4.9865712986000e-04;   -4444490
4.9867543402400e-04;   -4444490
4.9869543148200e-04;   -4444490
4.9871373951900e-04;   -4444490
4.9873373289000e-04;   -4444489
4.9875370227400e-04;   -4444489
4.9877203428000e-04;   -4444487
4.9879200751700e-04;   -4444487
4.9881033547800e-04;   -4444485
4.9883030897600e-04;   -4444485
4.9884863696700e-04;   -4444483
4.9886860635800e-04;   -4444483
4.9888693848900e-04;   -4444481
4.9890691170100e-04;   -4444481
4.9892523977700e-04;   -4444481
4.9894520905300e-04;   -4444481
4.9896520644600e-04;   -4444481
4.9898351054900e-04;   -4444481
4.9900350791200e-04;   -4444483
4.9902181584100e-04;   -4444483
4.9904180918500e-04;   -4444485
4.9906011320900e-04;   -4444485
4.9908011058900e-04;   -4444488
4.9909841871800e-04;   -4444488
4.9911841203200e-04;   -4444489
4.9913838154700e-04;   -4444489
4.9915671350300e-04;   -4444491
4.9917668281600e-04;   -4444491
4.9919501486400e-04;   -4444491
4.9921498821800e-04;   -4444491
4.9923331640900e-04;   -4444492
4.9925328571800e-04;   -4444492
4.9927161792100e-04;   -4444492
4.9929159120100e-04;   -4444492
4.9930991932700e-04;   -4444492
4.9932989263400e-04;   -4444492
4.9934822058500e-04;   -4444492
4.9936819000800e-04;   -4444492
4.9938818743300e-04;   -4444493
4.9940649547000e-04;   -4444493
4.9942648886700e-04;   -4444495
4.9944479299500e-04;   -4444495
4.9946479034200e-04;   -4444497
4.9948309440400e-04;   -4444497
4.9950309174800e-04;   -4444500
4.9952139987000e-04;   -4444500
4.9954139338900e-04;   -4444502
4.9956136274500e-04;   -4444502
4.9957969487800e-04;   -4444504
4.9959966814900e-04;   -4444504
4.9961799619400e-04;   -4444506
4.9963796569900e-04;   -4444506
4.9965629783900e-04;   -4444506
4.9967626711200e-04;   -4444506
4.9969459916100e-04;   -4444506
4.9971457253500e-04;   -4444506
4.9973290071000e-04;   -4444505
4.9975286990800e-04;   -4444505
4.9977286720300e-04;   -4444504
4.9979117536000e-04;   -4444504
4.9981116875100e-04;   -4444502
4.9982947692500e-04;   -4444502
4.9984947030900e-04;   -4444499
4.9986777432700e-04;   -4444499
4.9988777187900e-04;   -4444497
4.9990607988300e-04;   -4444497
4.9992607329700e-04;   -4444495
4.9994604257800e-04;   -4444495
4.9996437465900e-04;   -4444493
4.9998434398100e-04;   -4444493
5.0000267609600e-04;   -4444493
5.0002264955500e-04;   -4444493
5.0004097760700e-04;   -4444493
5.0006094694200e-04;   -4444493
5.0007927892500e-04;   -4444494
5.0009925228100e-04;   -4444494
5.0011758011700e-04;   -4444494
5.0013754960100e-04;   -4444494
5.0015754694100e-04;   -4444494
5.0017585090100e-04;   -4444494
5.0019584814600e-04;   -4444493
5.0021415626700e-04;   -4444493
5.0023414968000e-04;   -4444492
5.0025245382500e-04;   -4444492
5.0027245125000e-04;   -4444490
5.0029075947100e-04;   -4444490
5.0031075281900e-04;   -4444487
5.0032906099400e-04;   -4444487
5.0034905424200e-04;   -4444484
5.0036902376800e-04;   -4444484
5.0038735573700e-04;   -4444483
5.0040732913800e-04;   -4444483
5.0042565718800e-04;   -4444482
5.0044562660900e-04;   -4444482
5.0046395861800e-04;   -4444483
5.0048392802400e-04;   -4444483
5.0050226013900e-04;   -4444484
5.0052223344400e-04;   -4444484
5.0054056153600e-04;   -4444487
5.0056053054800e-04;   -4444487
5.0058052804800e-04;   -4444489
5.0059883608000e-04;   -4444489
5.0061882946400e-04;   -4444490
5.0063713365200e-04;   -4444490
5.0065713107400e-04;   -4444492
5.0067543511200e-04;   -4444492
5.0069543241500e-04;   -4444492
5.0071374040200e-04;   -4444492
5.0073373377500e-04;   -4444492
5.0075370314800e-04;   -4444492
5.0077203520700e-04;   -4444490
5.0079200859900e-04;   -4444490
5.0081033659400e-04;   -4444487
5.0083030998100e-04;   -4444487
5.0084863820500e-04;   -4444483
5.0086860716900e-04;   -4444483
5.0088693922200e-04;   -4444478
5.0090691256800e-04;   -4444478
5.0092524070900e-04;   -4444473
5.0094520996900e-04;   -4444473
5.0096520740400e-04;   -4444469
5.0098351147900e-04;   -4444469
5.0100350901700e-04;   -4444466
5.0102181700900e-04;   -4444466
5.0104181041900e-04;   -4444464
5.0106011448800e-04;   -4444464
5.0108011169600e-04;   -4444463
5.0109841992000e-04;   -4444463
5.0111841315500e-04;   -4444462
5.0113838265300e-04;   -4444462
5.0115671478800e-04;   -4444463
5.0117668418600e-04;   -4444463
5.0119501630400e-04;   -4444463
5.0121498951600e-04;   -4444463
5.0123331760200e-04;   -4444463
5.0125328701700e-04;   -4444463
5.0127161908900e-04;   -4444462
5.0129159242000e-04;   -4444462
5.0130992048600e-04;   -4444461
5.0132989376200e-04;   -4444461
5.0134822180900e-04;   -4444458
5.0136819121600e-04;   -4444458
5.0138818861000e-04;   -4444454
5.0140649665200e-04;   -4444454
5.0142648981900e-04;   -4444451
5.0144479386900e-04;   -4444451
5.0146479129300e-04;   -4444449
5.0148309529100e-04;   -4444449
5.0150309267700e-04;   -4444448
5.0152140076100e-04;   -4444448
5.0154139412800e-04;   -4444448
5.0156136329800e-04;   -4444448
5.0157969535300e-04;   -4444450
5.0159966875300e-04;   -4444450
5.0161799691200e-04;   -4444451
5.0163796626100e-04;   -4444451
5.0165629826600e-04;   -4444454
5.0167626764600e-04;   -4444454
5.0169459967200e-04;   -4444456
5.0171457301500e-04;   -4444456
5.0173290102500e-04;   -4444457
5.0175287052400e-04;   -4444457
5.0177286778600e-04;   -4444458
5.0179117607000e-04;   -4444458
5.0181116941000e-04;   -4444458
5.0182947740100e-04;   -4444458
5.0184947092700e-04;   -4444459
5.0186777479900e-04;   -4444459
5.0188777213600e-04;   -4444460
5.0190608014400e-04;   -4444460
5.0192607349900e-04;   -4444463
5.0194604293600e-04;   -4444463
5.0196437498100e-04;   -4444466
5.0198434422900e-04;   -4444466
5.0200267620200e-04;   -4444470
5.0202264956500e-04;   -4444470
5.0204097768900e-04;   -4444474
5.0206094702800e-04;   -4444474
5.0207927908400e-04;   -4444478
5.0209925227700e-04;   -4444478
5.0211758041100e-04;   -4444481
5.0213754994400e-04;   -4444481
5.0215754733300e-04;   -4444484
5.0217585141000e-04;   -4444484
5.0219584879000e-04;   -4444486
5.0221415689100e-04;   -4444486
5.0223415036300e-04;   -4444487
5.0225245439000e-04;   -4444487
5.0227245177600e-04;   -4444486
5.0229075984400e-04;   -4444486
5.0231075308800e-04;   -4444483
5.0232906117400e-04;   -4444483
5.0234905448100e-04;   -4444479
5.0236902370900e-04;   -4444479
5.0238735598700e-04;   -4444474
5.0240732938500e-04;   -4444474
5.0242565740600e-04;   -4444469
5.0244562683700e-04;   -4444469
5.0246395889100e-04;   -4444465
5.0248392846900e-04;   -4444465
5.0250226062400e-04;   -4444463
5.0252223392300e-04;   -4444463
5.0254056192400e-04;   -4444461
5.0256053136300e-04;   -4444461
5.0258052867300e-04;   -4444461
5.0259883676800e-04;   -4444461
5.0261883006100e-04;   -4444461
5.0263713422000e-04;   -4444461
5.0265713147800e-04;   -4444462
5.0267543560700e-04;   -4444462
5.0269543294800e-04;   -4444463
5.0271374088700e-04;   -4444463
5.0273373443900e-04;   -4444464
5.0275370372200e-04;   -4444464
5.0277203576000e-04;   -4444464
5.0279200931000e-04;   -4444464
5.0281033738400e-04;   -4444462
5.0283031075200e-04;   -4444462
5.0284863884200e-04;   -4444460
5.0286860825900e-04;   -4444460
5.0288694029700e-04;   -4444458
5.0290691360000e-04;   -4444458
5.0292524163100e-04;   -4444455
5.0294521089200e-04;   -4444455
5.0296520835100e-04;   -4444452
5.0298351237800e-04;   -4444452
5.0300350966600e-04;   -4444449
5.0302181767500e-04;   -4444449
5.0304181130000e-04;   -4444447
5.0306011518900e-04;   -4444447
5.0308011262500e-04;   -4444445
5.0309842041700e-04;   -4444445
5.0311841384300e-04;   -4444444
5.0313838307100e-04;   -4444444
5.0315671509100e-04;   -4444443
5.0317668447700e-04;   -4444443
5.0319501648200e-04;   -4444443
5.0321498981000e-04;   -4444443
5.0323331793300e-04;   -4444443
5.0325328722300e-04;   -4444443
5.0327161919300e-04;   -4444443
5.0329159256800e-04;   -4444443
5.0330992054900e-04;   -4444443
5.0332989404900e-04;   -4444443
5.0334822207400e-04;   -4444441
5.0336819126900e-04;   -4444441
5.0338818855400e-04;   -4444437
5.0340649677500e-04;   -4444437
5.0342648997900e-04;   -4444433
5.0344479401500e-04;   -4444433
5.0346479135900e-04;   -4444430
5.0348309522600e-04;   -4444430
5.0350309261100e-04;   -4444428
5.0352140092100e-04;   -4444428
5.0354139431900e-04;   -4444428
5.0356136368700e-04;   -4444428
5.0357969568300e-04;   -4444428
5.0359966899500e-04;   -4444428
5.0361799725200e-04;   -4444430
5.0363796649900e-04;   -4444430
5.0365629862400e-04;   -4444432
5.0367626801400e-04;   -4444432
5.0369459998800e-04;   -4444435
5.0371457335900e-04;   -4444435
5.0373290126000e-04;   -4444437
5.0375287049900e-04;   -4444437
5.0377286778100e-04;   -4444439
5.0379117567800e-04;   -4444439
5.0381116887000e-04;   -4444440
5.0382947698100e-04;   -4444440
5.0384947034300e-04;   -4444441
5.0386777438700e-04;   -4444441
5.0388777176500e-04;   -4444441
5.0390607971300e-04;   -4444441
5.0392607319200e-04;   -4444442
5.0394604237700e-04;   -4444442
5.0396437433700e-04;   -4444445
5.0398434362800e-04;   -4444445
5.0400267556700e-04;   -4444448
5.0402264883600e-04;   -4444448
5.0404097703200e-04;   -4444452
5.0406094638200e-04;   -4444452
5.0407927845800e-04;   -4444456
5.0409925177600e-04;   -4444456
5.0411757989700e-04;   -4444460
5.0413754916200e-04;   -4444460
5.0415754655600e-04;   -4444464
5.0417585061100e-04;   -4444464
5.0419584792100e-04;   -4444467
5.0421415596600e-04;   -4444467
5.0423414917900e-04;   -4444469
5.0425245327100e-04;   -4444469
5.0427245047600e-04;   -4444470
5.0429075848900e-04;   -4444470
5.0431075189000e-04;   -4444470
5.0432905995400e-04;   -4444470
5.0434905321600e-04;   -4444470
5.0436902269200e-04;   -4444470
5.0438735477300e-04;   -4444471
5.0440732802100e-04;   -4444471
5.0442565604800e-04;   -4444472
5.0444562538200e-04;   -4444472
5.0446395740400e-04;   -4444475
5.0448392666300e-04;   -4444475
5.0450225866600e-04;   -4444478
5.0452223207200e-04;   -4444478
5.0454056006500e-04;   -4444481
5.0456052941500e-04;   -4444481
5.0458052692900e-04;   -4444485
5.0459883512400e-04;   -4444485
5.0461882847600e-04;   -4444487
5.0463713264000e-04;   -4444487
5.0465712993200e-04;   -4444489
5.0467543413900e-04;   -4444489
5.0469543163000e-04;   -4444491
5.0471373968000e-04;   -4444491
5.0473373304800e-04;   -4444492
5.0475370252500e-04;   -4444492
5.0477203457700e-04;   -4444492
5.0479200790700e-04;   -4444492
5.0481033593300e-04;   -4444492
5.0483030923100e-04;   -4444492
5.0484863728700e-04;   -4444491
5.0486860637200e-04;   -4444491
5.0488693847900e-04;   -4444490
5.0490691197100e-04;   -4444490
5.0492524013300e-04;   -4444489
5.0494520928200e-04;   -4444489
5.0496520654300e-04;   -4444489
5.0498351053400e-04;   -4444489
5.0500350797200e-04;   -4444490
5.0502181610900e-04;   -4444490
5.0504180926100e-04;   -4444491
5.0506011322300e-04;   -4444491
5.0508011071300e-04;   -4444492
5.0509841865300e-04;   -4444492
5.0511841194300e-04;   -4444493
5.0513838131200e-04;   -4444493
5.0515671318400e-04;   -4444493
5.0517668262500e-04;   -4444493
5.0519501474100e-04;   -4444494
5.0521498814300e-04;   -4444494
5.0523331627400e-04;   -4444496
5.0525328550400e-04;   -4444496
5.0527161767600e-04;   -4444498
5.0529159102300e-04;   -4444498
5.0530991930000e-04;   -4444501
5.0532989277200e-04;   -4444501
5.0534822074700e-04;   -4444504
5.0536819014700e-04;   -4444504
5.0538818742500e-04;   -4444507
5.0540649545700e-04;   -4444507
5.0542648886700e-04;   -4444510
5.0544479291100e-04;   -4444510
5.0546479045800e-04;   -4444513
5.0548309442400e-04;   -4444513
5.0550309177900e-04;   -4444516
5.0552140008300e-04;   -4444516
5.0554139319000e-04;   -4444519
5.0556136249500e-04;   -4444519
5.0557969456900e-04;   -4444521
5.0559966805200e-04;   -4444521
5.0561799612000e-04;   -4444522
5.0563796546200e-04;   -4444522
5.0565629755200e-04;   -4444521
5.0567626684400e-04;   -4444521
5.0569459889000e-04;   -4444520
5.0571457202400e-04;   -4444520
5.0573290010500e-04;   -4444518
5.0575286931400e-04;   -4444518
5.0577286672700e-04;   -4444516
5.0579117480100e-04;   -4444516
5.0581116820700e-04;   -4444514
5.0582947639800e-04;   -4444514
5.0584946977500e-04;   -4444513
5.0586777369300e-04;   -4444513
5.0588777118400e-04;   -4444512
5.0590607939500e-04;   -4444512
5.0592607285700e-04;   -4444511
5.0594604224200e-04;   -4444511
5.0596437424500e-04;   -4444512
5.0598434374500e-04;   -4444512
5.0600267584300e-04;   -4444513
5.0602264910800e-04;   -4444513
5.0604097715000e-04;   -4444514
5.0606094649200e-04;   -4444514
5.0607927855800e-04;   -4444515
5.0609925173400e-04;   -4444515
5.0611757966700e-04;   -4444515
5.0613754909300e-04;   -4444515
5.0615754624000e-04;   -4444514
5.0617585037900e-04;   -4444514
5.0619584775900e-04;   -4444513
5.0621415583600e-04;   -4444513
5.0623414901800e-04;   -4444511
5.0625245308500e-04;   -4444511
5.0627245053400e-04;   -4444507
5.0629075872800e-04;   -4444507
5.0631075212000e-04;   -4444502
5.0632906015000e-04;   -4444502
5.0634905345400e-04;   -4444497
5.0636902283700e-04;   -4444497
5.0638735481300e-04;   -4444491
5.0640732820300e-04;   -4444491
5.0642565624800e-04;   -4444487
5.0644562552100e-04;   -4444487
5.0646395752100e-04;   -4444484
5.0648392686700e-04;   -4444484
5.0650225894300e-04;   -4444483
5.0652223234500e-04;   -4444483
5.0654056037000e-04;   -4444482
5.0656052983600e-04;   -4444482
5.0658052721700e-04;   -4444482
5.0659883527200e-04;   -4444482
5.0661882867600e-04;   -4444483
5.0663713277200e-04;   -4444483
